10 8
42 9
55 10
110 11
136 4
138 5
139 6
142 7
151 12
159 13
234 32
276 46
292 77
305 79
352 81
401 82
437 58
445 122
456 123
497 62
691 27
705 127
717 112
730 0
731 63
736 128
744 132
804 28
805 29
806 30
809 31
819 52
879 90
942 133
966 134
1027 135
1037 136
1061 140
1076 165
1083 47
1084 49
1085 51
1086 76
1088 53
1103 78
1117 170
1134 171
1211 33
1242 183
1244 144
1261 80
1267 18
1289 189
1314 190
1315 45
1330 57
1349 199
1367 152
1381 202
1389 143
1486 83
1487 120
1490 121
1516 208
1540 219
1548 220
1625 224
1634 225
1647 172
1659 124
1690 91
1701 226
1714 160
1741 19
1767 227
1811 229
1830 173
1843 230
1846 221
1852 231
1859 237
1884 68
1888 238
1961 34
2009 239
2022 158
2033 240
2052 72
2061 244
2063 245
2076 42
2106 14
2108 15
2109 16
2110 17
2111 26
2116 246
2140 125
2141 126
2174 222
2182 111
2223 247
2232 130
2233 131
2235 54
2268 85
2270 248
2275 20
2280 252
2326 254
2344 60
2399 256
2434 105
2448 257
2512 258
2527 259
2550 161
2552 260
2570 215
2578 35
2651 264
2701 36
2718 266
2745 55
2747 275
2796 156
2874 137
2875 92
2878 138
2879 139
2890 159
2891 164
2892 59
2916 73
2918 74
2920 75
2921 50
2927 223
2934 174
2936 166
3034 167
3037 168
3039 169
3070 213
3083 216
3099 276
3130 70
3165 69
3215 179
3216 180
3218 181
3219 182
3244 184
3248 185
3249 188
3251 279
3257 95
3294 37
3295 38
3296 39
3329 56
3358 191
3359 192
3360 197
3362 198
3376 281
3402 147
3405 148
3406 151
3431 200
3432 201
3492 283
3519 40
3521 41
3523 44
3524 141
3526 142
3542 286
3605 120
3608 119
3653 207
3669 287
3674 99
3677 288
3687 289
3688 290
3720 217
3721 218
3758 291
3769 294
3772 251
3785 71
3829 93
3830 61
3890 89
3913 320
3987 97
4024 321
4059 228
4102 236
4112 209
4113 157
4115 94
4121 66
4124 67
4141 322
4150 343
4194 98
4240 175
4242 176
4297 344
4315 346
4321 347
4335 348
4357 21
4358 22
4359 129
4360 23
4430 352
4433 24
4434 25
4500 241
4501 242
4502 243
4509 349
4569 354
4578 84
4599 203
4620 373
4640 253
4657 375
4689 327
4694 1
4724 300
4738 255
4746 376
4753 87
4819 100
4829 381
4863 285
4865 385
5034 261
5035 262
5037 263
5038 214
5060 387
5070 265
5098 267
5099 268
5100 269
5101 270
5102 271
5103 272
5104 273
5105 274
5128 391
5134 345
5144 393
5159 153
5160 154
5162 155
5222 396
5245 162
5246 163
5255 120
5258 355
5274 249
5349 403
5352 404
5391 277
5445 177
5498 250
5512 405
5531 406
5543 359
5555 278
5560 120
5600 407
5611 178
5647 408
5648 193
5650 194
5652 195
5653 196
5677 280
5683 412
5699 149
5700 150
5710 415
5721 416
5744 435
5759 210
5784 282
5795 48
5812 436
5817 417
5833 43
5845 116
5846 117
5847 118
5857 437
5878 438
5895 205
5896 206
5897 451
5900 465
5946 293
5972 468
6088 474
6096 377
6106 88
6154 335
6189 96
6217 301
6287 232
6288 233
6289 234
6291 235
6318 374
6321 64
6322 65
6338 476
6344 483
6345 324
6346 341
6347 342
6531 484
6535 490
6553 350
6554 351
6562 120
6638 491
6670 353
6691 461
6704 356
6705 357
6706 358
6707 370
6708 371
6709 372
6719 102
6720 103
6721 104
6723 110
6727 492
6748 500
6758 446
6769 186
6801 502
6826 506
6844 378
6845 379
6846 380
6860 452
6873 284
6874 382
6875 384
6942 509
6960 386
6987 361
6997 388
6998 390
7011 326
7012 392
7019 401
7024 479
7086 439
7093 394
7094 395
7114 114
7115 115
7126 299
7161 519
7163 402
7201 303
7282 480
7333 418
7374 520
7376 409
7377 410
7378 411
7394 414
7403 424
7407 425
7408 434
7427 521
7497 204
7498 462
7500 463
7501 464
7536 292
7543 427
7547 522
7548 187
7549 420
7550 466
7552 467
7595 526
7607 470
7608 473
7643 365
7661 332
7663 333
7664 334
7697 421
7706 295
7724 528
7775 533
7779 440
7785 475
7789 477
7790 478
7791 481
7792 482
7793 323
7794 340
7830 535
7837 541
7847 542
7887 302
7888 489
7904 113
7925 510
7953 544
7955 459
7958 460
7965 360
7966 369
7971 101
7975 106
7976 107
7977 108
7978 109
7986 493
7987 494
7988 495
7989 498
7990 499
8015 211
8016 501
8030 505
8074 383
8097 546
8122 389
8144 330
8154 549
8227 550
8236 296
8237 297
8238 298
8253 2
8257 511
8258 518
8343 212
8351 444
8373 422
8374 423
8375 514
8383 413
8387 426
8388 432
8389 433
8411 485
8471 486
8475 419
8484 430
8494 551
8516 562
8523 469
8524 471
8526 472
8541 523
8542 524
8543 445
8544 525
8546 364
8554 331
8571 397
8580 563
8585 441
8597 527
8624 531
8625 532
8633 325
8634 338
8635 339
8647 573
8655 534
8657 538
8658 539
8659 540
8671 574
8690 487
8691 488
8753 543
8754 456
8755 457
8757 458
8762 368
8772 496
8774 497
8793 512
8800 503
8801 504
8812 575
8846 545
8871 328
8872 329
8873 576
8886 547
8887 548
8920 565
8941 515
8943 517
8958 3
9007 443
9013 513
9023 431
9047 578
9058 579
9069 428
9070 429
9073 582
9091 145
9100 561
9110 559
9115 362
9116 337
9117 363
9131 584
9157 529
9159 530
9165 146
9187 572
9188 536
9190 537
9242 585
9258 453
9286 455
9289 366
9290 367
9330 577
9398 564
9414 516
9512 580
9513 581
9535 552
9537 553
9538 560
9544 557
9546 558
9547 400
9553 336
9563 583
9597 566
9598 567
9599 570
9600 571
9609 454
9706 586
9711 587
9740 588
9816 398
9817 399
9818 554
9819 555
9820 556
9850 568
9852 569
9875 305
9876 306
9877 307
9878 319
9892 592
9924 589
9994 593
10004 594
10008 598
10025 604
10039 591
10062 304
10070 318
10074 607
10116 609
10160 596
10161 597
10169 599
10170 602
10171 603
10181 590
10210 308
10211 309
10212 310
10213 311
10214 312
10215 313
10216 314
10217 315
10218 316
10219 317
10258 608
10260 605
10261 606
10263 612
10270 613
10272 617
10273 621
10285 595
10288 507
10289 508
10291 600
10293 601
10354 610
10355 611
10364 618
10365 619
10366 620
10377 616
10429 633
10441 614
10442 615
10460 637
10461 634
10462 635
10464 636
10472 638
10481 640
10484 641
10506 622
10507 632
10539 643
10554 639
10570 623
10571 624
10572 625
10573 626
10574 629
10575 630
10576 631
10588 644
10600 642
10628 628
10633 442
10654 449
10656 450
10659 627
10684 447
10685 448
10695 645
10700 647
10716 646
10766 655
10784 657
10789 648
10790 653
10791 654
10810 656
10813 649
10814 650
10815 652
10831 651
10834 86
10836 668
10841 667
10845 658
10846 662
10847 663
10849 665
10850 666
10862 659
10863 661
10865 664
10874 671
10875 669
10876 670
10877 660
