0 16
1 16
2 16
3 16
4 15
5 15
6 16
7 16
8 16
9 17
10 18
11 16
12 15
13 16
14 15
15 15
16 15
17 15
18 16
19 15
20 15
21 17
22 19
23 19
24 19
25 19
26 19
27 19
28 19
29 19
30 18
31 18
32 21
33 18
34 17
35 16
36 17
37 15
38 16
39 17
40 17
41 17
42 17
43 17
44 17
45 16
46 16
47 15
48 16
49 17
50 17
51 16
52 15
53 18
54 18
55 17
56 18
57 16
58 16
59 16
60 15
61 17
62 17
63 15
64 15
65 16
66 17
67 17
68 18
69 17
70 18
71 18
72 17
73 15
74 17
75 16
76 16
77 16
78 16
79 17
80 16
81 15
82 16
83 16
84 16
85 16
86 19
87 19
88 16
89 16
90 15
91 17
92 15
93 15
94 16
95 15
96 16
97 21
98 18
99 18
100 18
101 18
102 18
103 17
104 15
105 15
106 15
107 15
108 16
109 18
110 18
111 15
112 19
113 16
114 15
115 15
116 15
117 15
118 15
119 17
120 15
121 15
122 18
123 16
124 16
125 16
126 15
127 17
128 19
129 17
130 17
131 17
132 16
133 16
134 17
135 18
136 15
137 17
138 16
139 15
140 17
141 16
142 16
143 16
144 16
145 16
146 17
147 15
148 15
149 19
150 19
151 18
152 16
153 15
154 23
155 23
156 23
157 23
158 23
159 22
160 22
161 22
162 21
163 18
164 15
165 15
166 15
167 15
168 16
169 22
170 17
171 15
172 16
173 16
174 16
175 21
176 16
177 15
178 17
179 15
180 15
181 16
182 16
183 15
184 16
185 16
186 15
187 15
188 20
189 19
190 19
191 18
192 16
193 16
194 15
195 18
196 15
197 15
198 16
199 15
200 16
201 17
202 17
203 16
204 15
205 16
206 17
207 16
208 15
209 15
210 18
211 15
212 17
213 16
214 15
215 15
216 16
217 16
218 15
219 15
220 22
221 22
222 23
223 22
224 22
225 22
226 21
227 19
228 20
229 21
230 20
231 23
232 23
233 23
234 23
235 23
236 22
237 22
238 21
239 21
240 21
241 21
242 21
243 20
244 20
245 20
246 19
247 19
248 20
249 20
250 19
251 19
252 19
253 19
254 18
255 17
256 17
257 17
258 17
259 17
260 17
261 16
262 15
263 15
264 18
265 17
266 15
267 16
268 15
269 15
270 15
271 17
272 18
273 17
274 17
275 16
276 19
277 19
278 19
279 18
280 18
281 19
282 19
283 19
284 19
285 19
286 18
287 17
288 15
289 17
290 16
291 17
292 17
293 19
294 18
295 18
296 18
297 19
298 19
299 18
300 19
301 19
302 19
303 19
304 19
305 19
306 18
307 17
308 17
309 16
310 16
311 16
312 15
313 16
314 16
315 16
316 16
317 16
318 15
319 15
320 15
321 15
322 21
323 16
324 15
325 17
326 16
327 15
328 15
329 15
330 15
331 16
332 15
333 15
334 15
335 15
336 15
337 15
338 15
339 18
340 17
341 16
342 16
343 17
344 16
345 16
346 15
347 15
348 15
349 22
350 22
351 22
352 22
353 21
354 16
355 16
356 16
357 16
358 15
359 17
360 17
361 16
362 18
363 18
364 18
365 19
366 18
367 18
368 17
369 17
370 17
371 17
372 16
373 17
374 17
375 17
376 16
377 15
378 18
379 15
380 15
381 15
382 15
383 16
384 16
385 15
386 22
387 16
388 16
389 15
390 15
391 17
392 15
393 15
394 15
395 15
396 15
397 15
398 15
399 15
400 15
401 15
402 17
403 17
404 17
405 17
406 16
407 17
408 18
409 17
410 17
411 16
412 16
413 15
414 15
415 19
416 18
417 18
418 18
419 18
420 17
421 19
422 19
423 19
424 18
425 19
426 20
427 20
428 20
429 20
430 20
431 21
432 21
433 21
434 20
435 20
436 19
437 19
438 19
439 18
440 18
441 18
442 17
443 17
444 17
445 18
446 17
447 17
448 17
449 16
450 15
451 15
452 15
453 18
454 17
455 16
456 15
457 15
458 15
459 15
460 15
461 15
462 15
463 21
464 16
465 17
466 21
467 20
468 17
469 17
470 17
471 17
472 16
473 15
474 16
475 16
476 16
477 16
478 15
479 18
480 18
481 17
482 18
483 18
484 18
485 17
486 17
487 17
488 16
489 16
490 16
491 15
492 15
493 16
494 15
495 16
496 17
497 17
498 17
499 17
500 16
501 15
502 15
503 15
504 16
505 15
506 15
507 15
508 15
509 16
510 15
511 16
512 15
513 17
514 17
515 17
516 17
517 16
518 17
519 17
520 16
521 16
522 16
523 15
524 16
525 16
526 15
527 16
528 16
529 16
530 18
531 17
532 16
533 15
534 15
535 15
536 18
537 17
538 17
539 17
540 17
541 16
542 17
543 16
544 15
545 15
546 15
547 15
548 15
549 15
550 15
551 15
552 15
553 15
554 15
555 15
556 17
557 15
558 17
559 16
560 15
561 16
562 15
563 15
564 15
565 15
566 15
567 16
568 18
569 16
570 15
571 15
572 17
573 16
574 15
575 23
576 23
577 22
578 22
579 21
580 21
581 22
582 22
583 22
584 21
585 21
586 20
587 20
588 20
589 20
590 19
591 18
592 17
593 17
594 18
595 18
596 19
597 18
598 19
599 19
600 19
601 19
602 18
603 18
604 17
605 17
606 17
607 16
608 15
609 15
610 16
611 18
612 18
613 18
614 17
615 16
616 15
617 16
618 16
619 15
620 15
621 15
622 15
623 15
624 17
625 16
626 16
627 16
628 15
629 16
630 16
631 16
632 15
633 16
634 16
635 15
636 15
637 15
638 16
639 16
640 15
641 16
642 17
643 17
644 18
645 17
646 17
647 17
648 16
649 18
650 16
651 16
652 16
653 16
654 15
655 16
656 16
657 15
658 15
659 15
660 15
661 15
662 15
663 15
664 15
665 15
666 15
667 15
668 17
669 15
670 16
671 15
672 15
673 15
674 15
675 15
676 18
677 18
678 18
679 18
680 17
681 15
682 15
683 15
684 15
685 15
686 15
687 17
688 17
689 16
690 15
691 15
692 15
693 15
694 15
695 15
696 15
697 17
698 21
699 16
700 15
701 15
702 16
703 16
704 16
705 16
706 15
707 15
708 19
709 16
710 15
711 16
712 16
713 16
714 15
715 15
716 15
717 15
718 15
719 18
720 18
721 18
722 18
723 18
724 18
725 18
726 18
727 17
728 15
729 16
730 15
731 17
732 15
733 15
734 15
735 15
736 15
737 15
738 15
739 16
740 17
741 18
742 18
743 17
744 17
745 18
746 17
747 17
748 16
749 16
750 16
751 15
752 18
753 17
754 17
755 16
756 16
757 15
758 15
759 15
760 15
761 16
762 16
763 15
764 16
765 15
766 15
767 15
768 15
769 15
770 15
771 16
772 16
773 17
774 15
775 15
776 16
777 15
778 15
779 15
780 15
781 15
782 15
783 15
784 15
785 15
786 15
787 15
788 17
789 18
790 19
791 18
792 17
793 17
794 16
795 15
796 15
797 15
798 15
799 16
800 16
801 16
802 16
803 15
804 15
805 15
806 15
807 15
808 16
809 16
810 16
811 15
812 16
813 15
814 15
815 15
816 15
817 16
818 17
819 17
820 17
821 17
822 17
823 16
824 16
825 16
826 16
827 15
828 15
829 15
830 15
831 15
832 16
833 16
834 16
835 15
836 15
837 15
838 15
839 15
840 15
841 15
842 20
843 16
844 15
845 15
846 15
847 15
848 15
849 15
850 15
851 15
852 15
853 15
854 15
855 15
856 15
857 15
858 15
859 16
860 15
861 15
862 15
863 16
864 15
865 15
866 17
867 17
868 17
869 16
870 16
871 16
872 15
873 15
874 15
875 15
876 16
877 16
878 15
879 15
880 15
881 19
882 18
883 17
884 16
885 15
886 15
887 15
888 15
889 15
890 15
891 15
892 15
893 17
894 16
895 15
896 15
897 15
898 15
899 16
900 16
901 15
902 15
903 15
904 16
905 16
906 16
907 19
908 19
909 20
910 20
911 20
912 19
913 18
914 18
915 18
916 17
917 16
918 15
919 15
920 15
921 17
922 15
923 15
924 16
925 15
926 15
927 17
928 18
929 18
930 18
931 17
932 16
933 16
934 15
935 15
936 15
937 15
938 17
939 15
940 16
941 15
942 15
943 15
944 15
945 15
946 15
947 15
948 15
949 15
950 15
951 15
952 15
953 16
954 17
955 17
956 17
957 16
958 16
959 16
960 15
961 15
962 16
963 16
964 15
965 15
966 15
967 16
968 16
969 15
970 15
971 17
972 17
973 17
974 16
975 15
976 15
977 15
978 16
979 15
980 15
981 15
982 15
983 15
984 15
985 15
986 15
987 15
988 15
989 15
990 15
991 15
992 16
993 15
994 17
995 16
996 15
997 15
998 15
999 15
1000 15
1001 15
1002 15
1003 15
1004 15
1005 16
1006 17
1007 16
1008 15
1009 16
1010 18
1011 19
1012 18
1013 18
1014 17
1015 17
1016 17
1017 16
1018 15
1019 15
1020 17
1021 15
1022 15
1023 15
1024 15
1025 15
1026 15
1027 15
1028 15
1029 15
1030 15
1031 15
1032 15
1033 15
1034 15
1035 15
1036 15
1037 15
1038 15
1039 15
1040 15
1041 15
1042 16
1043 15
1044 20
1045 20
1046 20
1047 20
1048 19
1049 21
1050 20
1051 19
1052 19
1053 18
1054 18
1055 18
1056 18
1057 17
1058 15
1059 15
1060 15
1061 15
1062 16
1063 15
1064 15
1065 15
1066 15
1067 15
1068 15
1069 15
1070 15
1071 15
1072 16
1073 16
1074 15
1075 15
1076 15
1077 15
1078 15
1079 15
1080 15
1081 15
1082 15
1083 15
1084 15
1085 15
1086 15
1087 16
1088 16
1089 16
1090 16
1091 15
1092 15
1093 15
1094 16
1095 16
1096 16
1097 16
1098 15
1099 15
1100 15
1101 15
1102 15
1103 15
1104 15
1105 15
1106 15
1107 15
1108 15
1109 15
1110 15
1111 15
1112 15
1113 15
1114 15
1115 15
1116 16
1117 16
1118 16
1119 15
1120 15
1121 15
1122 15
1123 15
1124 15
1125 16
1126 16
1127 15
1128 17
1129 15
1130 15
1131 15
1132 15
1133 15
1134 15
1135 15
1136 15
1137 15
1138 15
1139 15
1140 15
1141 16
1142 16
1143 16
1144 15
1145 15
1146 15
1147 15
1148 15
1149 15
1150 15
1151 15
1152 15
1153 15
1154 15
1155 15
1156 15
1157 17
1158 17
1159 16
1160 16
1161 17
1162 16
1163 16
1164 15
1165 15
1166 15
1167 15
1168 15
1169 15
1170 15
1171 15
1172 15
1173 15
1174 16
1175 15
1176 16
1177 15
1178 15
1179 15
1180 15
1181 16
1182 15
1183 15
1184 15
1185 16
1186 15
1187 15
1188 17
1189 16
1190 15
1191 15
1192 15
1193 15
1194 15
1195 15
1196 15
1197 15
1198 16
1199 15
1200 15
1201 15
1202 15
1203 15
1204 15
1205 15
1206 16
1207 16
1208 16
1209 15
1210 15
1211 15
1212 15
1213 15
1214 16
1215 15
1216 15
1217 15
1218 15
1219 15
1220 15
1221 15
1222 15
1223 15
1224 15
1225 15
1226 15
1227 15
1228 15
1229 15
1230 15
1231 15
1232 15
1233 15
1234 15
1235 15
1236 15
1237 15
1238 15
1239 15
1240 15
1241 15
1242 15
1243 15
1244 15
1245 15
1246 17
1247 16
1248 16
1249 15
1250 15
1251 16
1252 16
1253 15
1254 15
1255 16
1256 15
1257 15
1258 15
1259 15
1260 15
1261 15
1262 15
1263 17
1264 17
1265 16
1266 16
1267 16
1268 15
1269 15
1270 15
1271 15
1272 16
1273 16
1274 15
1275 15
1276 16
1277 16
1278 15
1279 15
1280 15
1281 15
1282 15
1283 15
1284 15
1285 15
1286 15
1287 15
1288 15
1289 15
1290 15
1291 15
1292 15
1293 15
1294 15
1295 15
1296 15
1297 15
1298 16
1299 15
1300 15
1301 15
1302 15
1303 15
1304 16
1305 15
1306 15
1307 15
1308 16
1309 16
1310 15
1311 15
1312 15
1313 15
1314 16
1315 16
1316 16
1317 16
1318 15
1319 15
1320 15
1321 16
1322 15
1323 15
1324 15
1325 15
1326 15
1327 15
1328 15
1329 15
1330 15
1331 16
1332 16
1333 16
1334 15
1335 15
1336 15
1337 15
1338 15
1339 15
1340 15
1341 15
1342 14
1343 6
1344 12
1345 11
1346 9
1347 9
1348 9
1349 9
1350 9
1351 8
1352 8
1353 7
1354 7
1355 9
1356 8
1357 8
1358 8
1359 7
1360 6
1361 5
1362 1
1363 3
1364 3
1365 3
1366 3
1367 2
1368 2
1369 2
1370 1
1371 1
1372 3
1373 2
1374 1
1375 2
1376 2
1377 2
1378 1
1379 1
1380 0
1381 5
1382 4
1383 1
1384 1
1385 1
1386 0
1387 3
1388 8
1389 8
1390 7
1391 4
1392 2
1393 3
1394 4
1395 3
1396 3
1397 2
1398 1
1399 1
1400 0
1401 0
1402 2
1403 0
1404 1
1405 10
1406 10
1407 9
1408 2
1409 1
1410 1
1411 1
1412 0
1413 1
1414 3
1415 0
1416 1
1417 5
1418 1
1419 2
1420 2
1421 0
1422 4
1423 1
1424 2
1425 2
1426 1
1427 4
1428 3
1429 3
1430 3
1431 3
1432 2
1433 2
1434 1
1435 0
1436 1
1437 1
1438 1
1439 0
1440 1
1441 0
1442 1
1443 0
1444 2
1445 1
1446 1
1447 0
1448 1
1449 2
1450 1
1451 1
1452 1
1453 0
1454 3
1455 3
1456 2
1457 1
1458 1
1459 0
1460 2
1461 4
1462 3
1463 3
1464 4
1465 4
1466 5
1467 5
1468 4
1469 4
1470 3
1471 3
1472 3
1473 2
1474 1
1475 5
1476 5
1477 5
1478 5
1479 4
1480 4
1481 3
1482 3
1483 2
1484 4
1485 4
1486 4
1487 3
1488 3
1489 3
1490 2
1491 2
1492 3
1493 2
1494 4
1495 4
1496 4
1497 4
1498 4
1499 4
1500 4
1501 4
1502 4
1503 4
1504 3
1505 2
1506 1
1507 11
1508 5
1509 4
1510 0
1511 13
1512 0
1513 4
1514 0
1515 2
1516 3
1517 0
1518 3
1519 3
1520 3
1521 2
1522 1
1523 1
1524 2
1525 3
1526 4
1527 5
1528 5
1529 4
1530 4
1531 4
1532 4
1533 3
1534 2
1535 5
1536 5
1537 6
1538 4
1539 3
1540 3
1541 3
1542 3
1543 3
1544 2
1545 1
1546 2
1547 1
1548 1
1549 0
1550 2
1551 2
1552 1
1553 2
1554 1
1555 1
1556 1
1557 0
1558 5
1559 1
1560 1
1561 0
1562 1
1563 0
1564 0
1565 0
1566 1
1567 7
1568 6
1569 6
1570 5
1571 5
1572 5
1573 4
1574 3
1575 3
1576 4
1577 4
1578 4
1579 4
1580 3
1581 3
1582 2
1583 2
1584 1
1585 0
1586 0
1587 4
1588 11
1589 5
1590 5
1591 4
1592 4
1593 3
1594 2
1595 0
1596 0
1597 1
1598 0
1599 1
1600 0
1601 1
1602 0
1603 5
1604 1
1605 1
1606 1
1607 1
1608 0
1609 3
1610 2
1611 2
1612 1
1613 0
1614 1
1615 1
1616 0
1617 4
1618 4
1619 3
1620 3
1621 3
1622 2
1623 1
1624 6
1625 0
1626 2
1627 0
1628 10
1629 7
1630 1
1631 1
1632 14
1633 2
1634 2
1635 2
1636 1
1637 1
1638 2
1639 2
1640 1
1641 0
1642 0
1643 1
1644 0
1645 1
1646 0
1647 1
1648 1
1649 0
1650 1
1651 2
1652 0
1653 0
1654 2
1655 1
1656 0
1657 1
1658 0
1659 1
1660 1
1661 0
1662 3
1663 0
1664 3
1665 2
1666 2
1667 1
1668 0
1669 1
1670 2
1671 1
1672 0
1673 2
1674 9
1675 0
1676 1
1677 1
1678 0
1679 2
1680 7
1681 2
1682 6
1683 5
1684 1
1685 1
1686 0
1687 3
1688 5
1689 5
1690 4
1691 2
1692 1
1693 5
1694 4
1695 1
1696 1
1697 0
1698 0
1699 1
1700 0
1701 2
1702 3
1703 3
1704 2
1705 1
1706 2
1707 9
1708 0
1709 1
1710 1
1711 0
1712 6
1713 2
1714 0
1715 3
1716 5
1717 5
1718 5
1719 5
1720 4
1721 3
1722 0
1723 0
1724 0
1725 1
1726 2
1727 2
1728 2
1729 2
1730 1
1731 1
1732 0
1733 1
1734 1
1735 13
1736 2
1737 1
1738 0
1739 8
1740 8
1741 8
1742 7
1743 6
1744 4
1745 4
1746 2
1747 0
1748 1
1749 0
1750 2
1751 2
1752 2
1753 2
1754 1
1755 0
1756 2
1757 2
1758 1
1759 2
1760 4
1761 3
1762 1
1763 1
1764 0
1765 1
1766 1
1767 0
1768 0
1769 0
1770 5
1771 1
1772 7
1773 6
1774 5
1775 6
1776 5
1777 7
1778 7
1779 7
1780 7
1781 6
1782 6
1783 6
1784 9
1785 14
1786 15
1787 14
1788 13
1789 12
1790 12
1791 11
1792 11
1793 10
1794 9
1795 9
1796 8
1797 7
1798 8
1799 8
1800 13
1801 13
1802 12
1803 12
1804 12
1805 11
1806 10
1807 11
1808 10
1809 10
1810 9
1811 9
1812 9
1813 10
1814 9
1815 8
1816 7
1817 8
1818 8
1819 8
1820 7
1821 6
1822 5
1823 5
1824 4
1825 0
1826 1
1827 0
1828 1
1829 0
1830 0
1831 1
1832 1
1833 1
1834 0
1835 1
1836 3
1837 3
1838 4
1839 3
1840 2
1841 0
1842 1
1843 1
1844 1
1845 0
1846 0
1847 3
1848 3
1849 2
1850 1
1851 1
1852 1
1853 1
1854 0
1855 1
1856 0
1857 2
1858 3
1859 3
1860 3
1861 7
1862 7
1863 8
1864 8
1865 8
1866 7
1867 7
1868 6
1869 6
1870 5
1871 5
1872 5
1873 4
1874 4
1875 3
1876 4
1877 4
1878 5
1879 4
1880 3
1881 3
1882 2
1883 4
1884 4
1885 6
1886 6
1887 6
1888 6
1889 5
1890 4
1891 5
1892 5
1893 5
1894 6
1895 6
1896 6
1897 5
1898 5
1899 4
1900 3
1901 3
1902 2
1903 1
1904 1
1905 0
1906 0
1907 1
1908 0
1909 1
1910 0
1911 0
1912 3
1913 2
1914 1
1915 0
1916 1
1917 0
1918 2
1919 5
1920 4
1921 1
1922 0
1923 1
1924 2
1925 2
1926 3
1927 1
1928 1
1929 0
1930 1
1931 0
1932 1
1933 1
1934 0
1935 3
1936 2
1937 3
1938 4
1939 3
1940 3
1941 2
1942 2
1943 1
1944 0
1945 1
1946 1
1947 0
1948 1
1949 0
1950 0
1951 4
1952 2
1953 2
1954 1
1955 3
1956 3
1957 2
1958 2
1959 2
1960 7
1961 2
1962 1
1963 0
1964 1
1965 2
1966 4
1967 4
1968 3
1969 2
1970 2
1971 1
1972 1
1973 0
1974 2
1975 2
1976 1
1977 0
1978 1
1979 1
1980 0
1981 5
1982 4
1983 0
1984 0
1985 0
1986 1
1987 0
1988 1
1989 0
1990 1
1991 0
1992 5
1993 2
1994 2
1995 2
1996 1
1997 1
1998 2
1999 2
2000 2
2001 2
2002 1
2003 0
2004 2
2005 2
2006 2
2007 1
2008 0
2009 1
2010 1
2011 1
2012 0
2013 1
2014 1
2015 1
2016 1
2017 0
2018 1
2019 4
2020 1
2021 0
2022 1
2023 0
2024 1
2025 0
2026 3
2027 2
2028 2
2029 1
2030 0
2031 1
2032 1
2033 1
2034 0
2035 0
2036 1
2037 0
2038 2
2039 1
2040 0
2041 3
2042 2
2043 1
2044 4
2045 1
2046 0
2047 0
2048 0
2049 1
2050 1
2051 0
2052 0
2053 0
2054 5
2055 0
2056 1
2057 0
2058 1
2059 2
2060 2
2061 1
2062 3
2063 3
2064 2
2065 1
2066 0
2067 0
2068 3
2069 3
2070 2
2071 2
2072 1
2073 0
2074 0
2075 3
2076 2
2077 1
2078 1
2079 0
2080 0
2081 2
2082 3
2083 3
2084 3
2085 3
2086 3
2087 2
2088 1
2089 0
2090 2
2091 1
2092 0
2093 0
2094 0
2095 1
2096 1
2097 0
2098 1
2099 0
2100 2
2101 2
2102 1
2103 1
2104 0
2105 1
2106 0
2107 0
2108 0
2109 1
2110 3
2111 2
2112 3
2113 2
2114 1
2115 0
2116 4
2117 4
2118 4
2119 3
2120 5
2121 6
2122 5
2123 5
2124 5
2125 5
2126 7
2127 6
2128 5
2129 4
2130 4
2131 4
2132 3
2133 3
2134 3
2135 4
2136 3
2137 2
2138 1
2139 0
2140 1
2141 2
2142 3
2143 4
2144 4
2145 3
2146 3
2147 3
2148 2
2149 2
2150 1
2151 0
2152 1
2153 3
2154 3
2155 4
2156 4
2157 3
2158 2
2159 1
2160 0
2161 1
2162 0
2163 2
2164 3
2165 3
2166 3
2167 2
2168 1
2169 0
2170 5
2171 5
2172 4
2173 0
2174 1
2175 0
2176 2
2177 2
2178 1
2179 1
2180 2
2181 1
2182 0
2183 1
2184 5
2185 4
2186 0
2187 1
2188 0
2189 2
2190 2
2191 2
2192 1
2193 2
2194 1
2195 1
2196 1
2197 0
2198 1
2199 0
2200 1
2201 0
2202 1
2203 0
2204 1
2205 1
2206 0
2207 0
2208 1
2209 1
2210 0
2211 0
2212 1
2213 1
2214 0
2215 0
2216 0
2217 3
2218 2
2219 2
2220 2
2221 1
2222 1
2223 0
2224 2
2225 1
2226 1
2227 0
2228 1
2229 3
2230 4
2231 3
2232 4
2233 3
2234 3
2235 2
2236 1
2237 0
2238 2
2239 1
2240 0
2241 0
2242 3
2243 0
2244 1
2245 3
2246 2
2247 1
2248 1
2249 0
2250 0
2251 1
2252 1
2253 1
2254 0
2255 0
2256 1
2257 0
2258 1
2259 3
2260 3
2261 2
2262 1
2263 0
2264 1
2265 1
2266 1
2267 3
2268 2
2269 1
2270 0
2271 2
2272 1
2273 1
2274 0
2275 0
2276 1
2277 1
2278 0
2279 1
2280 0
2281 1
2282 0
2283 1
2284 1
2285 1
2286 1
2287 1
2288 0
2289 1
2290 0
2291 2
2292 2
2293 1
2294 1
2295 0
2296 0
2297 1
2298 1
2299 1
2300 2
2301 2
2302 1
2303 0
2304 1
2305 1
2306 1
2307 0
2308 2
2309 3
2310 3
2311 5
2312 4
2313 3
2314 2
2315 2
2316 1
2317 1
2318 0
2319 2
2320 1
2321 1
2322 0
2323 2
2324 1
2325 1
2326 0
2327 0
2328 0
2329 0
2330 1
2331 1
2332 0
2333 1
2334 1
2335 1
2336 0
2337 1
2338 0
