19 69
19 70
19 71
19 72
19 73
19 74
19 78
73 188
73 189
73 190
73 191
73 193
73 196
78 490
78 491
78 492
94 307
96 333
96 337
96 338
96 339
96 341
96 342
133 3680
133 4229
133 4231
133 4232
148 531
148 532
148 536
189 675
189 677
189 681
189 682
190 9357
193 700
218 69
218 768
218 769
218 770
218 771
218 773
218 774
238 827
238 829
238 834
238 835
251 859
251 865
328 164
328 342
328 1181
328 1183
328 1185
475 148
475 628
475 987
475 1503
475 1551
475 1552
476 1461
476 1567
531 1673
531 1674
531 1676
531 1678
531 1679
536 337
536 834
562 69
562 70
562 164
562 824
574 5080
574 5082
595 74
595 1853
595 1854
595 1855
597 491
597 700
597 1862
597 1863
597 1865
610 1186
610 1234
610 1885
610 1886
628 322
628 342
628 1926
633 190
633 1945
675 164
675 307
675 2046
675 2047
675 2048
675 2049
768 2291
768 2292
768 2293
774 148
774 628
774 1503
774 1551
774 1552
774 2186
781 449
781 2471
781 2476
827 771
827 2373
829 1090
829 1853
829 6191
829 6192
829 6193
835 190
835 613
835 2388
835 2390
835 2391
847 2388
847 2437
847 2441
847 2442
859 133
859 677
859 2485
865 993
865 1203
865 2260
865 2442
935 1202
935 1886
935 2678
935 2679
935 2682
987 18
987 2117
987 2758
987 2759
987 2760
1019 2762
1019 2797
1019 2799
1019 2800
1058 1842
1058 2863
1058 2868
1058 2869
1183 1090
1185 2272
1185 2560
1185 3105
1185 3106
1185 3107
1186 337
1186 940
1186 2265
1186 3108
1202 2679
1202 3148
1202 3149
1202 3150
1202 3151
1203 71
1203 3137
1203 3138
1234 574
1234 700
1234 1748
1234 3158
1234 3198
1294 940
1294 1234
1294 2441
1294 3027
1294 3265
1294 3266
1294 3267
1334 663
1334 1029
1334 3337
1433 2869
1433 3240
1433 3847
1433 4366
1433 5041
1433 5933
1461 148
1461 987
1461 1503
1461 1551
1461 1552
1461 3576
1503 70
1503 1704
1503 3631
1503 3632
1503 3633
1503 3634
1507 3664
1542 1433
1542 1915
1542 2179
1542 3696
1549 546
1549 3006
1549 3291
1549 3700
1551 1999
1551 2299
1551 3717
1552 1623
1552 2011
1552 3236
1552 3703
1552 3704
1552 3705
1585 781
1585 3741
1585 3743
1585 3744
1586 189
1586 190
1586 193
1586 847
1586 2391
1586 3740
1679 1777
1791 1185
1791 1470
1791 1863
1791 2186
1842 3412
1842 4077
1945 572
1945 675
1945 1090
1945 2485
1945 4077
1945 4205
1984 190
1984 610
1984 633
1984 4257
1984 4258
1993 328
1993 4260
1993 4262
2005 3141
2005 3396
2005 4281
2005 4283
2011 2191
2011 2265
2011 5326
2011 7135
2021 613
2021 4296
2021 4298
2043 148
2043 628
2043 1503
2043 1551
2043 1552
2062 3582
2062 4352
2062 4355
2071 3158
2071 4077
2071 4364
2071 4366
2117 2799
2117 3840
2117 4281
2117 4413
2117 4414
2117 4415
2117 4416
2191 328
2191 395
2191 735
2191 2179
2209 4352
2209 4522
2209 4523
2265 2272
2265 4573
2291 191
2291 610
2291 1694
2291 2391
2291 4603
2292 148
2292 1503
2292 1552
2292 3705
2292 4604
2293 2048
2293 2265
2293 3741
2293 3743
2293 4605
2293 4607
2306 190
2306 2388
2306 2390
2306 4605
2328 3443
2336 1185
2336 3106
2336 3337
2388 628
2388 1503
2390 402
2390 4298
2390 4721
2390 4723
2390 4725
2437 4765
2485 802
2485 2953
2485 6402
2485 6966
2485 6967
2537 633
2537 2901
2537 4077
2537 4319
2537 4914
2559 3631
2559 4937
2559 4938
2560 1790
2560 4932
2560 4933
2560 4934
2560 4935
2560 4936
2645 628
2716 2559
2716 2869
2716 3236
2716 5068
2716 5069
2726 781
2726 2328
2726 2336
2726 4283
2726 5071
2726 5072
2726 5073
2744 4231
2744 4364
2744 4912
2744 5108
2757 2260
2757 4912
2757 5118
2760 5121
2790 74
2790 3803
2790 4927
2790 5138
2790 5140
2797 532
2797 5155
2797 5158
2828 342
2828 4302
2828 5158
2863 53
2863 1748
2863 5215
2863 5230
2869 189
2869 610
2869 3006
2901 140
2901 781
2901 3158
2901 3684
2953 1863
2953 4937
2953 5118
2996 827
2996 2186
2996 5075
3006 1673
3006 1855
3006 5118
3006 5341
3006 5343
3075 546
3075 3141
3075 3664
3075 5392
3075 5393
3075 5394
3075 5395
3122 768
3122 4522
3122 5454
3122 5457
3127 148
3127 781
3127 1551
3127 2191
3127 3744
3141 1294
3158 450
3158 834
3158 3853
3158 5490
3158 5492
3170 1599
3170 1863
3170 5497
3236 2790
3236 4355
3236 4603
3236 5546
3265 333
3265 781
3265 5567
3265 5568
3289 193
3289 610
3289 847
3289 1186
3291 1673
3291 2179
3337 133
3337 148
3337 1185
3337 2265
3380 987
3380 1551
3380 2485
3380 5672
3380 5673
3396 339
3396 4260
3436 735
3436 5073
3436 5732
3436 5734
3443 677
3443 1551
3443 2485
3443 3075
3443 5672
3443 5673
3558 491
3558 2485
3558 4932
3558 5068
3558 5818
3680 834
3680 3396
3680 5194
3680 5919
3684 1503
3684 4257
3698 5118
3698 5343
3698 5935
3705 4497
3705 8156
3740 2117
3740 4706
3740 5957
3740 5959
3743 4061
3743 5965
3773 1090
3773 5223
3773 5765
3773 6002
3773 6003
3773 6004
3856 18
3856 6074
3889 677
3889 1551
3889 2485
3889 3075
3889 5673
3962 190
3962 610
3962 3006
3962 4258
3999 987
3999 1551
3999 2485
3999 5672
3999 5673
4077 935
4077 5233
4077 6262
4077 6263
4205 238
4205 1433
4205 3141
4205 6382
4232 5542
4232 6395
4232 6396
4232 6397
4232 6398
4262 2179
4309 628
4309 1058
4309 2048
4309 2265
4309 3743
4309 4605
4352 574
4352 1777
4355 595
4355 735
4355 6478
4364 1266
4364 2226
4364 4765
4364 5626
4416 1862
4416 3776
4416 4305
4416 6538
4504 628
4504 987
4504 3187
4504 6622
4522 834
4522 6641
4522 6642
4522 6643
4522 6644
4522 6645
4626 3743
4626 4366
4626 5334
4626 5790
4688 133
4688 1058
4688 3075
4688 3744
4688 5673
4691 5832
4708 71
4708 1886
4708 6395
4708 6789
4711 339
4711 5687
4711 9889
4711 9890
4728 482
4728 1676
4765 476
4765 2896
4765 6815
4765 6816
4765 6817
4778 189
4778 191
4778 193
4778 1186
4778 2391
4778 6827
4936 133
4936 1678
4936 2191
4936 3189
4936 4607
4937 133
4937 140
4937 1058
4937 5439
4937 5673
4937 8139
4981 148
4981 628
4981 1551
4981 1552
5003 491
5003 5194
5003 6923
5003 6924
5075 1915
5075 2011
5075 6452
5075 6964
5075 6965
5080 133
5080 677
5080 2485
5080 3187
5082 677
5082 948
5082 987
5082 1551
5082 2485
5082 5673
5087 133
5087 1058
5087 2265
5087 3075
5087 6975
5112 18
5112 6538
5112 6979
5112 6980
5180 196
5180 610
5180 2391
5180 3187
5180 7046
5180 7047
5180 7048
5215 7080
5215 7082
5215 7083
5215 7084
5215 7085
5223 94
5223 1058
5223 2179
5223 2265
5223 3075
5223 3743
5233 987
5233 1551
5233 2485
5233 3518
5233 5439
5233 5672
5233 5673
5282 1203
5282 4691
5282 5542
5282 6395
5282 7123
5341 1183
5341 1599
5341 1949
5341 4077
5341 5687
5341 7162
5440 3856
5440 7015
5440 7245
5497 814
5497 3027
5497 5580
5497 6193
5497 7210
5497 7226
5546 3412
5546 5818
5546 7257
5568 6541
5568 7268
5580 1678
5580 5140
5580 5215
5580 6979
5665 5832
5673 3698
5673 7369
5732 1585
5732 1586
5732 7401
5732 7402
5734 7404
5747 1203
5747 1599
5747 7410
5747 7411
5752 7412
5765 677
5765 1551
5765 2485
5765 3075
5765 5672
5832 1019
5832 2388
5832 2485
5832 2797
5832 5140
5832 7451
5854 4257
5854 7072
5854 7369
5854 7461
5854 7462
5861 663
5861 3856
5861 6382
5861 7015
5908 633
5908 1949
5908 2799
5908 7509
5925 133
5925 1058
5925 1551
5925 3075
5925 3743
5925 5673
5935 133
5935 1058
5935 2265
5935 3010
5935 3743
6002 7579
6126 4728
6126 5233
6126 6789
6126 7640
6161 238
6161 5673
6161 7668
6193 3010
6193 4077
6193 6718
6193 7683
6193 7684
6234 3803
6234 4061
6234 4296
6234 5925
6234 6350
6269 7640
6303 987
6303 1551
6303 5672
6303 5673
6325 7770
6382 7806
6382 7807
6395 4061
6395 7819
6395 7820
6445 1185
6445 1186
6445 7770
6445 7850
6452 3141
6452 5215
6452 5935
6452 7030
6452 7852
6538 7893
6541 993
6643 1058
6643 2048
6643 3743
6643 4605
6677 133
6677 1058
6677 1552
6677 2265
6677 3075
6677 5673
6714 1185
6714 2265
6714 4366
6714 6126
6714 6995
6714 7969
6718 7970
6815 633
6815 2726
6815 3148
6817 8021
6836 73
6836 476
6836 3705
6836 8041
6836 8042
6836 8044
6876 1863
6876 8076
6876 8077
7015 2186
7015 7451
7015 8160
7070 133
7070 987
7070 1551
7070 3743
7083 1090
7083 7156
7083 8001
7083 8197
7085 4281
7085 7509
7095 4711
7095 5548
7095 7451
7137 677
7137 948
7137 987
7137 1551
7137 2485
7137 5673
7137 8006
7149 402
7149 7882
7149 8077
7164 1433
7164 4728
7164 5215
7164 5861
7164 8260
7164 8261
7164 8262
7342 18
7342 1790
7342 2226
7342 6215
7342 8352
7369 735
7369 1777
7369 3010
7369 4711
7401 4031
7401 4936
7401 8379
7401 8380
7401 8382
7404 562
7405 1185
7405 2828
7405 3865
7405 6065
7405 8384
7410 94
7410 8391
7410 8392
7412 491
7412 2062
7412 5121
7412 8393
7440 6126
7440 6643
7440 8435
7440 10154
7441 6815
7451 2485
7451 8414
7461 2021
7461 4706
7514 4523
7514 7461
7514 7882
7514 8455
7699 3075
7699 3127
7699 5282
7699 7257
7699 8582
7700 191
7700 987
7700 1186
7700 5673
7700 6556
7807 3684
7819 8649
7819 8650
7819 8651
7850 562
7850 4077
7850 5747
7850 8435
7850 8663
8007 2265
8007 7320
8007 8393
8021 5223
8021 5568
8021 7405
8021 8413
8021 8795
8021 8796
8042 8758
8042 8808
8042 8809
8042 8810
8076 2260
8076 3075
8120 663
8120 8160
8120 8598
8120 8670
8120 8852
8120 8853
8120 8855
8124 675
8124 8859
8124 8861
8197 993
8197 4262
8197 8914
8247 6161
8247 7245
8247 8414
8247 8936
8260 4414
8260 8895
8260 8945
8261 342
8261 1822
8261 1842
8261 7156
8261 8946
8261 8947
8262 993
8262 8124
8262 9001
8295 3380
8332 402
8332 1334
8332 8663
8332 8990
8332 8991
8332 8993
8382 677
8382 987
8382 9020
8392 1433
8392 6857
8392 8262
8392 8914
8392 9025
8392 9026
8446 824
8446 5626
8446 9044
8446 9045
8455 7970
8618 371
8618 5073
8618 9162
8649 2272
8649 9172
8649 9173
8649 9174
8649 9176
8663 824
8663 4174
8663 5626
8663 8247
8663 8810
8663 9045
8663 9196
8670 9203
8670 9204
8670 9205
8693 1694
8693 3800
8693 5765
8693 7135
8693 9221
8859 9337
8859 9339
8859 9340
8859 9342
8861 53
8861 9346
8945 5908
8947 7156
9020 371
9020 4691
9020 7807
9025 6215
9026 633
9026 1470
9026 1949
9026 5548
9026 7860
9026 9309
9044 1855
9092 339
9092 2062
9092 4706
9092 9532
9092 9533
9129 2828
9129 5548
9129 5925
9144 2863
9144 8124
9144 9356
9204 1186
9207 6924
9214 5439
9214 8261
9214 8414
9214 9092
9309 307
9309 3696
9309 10610
9337 1855
9346 2537
9346 3684
9346 9685
9346 9686
9350 3856
9350 4706
9356 2790
9356 8076
9356 9142
9356 9357
9444 307
9444 1275
9444 9214
9444 9747
9444 9748
9833 6215
9833 6398
9845 2825
9845 4708
9845 8758
9845 9747
9987 190
9987 1855
9987 2896
9987 3151
9987 3573
10020 3869
10020 8861
10020 10147
10096 4765
10115 3158
10115 4636
10115 5675
10115 8076
10115 10256
10115 10257
10147 987
10147 1552
10147 8758
10147 9207
10242 865
10276 3776
10276 6303
10276 10367
10321 322
10321 633
10321 1949
10321 2471
10321 4416
10321 9120
10324 572
10324 9357
10324 10256
10324 10373
10324 10393
10334 482
10334 2265
10334 3027
10334 7860
10334 10023
10334 10400
10334 10401
10437 94
10437 190
10437 735
10437 9346
10437 10262
10594 663
10594 4061
10594 4301
10594 7806
10594 9334
10594 10645
10594 10646
10735 482
10735 5341
10735 7860
10735 8042
10735 10758
10735 10759
10754 2265
10754 4174
10760 595
10760 4352
10760 10735
10761 532
10761 2485
10761 2896
10761 8487
10761 10788
10788 532
10788 8746
10788 10811
10805 774
10805 4937
10805 5227
10805 10821
10805 10822
10805 10823
10805 10824
