10 136
10 139
10 141
10 142
10 143
10 144
39 155
39 156
39 157
39 160
39 161
39 163
76 206
76 207
76 208
76 210
76 211
76 212
76 214
76 215
87 208
87 245
87 246
87 247
87 248
112 351
112 353
112 355
112 357
112 358
112 359
115 395
115 396
115 398
115 399
115 400
115 401
115 402
115 404
136 4191
136 4694
136 5626
136 8958
141 502
141 508
141 509
141 511
144 377
144 514
144 517
144 518
144 519
144 520
157 155
157 559
157 560
157 561
157 563
157 564
176 561
176 641
176 642
176 643
176 644
176 645
181 359
181 655
181 656
181 657
181 659
181 660
181 661
181 662
195 278
195 399
195 605
195 701
195 705
206 641
206 756
206 759
207 743
207 744
207 746
207 747
207 749
207 751
207 752
218 564
218 769
218 770
218 771
218 772
218 773
240 518
240 843
240 845
240 846
240 848
247 1275
247 1276
247 1277
247 1278
248 76
248 419
248 856
248 858
248 860
275 149
275 431
275 997
275 998
275 999
275 1000
275 1002
289 370
289 1066
289 1068
289 1069
289 1070
289 1071
316 390
316 848
316 1140
316 1142
316 1147
335 734
335 1199
335 1200
335 1201
335 1204
351 1310
355 1174
355 1281
355 1282
355 1283
355 1284
355 1286
355 1287
358 224
358 413
358 1288
358 1290
360 1215
360 1293
360 1295
360 1297
360 1298
381 395
381 1320
381 1321
381 1324
381 1326
390 289
390 1341
390 1342
390 1343
390 1344
390 1345
390 1346
390 1349
413 1398
413 1399
413 1401
413 1402
413 1404
458 112
458 1515
458 1516
458 1519
458 1520
472 1605
511 1407
511 1816
519 390
519 1653
519 1655
519 1656
519 1657
519 1658
519 1659
563 1749
563 1753
563 1754
563 1755
563 1756
570 1349
570 2619
570 3300
570 3429
570 3686
570 6226
605 1894
605 1895
605 1896
605 1898
605 1899
605 1900
605 1901
605 1902
641 1970
642 2238
642 2241
656 2014
657 1995
657 1996
657 1998
657 1999
657 2000
660 134
660 2001
660 2003
661 2877
661 5616
661 7049
661 7051
661 7052
661 7053
664 319
664 3454
664 4678
664 4814
664 5608
683 1356
683 2052
683 2053
683 2054
683 2055
683 2057
683 2058
685 2086
685 2087
685 2088
685 2089
685 2091
685 2092
685 2093
685 2095
705 390
705 1657
705 1659
705 2140
705 2141
705 2142
714 351
714 1602
714 2054
714 2172
714 2173
714 2174
744 2232
744 2233
744 2235
744 2236
747 2242
756 395
756 1816
756 5684
756 6496
756 6622
756 6724
756 6725
786 208
786 1705
786 2498
786 2501
786 2502
786 2503
825 217
825 965
825 3588
825 6951
825 7996
846 720
846 2208
846 2459
846 2462
856 334
856 2208
856 2439
856 2514
858 605
858 1048
858 2478
858 2479
858 2480
858 2481
858 2482
891 161
891 1330
891 2381
891 2560
891 2561
891 2562
891 2563
896 509
896 660
896 1604
896 2577
896 2578
896 2581
923 1579
923 1600
923 2615
923 2616
923 2617
923 2619
955 335
955 1658
955 1755
955 2716
955 2717
955 2718
971 401
971 2140
971 2731
971 2733
971 2734
971 2735
971 2737
990 759
990 1312
990 2478
990 2775
990 2776
990 2777
990 2778
1015 416
1015 2793
1015 2794
1015 2795
1048 142
1048 374
1048 561
1048 605
1048 2480
1065 374
1065 824
1065 2880
1068 2886
1070 6439
1070 8832
1070 10390
1071 142
1071 176
1071 561
1071 1969
1071 2236
1071 2945
1086 1330
1086 1641
1086 2052
1086 2916
1086 2917
1086 2918
1086 2920
1092 1975
1092 2232
1092 2922
1092 2923
1092 2925
1105 1127
1105 2949
1105 2950
1105 2951
1113 1852
1113 2960
1113 2964
1113 2965
1113 2966
1113 2967
1123 2127
1123 2997
1123 2998
1140 102
1140 685
1140 1604
1140 1919
1140 2991
1140 3014
1157 1069
1157 2076
1157 2973
1157 3041
1157 3042
1157 3043
1157 3044
1199 3136
1200 3344
1200 3345
1201 2798
1201 3142
1201 3145
1201 3146
1204 720
1204 1919
1204 2650
1245 833
1245 3204
1245 3205
1245 3206
1245 3209
1246 1531
1246 1605
1246 3211
1246 3212
1246 3213
1246 3214
1252 143
1252 1455
1252 3590
1252 5046
1252 8834
1252 9216
1252 9702
1252 9986
1252 10331
1252 10332
1252 10333
1269 1320
1269 1907
1269 2890
1269 3233
1269 3234
1281 659
1281 741
1281 860
1281 1246
1281 2208
1281 3136
1281 3236
1282 3438
1283 1199
1283 3275
1283 3276
1293 833
1293 3260
1293 3261
1293 3262
1295 3260
1295 3268
1295 3269
1295 3270
1295 3271
1324 161
1324 1204
1324 2362
1324 3319
1330 390
1330 2235
1330 2765
1330 3329
1349 3358
1349 3360
1349 3362
1356 749
1356 1730
1356 2053
1356 2058
1356 3195
1356 3589
1356 3590
1356 3591
1356 3594
1361 1998
1361 2880
1361 3155
1361 3255
1361 3366
1363 402
1363 1398
1363 2462
1363 2778
1363 3201
1367 1389
1367 1508
1367 3404
1367 3405
1369 66
1369 1641
1369 3388
1369 3389
1369 3390
1375 240
1375 517
1375 3423
1375 3425
1375 3426
1375 3427
1375 3429
1375 3430
1384 876
1384 1006
1384 3441
1384 3442
1384 3444
1387 3447
1387 3448
1387 3450
1387 3451
1387 3452
1387 3453
1389 3524
1389 3526
1401 1442
1401 2042
1401 2761
1401 2922
1401 3486
1401 3487
1455 534
1455 749
1455 2053
1455 2058
1455 3384
1455 3553
1455 3554
1455 3555
1458 87
1458 157
1458 2091
1458 3566
1458 3567
1487 3601
1487 3602
1487 3604
1487 3605
1487 3608
1516 456
1516 2874
1516 3451
1516 3560
1516 3652
1516 3653
1555 1006
1555 1812
1555 2922
1555 3219
1555 3705
1555 3713
1555 3715
1558 9974
1579 1086
1579 1252
1579 1900
1579 3735
1604 1708
1604 2050
1604 2088
1604 3270
1604 3788
1604 3789
1605 559
1605 1157
1605 2057
1605 3344
1605 3799
1605 3800
1605 3801
1633 772
1633 1704
1633 1816
1633 2127
1633 3844
1633 3845
1655 217
1655 400
1655 642
1655 860
1655 1342
1655 1805
1655 2053
1655 2825
1655 2991
1655 2992
1655 3005
1655 3206
1655 3554
1655 3649
1655 4046
1655 4191
1655 4478
1655 4690
1655 4711
1655 5216
1655 6197
1655 6294
1655 6367
1655 7648
1655 7887
1655 8047
1655 8135
1655 8161
1655 8857
1655 9403
1655 9482
1655 9523
1655 9768
1655 9769
1655 9770
1655 9773
1655 9776
1655 9777
1656 685
1656 1658
1656 2473
1656 3282
1656 3516
1657 2661
1657 2864
1657 4566
1657 9566
1658 2945
1658 3851
1658 3853
1658 3854
1658 3855
1658 3856
1670 115
1670 3558
1670 3854
1670 3870
1670 3871
1670 3872
1670 3873
1670 3874
1677 6324
1677 9421
1677 9635
1677 10111
1698 149
1698 155
1698 659
1698 2055
1698 3907
1698 3909
1706 2599
1706 3451
1706 3913
1706 3915
1706 3916
1706 3917
1735 734
1736 4017
1749 2740
1755 814
1755 843
1755 1771
1755 2992
1755 3991
1756 1996
1756 3619
1756 3855
1756 3993
1756 3994
1756 3996
1775 141
1775 1321
1775 2241
1775 2560
1775 3420
1775 3451
1782 66
1782 570
1782 3458
1782 3619
1782 4036
1805 1481
1805 2798
1805 4043
1805 4044
1805 4045
1805 4046
1839 564
1839 1579
1839 2311
1839 3185
1839 4084
1839 4085
1849 701
1849 1470
1849 3139
1849 4101
1849 4102
1859 701
1859 4102
1859 4111
1859 4112
1859 4113
1902 2031
1919 353
1919 2311
1919 3917
1919 4162
1919 4163
1920 953
1920 1485
1920 2925
1920 3601
1920 3994
1920 4174
1920 4175
1920 4176
1933 1282
1933 1405
1933 2799
1933 3438
1933 3515
1933 4181
1933 4182
1940 1249
1940 3384
1940 3967
1940 4046
1940 4219
1940 4220
1940 4221
1948 4030
1948 4209
1948 4210
1948 4211
1948 4213
1948 4214
1978 1286
1978 1900
1978 2658
1978 2781
1978 4250
1978 4251
1978 4252
1988 3520
1988 10804
2001 316
2001 399
2001 3530
2001 4270
2001 4271
2014 4284
2040 534
2040 2127
2040 2236
2040 2782
2040 3384
2040 3814
2040 4219
2040 4220
2041 1670
2050 534
2050 752
2050 1969
2050 3508
2050 4109
2050 4334
2050 4335
2050 4336
2050 4337
2052 2892
2052 4361
2052 4362
2057 1326
2057 2775
2057 2876
2057 4348
2057 4349
2057 4350
2063 731
2063 1267
2063 1367
2063 3648
2063 4357
2063 4358
2063 4359
2063 4360
2077 1278
2077 2967
2077 3425
2077 3450
2077 4371
2077 4372
2077 4373
2091 2086
2091 2087
2091 2088
2091 2089
2091 3876
2091 4431
2091 4432
2092 643
2092 644
2093 4403
2100 1282
2111 1267
2111 1741
2111 4357
2111 4358
2111 4360
2111 4433
2111 4434
2116 846
2116 2343
2116 4412
2119 508
2119 752
2119 1115
2119 2086
2119 4428
2127 1940
2127 2359
2127 4446
2127 4447
2127 4448
2127 4449
2127 4450
2159 4478
2159 4479
2159 4480
2159 4481
2159 4482
2182 161
2182 3539
2182 6455
2182 6719
2182 6721
2183 786
2183 1398
2183 2478
2183 3659
2183 4497
2232 4357
2232 4358
2232 4359
2236 1297
2236 4053
2236 4336
2236 4545
2236 4547
2238 466
2238 1532
2238 4251
2238 8367
2238 8368
2261 1213
2261 2777
2261 3423
2261 3649
2261 4565
2261 4566
2264 833
2264 3554
2264 4287
2264 4447
2269 3588
2311 4084
2343 731
2343 833
2343 1338
2343 2031
2343 4270
2343 4672
2347 3269
2359 335
2359 955
2359 2716
2359 4690
2359 4691
2379 1330
2379 2776
2379 4694
2381 720
2381 1269
2381 1320
2381 4710
2381 4711
2390 402
2390 1782
2390 4298
2390 4721
2390 4722
2390 4723
2390 4724
2390 4725
2399 4738
2417 11
2417 860
2417 2543
2417 2964
2417 4770
2422 87
2438 3206
2438 4791
2438 4792
2438 4793
2438 4794
2479 4830
2482 1898
2482 4831
2482 4832
2482 4833
2520 4475
2520 4838
2520 4909
2520 4910
2520 4911
2523 508
2523 1555
2523 4889
2523 4890
2533 1692
2533 2994
2533 3499
2533 3994
2533 4901
2533 4902
2543 1344
2543 1404
2543 1998
2543 3940
2543 4918
2552 136
2552 2998
2552 3206
2552 3851
2552 4928
2552 4930
2552 4931
2557 846
2557 2533
2557 4053
2557 4191
2560 1790
2560 4932
2560 4933
2560 4934
2560 4935
2581 3014
2602 1998
2602 4956
2602 4959
2602 4960
2619 2617
2619 3594
2619 4928
2619 4984
2630 2656
2630 4997
2630 4998
2630 4999
2630 5000
2647 2799
2650 1919
2650 2656
2650 2983
2650 2991
2650 5016
2656 1324
2656 5129
2658 947
2658 2798
2658 5019
2661 756
2661 2782
2661 3858
2661 7037
2661 7552
2661 8470
2661 8576
2706 2533
2706 4191
2706 5064
2706 5065
2709 856
2709 3005
2709 3915
2709 6095
2709 6883
2709 6945
2709 7612
2716 3236
2716 4191
2716 5068
2716 5069
2718 5070
2721 322
2721 5076
2721 5077
2721 5078
2721 5079
2734 176
2734 744
2734 1487
2734 5094
2734 5095
2734 5096
2734 5097
2747 5098
2747 5099
2747 5100
2747 5101
2747 5102
2747 5103
2747 5104
2747 5105
2775 570
2775 1324
2775 1342
2775 1481
2775 4225
2781 246
2781 2782
2781 5145
2781 5146
2781 5148
2793 1940
2793 3384
2793 3965
2793 4220
2793 5163
2793 5164
2793 5165
2793 5166
2795 1321
2795 2439
2795 9640
2795 9939
2795 9941
2795 9942
2795 9943
2795 9944
2810 653
2810 661
2810 771
2810 2520
2810 5182
2854 560
2854 3486
2854 3605
2854 5227
2855 4829
2855 5116
2855 5220
2855 5222
2855 5224
2855 5225
2876 828
2876 980
2876 1907
2876 2992
2876 5243
2876 5244
2877 381
2877 3384
2877 3965
2877 4220
2877 4264
2877 4386
2877 5237
2877 5238
2886 16
2886 3651
2886 5522
2886 7037
2886 7508
2894 3366
2906 364
2906 1211
2906 2765
2906 4999
2906 5274
2917 701
2917 4355
2917 5289
2917 5290
2922 2232
2922 3651
2922 5280
2922 5281
2922 5283
2922 5284
2949 5340
2950 460
2950 1157
2950 5304
2950 5305
2960 5145
2965 1342
2965 2602
2965 5312
2965 5313
2966 1902
2966 4629
2966 5314
2966 5315
2966 5316
2966 5318
2983 1006
2983 4310
2985 4144
2985 5129
2985 5330
2994 1521
2994 2983
2994 4733
2994 5289
2994 5332
3009 240
3009 998
3009 2116
3009 5344
3009 5345
3014 4261
3043 950
3043 1369
3043 2750
3043 5367
3044 2967
3048 3458
3048 5258
3048 5368
3115 431
3115 502
3115 3441
3115 4096
3115 5448
3115 5449
3139 161
3139 1704
3139 5051
3139 5079
3146 2658
3146 5095
3146 5474
3146 5475
3146 5476
3204 2967
3204 3577
3204 5522
3212 1115
3212 1344
3212 2086
3212 2087
3212 2089
3212 2832
3212 5525
3217 1324
3217 1532
3217 2832
3217 5095
3217 5526
3217 5527
3217 5528
3236 3212
3236 4355
3236 4603
3236 5547
3251 1907
3251 2076
3251 3772
3251 5555
3251 5557
3269 1099
3282 990
3282 2602
3282 4658
3282 5060
3282 5571
3282 5572
3282 5573
3300 1249
3300 1338
3300 1857
3300 3204
3312 1783
3312 2718
3312 5607
3312 5608
3312 5610
3315 313
3315 1483
3315 3965
3315 4336
3315 5426
3338 149
3338 3652
3338 3715
3338 4560
3338 5165
3338 5623
3344 953
3344 5284
3344 5626
3344 5627
3346 143
3346 2602
3346 2721
3346 3360
3346 5631
3360 520
3360 5648
3360 5649
3360 5650
3360 5652
3360 5653
3384 2934
3384 3005
3404 5701
3426 211
3426 534
3426 1252
3426 4181
3426 5728
3427 517
3427 1276
3427 1487
3427 2051
3427 4629
3427 4873
3427 5409
3427 5443
3427 5645
3427 5678
3427 5716
3427 5717
3427 5720
3427 5721
3441 1857
3441 2438
3441 3961
3441 4176
3441 5708
3445 752
3445 2557
3445 4182
3445 4710
3445 4863
3445 5737
3448 5258
3453 534
3453 741
3453 5741
3470 313
3470 3315
3470 4337
3470 5756
3470 5757
3470 5758
3487 752
3487 1558
3487 4975
3487 5776
3487 5777
3487 5778
3520 1345
3520 5165
3523 772
3523 2076
3523 4175
3523 5833
3530 1839
3530 4459
3530 5073
3530 6950
3530 7398
3530 8350
3530 8600
3530 8699
3531 115
3531 2777
3531 2967
3531 4390
3542 1267
3542 1741
3542 2116
3542 2820
3542 4028
3542 4113
3542 4358
3542 4359
3542 4863
3554 1199
3554 1278
3554 4698
3554 5572
3554 5812
3555 149
3555 2075
3555 2876
3555 3282
3555 3561
3555 5728
3556 843
3556 1633
3556 2552
3556 2721
3556 3384
3556 3735
3556 4437
3556 4725
3556 4836
3556 5290
3556 5524
3556 5813
3556 5814
3556 5815
3556 5816
3556 5817
3558 517
3558 4138
3558 4193
3558 4932
3558 5068
3558 5818
3564 3556
3566 3115
3570 3255
3570 5649
3570 8246
3570 8247
3586 2347
3602 39
3602 275
3602 8417
3602 8672
3602 8875
3602 9477
3602 9478
3604 643
3604 644
3604 4482
3604 5844
3605 4261
3605 5255
3605 5845
3605 5846
3605 5847
3624 714
3624 3549
3624 4591
3651 115
3651 3531
3652 560
3653 371
3653 664
3653 1532
3653 5895
3653 5896
3667 2267
3667 2617
3667 5069
3667 5844
3667 5904
3667 5905
3705 4497
3705 5096
3705 8153
3705 8154
3705 8156
3772 374
3772 3255
3772 3735
3772 4764
3772 5274
3772 6047
3772 6048
3775 206
3775 374
3775 3233
3775 3544
3775 3619
3781 846
3781 2241
3781 2799
3781 4337
3781 6012
3781 6013
3788 3364
3856 2874
3856 6074
3858 756
3858 7079
3858 8470
3858 9143
3858 9145
3858 9146
3858 9147
3877 5060
3880 759
3880 2709
3880 4481
3880 6094
3880 6095
3880 6096
3900 248
3900 2091
3900 2854
3900 4777
3900 5524
3900 6113
3909 2174
3909 2502
3909 2658
3909 6118
3909 6119
3913 6395
3913 7126
3913 9867
3913 9875
3913 9876
3913 9877
3913 9878
3916 511
3916 661
3916 4975
3916 6123
3917 642
3917 824
3917 1295
3917 6128
3917 6129
3917 6130
3923 388
3923 390
3923 431
3923 2193
3923 2311
3923 3655
4020 1281
4020 5904
4020 6857
4020 6950
4020 8598
4020 8600
4030 2142
4030 6313
4030 6314
4030 6315
4030 6316
4030 6317
4030 6318
4036 466
4036 4163
4036 5547
4036 7944
4036 7945
4036 7946
4046 714
4046 6229
4046 6230
4046 6231
4051 381
4051 564
4051 2892
4051 3384
4051 6236
4051 6237
4051 6239
4064 1010
4064 1998
4064 2140
4064 4649
4064 6249
4080 9615
4080 10350
4085 1899
4085 2601
4085 3438
4085 6271
4101 149
4101 2540
4101 3145
4101 3651
4101 6048
4101 6293
4101 6294
4102 2141
4102 2578
4102 4342
4102 6287
4102 6288
4102 6289
4102 6290
4102 6291
4102 6292
4111 3300
4111 6308
4111 6309
4121 731
4121 1899
4121 3005
4121 3991
4121 6321
4121 6322
4138 76
4138 1140
4138 1293
4138 1324
4138 2945
4138 3458
4144 3453
4144 4044
4144 5330
4144 6293
4176 2646
4192 1483
4192 3561
4192 3746
4192 4109
4192 4764
4192 5443
4192 6373
4197 402
4197 2311
4197 5476
4197 6375
4197 6376
4210 5164
4213 2469
4236 3384
4248 3268
4248 3932
4248 5420
4248 5844
4248 6095
4248 6129
4250 4251
4250 6407
4261 4349
4261 5608
4261 6408
4261 6409
4261 6410
4270 1015
4270 3268
4270 4603
4270 6414
4270 6415
4270 6416
4270 6417
4270 6418
4286 5046
4286 6416
4286 6429
4286 6430
4286 6431
4286 6432
4287 1320
4289 206
4289 560
4289 1401
4289 3270
4289 5616
4289 6433
4326 1344
4326 2086
4326 2087
4326 2088
4326 2089
4326 2473
4326 3876
4326 4432
4326 6308
4335 456
4342 2514
4342 3794
4342 4480
4342 5813
4342 6463
4342 6464
4349 1988
4349 5009
4349 5096
4349 6471
4355 1338
4355 2193
4355 3655
4355 6047
4355 6478
4362 2617
4362 2619
4362 2721
4362 5649
4362 6119
4362 6416
4362 6483
4362 6484
4362 6485
4373 1105
4373 1320
4373 6486
4373 6488
4373 6489
4378 195
4378 2462
4378 3735
4378 4652
4378 5528
4386 644
4386 2560
4386 2776
4386 5128
4386 6494
4388 965
4388 1367
4388 1900
4388 6495
4388 6496
4403 1982
4403 3426
4403 5201
4403 6505
4403 6506
4403 6507
4406 518
4406 1516
4406 3388
4406 4163
4406 6508
4406 6509
4411 2552
4411 3390
4411 4577
4411 6523
4411 6524
4411 6526
4412 1065
4412 1933
4412 4340
4412 6533
4412 6534
4412 6535
4412 6536
4425 1320
4425 3454
4425 4012
4425 6545
4425 6546
4425 6547
4425 6548
4433 151
4437 743
4437 1969
4437 3009
4448 1398
4448 3530
4448 4793
4448 4959
4459 5626
4459 6161
4459 6174
4459 9377
4459 9675
4459 9676
4467 3539
4467 4694
4467 6488
4475 1677
4475 3932
4475 4764
4475 5238
4475 5572
4475 5844
4475 6574
4475 6575
4479 786
4479 1157
4479 2087
4479 2088
4479 3389
4479 4678
4479 6579
4479 6580
4533 1969
4557 772
4557 1345
4560 364
4560 3145
4560 4478
4560 4634
4560 5997
4560 6665
4591 1278
4591 7551
4591 8110
4627 2617
4627 2619
4627 4138
4627 4362
4627 5649
4637 2854
4652 1755
4652 4289
4658 786
4658 5010
4658 5214
4658 6729
4670 214
4670 833
4670 4017
4670 5528
4670 5645
4670 6739
4670 6740
4670 6741
4691 1142
4691 3407
4691 6167
4691 6292
4711 339
4711 9216
4711 9539
4711 9889
4711 9890
4739 994
4739 5728
4739 6422
4739 6800
4739 6801
4739 6802
4739 6803
4769 1142
4769 2561
4769 5808
4769 6386
4769 6747
4769 6819
4777 161
4777 560
4777 772
4777 1288
4777 2502
4794 3275
4794 6866
4794 6867
4829 705
4829 2934
4829 4358
4829 6844
4829 6845
4829 6846
4830 2560
4830 6682
4830 6850
4831 5146
4831 6851
4831 6853
4838 11
4838 224
4838 2991
4838 4371
4838 5128
4838 6115
4838 6857
4838 6858
4862 1996
4862 3486
4862 4577
4862 6868
4862 6869
4863 6873
4909 2934
4909 5728
4909 6324
4909 6882
4909 6883
4910 561
4910 5728
4928 660
4928 5231
4928 6888
4928 6889
4928 6890
4930 5928
4930 6892
4930 6893
4930 6894
4930 6895
4930 6896
4930 6897
4931 388
4931 965
4931 8921
4931 9992
4931 9993
4955 2232
4955 2922
4955 3458
4955 4987
4956 161
4956 390
4956 6165
4956 6905
4956 6906
4956 6908
4959 2820
4959 3589
4959 5214
4959 5216
4959 5217
4960 749
4960 1282
4960 3590
4960 4824
4960 5598
4960 5768
4969 2973
4969 4096
4969 4422
4969 9410
4969 9745
4983 2964
4983 2991
4983 3344
4983 3659
4983 6920
4984 4983
4984 5330
4984 6917
4984 6918
4984 6919
4987 247
4987 7122
4987 7152
4987 7421
4987 7826
4987 8344
5010 6945
5046 5318
5046 6918
5060 2140
5060 2892
5060 5237
5060 6960
5064 1896
5064 3212
5064 8210
5064 9059
5064 9060
5064 9061
5065 705
5065 1295
5065 1771
5065 6386
5065 6962
5078 947
5079 2560
5079 4428
5079 6971
5096 2051
5096 6047
5096 6976
5096 6977
5116 1398
5116 5861
5116 6430
5116 6986
5128 705
5128 6670
5128 6996
5128 6997
5128 6999
5132 2469
5132 4191
5132 6896
5132 6992
5132 6993
5132 6995
5145 2087
5145 5116
5145 5817
5145 6308
5148 3029
5148 3268
5148 4691
5148 7013
5148 7014
5148 7015
5161 2058
5161 2125
5161 4711
5161 5961
5161 7026
5161 7028
5161 7029
5166 72
5166 8984
5166 9974
5166 10104
5166 10245
5166 10246
5168 701
5168 2599
5168 2601
5168 7037
5191 2088
5191 5257
5191 7064
5191 7065
5191 7066
5196 644
5196 3389
5196 5309
5196 6239
5196 6880
5201 358
5201 772
5201 1288
5201 4113
5201 5283
5206 1555
5206 3589
5206 7087
5206 7088
5206 7090
5206 7091
5210 2864
5216 2619
5216 3559
5216 4334
5217 661
5222 1548
5222 1730
5222 2399
5222 6024
5222 6416
5222 7093
5222 7094
5224 1657
5224 1982
5224 6880
5224 7095
5225 860
5225 1282
5225 4711
5225 6420
5225 7103
5225 7104
5231 4658
5231 5967
5231 6889
5231 7065
5238 66
5238 2091
5238 3394
5238 4909
5238 5877
5238 7109
5255 1320
5255 6201
5255 7114
5255 7115
5258 2053
5258 4863
5258 5070
5258 5274
5258 6235
5258 6271
5258 7116
5284 759
5284 5601
5295 1086
5295 1249
5295 3851
5295 7140
5295 7142
5295 7143
5314 3438
5314 5315
5314 6939
5314 7149
5314 7150
5314 7151
5314 7152
5314 7153
5315 824
5315 3568
5315 5164
5315 5678
5315 6789
5315 7156
5320 1330
5320 1487
5320 3842
5320 4479
5320 7066
5320 7157
5320 7158
5330 2750
5330 5016
5330 5997
5330 6036
5330 7159
5354 824
5354 4334
5354 4862
5354 5267
5354 6864
5386 2520
5386 4577
5386 5238
5386 5631
5386 6682
5409 4225
5413 389
5413 520
5413 4634
5413 6851
5413 7187
5440 3856
5440 7015
5440 7245
5450 149
5450 560
5450 824
5450 6292
5450 7207
5450 7208
5515 560
5515 589
5515 3561
5515 5649
5515 6991
5515 7233
5528 5128
5528 5216
5528 5580
5531 1659
5534 1790
5534 3347
5534 3348
5534 6524
5534 7246
5534 7247
5534 7248
5557 6620
5580 720
5598 731
5598 1282
5598 2775
5598 4481
5598 4983
5598 7288
5598 7289
5598 7290
5598 7291
5598 7292
5598 7293
5598 7294
5598 7295
5598 7296
5598 7297
5598 7298
5598 7300
5598 7301
5598 7302
5598 7303
5598 7304
5598 7305
5598 7306
5598 7307
5598 7308
5598 7310
5598 7311
5598 7312
5598 7313
5598 7314
5610 7319
5616 381
5616 899
5616 3315
5616 4987
5616 7323
5627 141
5627 998
5627 4386
5627 7324
5631 2543
5631 2765
5631 3071
5631 5528
5668 134
5668 1899
5668 3005
5668 4690
5668 5137
5668 6118
5724 4467
5728 5224
5728 7400
5756 7417
5763 176
5763 214
5763 2343
5763 2799
5763 3876
5763 7418
5763 7419
5768 1405
5768 5534
5768 7421
5808 833
5808 1485
5808 3932
5808 4672
5808 7444
5812 1741
5844 653
5844 3648
5844 3991
5844 7459
5844 7460
5861 3856
5861 7015
5891 7491
5895 7497
5909 1069
5909 2997
5909 6407
5909 7947
5909 8958
5909 10428
5909 10429
5909 10430
5928 4694
5928 5046
5928 6939
5928 9986
5928 10242
5928 10243
5956 66
5956 561
5956 2635
5956 3519
5956 5608
5956 6172
5956 6905
5962 1201
5962 3438
5962 4340
5962 5598
5962 5997
5962 6866
5962 7370
5962 7546
5962 7547
5972 7550
5972 7551
5972 7552
6040 1692
6040 4096
6040 6455
6040 7585
6040 7586
6040 7587
6040 7588
6056 2379
6058 1560
6058 2173
6058 2832
6058 3438
6058 6901
6058 7023
6058 7024
6058 7025
6094 134
6094 998
6094 2799
6120 319
6120 1211
6120 4051
6120 7201
6126 1324
6126 6789
6126 7319
6126 7640
6134 1705
6134 2854
6134 3338
6134 3705
6134 7648
6134 7649
6134 7650
6147 644
6147 8160
6147 8743
6147 10184
6147 10510
6147 10512
6161 3388
6161 7668
6161 7669
6161 7670
6165 2661
6165 3213
6165 3568
6165 5161
6165 6803
6165 7116
6165 7667
6174 7673
6201 2658
6201 3366
6201 4997
6201 5610
6201 6197
6201 7694
6220 6867
6230 3275
6230 3991
6230 4999
6230 5891
6230 7707
6230 7709
6231 1304
6231 3907
6231 7262
6231 7679
6231 7711
6269 7640
6271 508
6271 3649
6271 6235
6271 6330
6271 7349
6271 7731
6283 319
6283 381
6283 1369
6283 4193
6283 7674
6283 7736
6287 4434
6293 4672
6293 5528
6293 7436
6293 7743
6293 7744
6293 7745
6293 7746
6294 7132
6294 7381
6294 7439
6294 7748
6294 7749
6294 7750
6300 102
6300 5289
6300 6533
6300 7751
6309 1015
6309 1698
6309 6654
6309 7757
6329 1069
6329 1982
6329 5289
6329 7773
6329 7774
6329 7775
6329 7776
6369 1086
6369 4045
6369 7802
6386 1324
6386 2981
6386 6029
6386 6064
6386 7809
6386 7810
6386 7811
6395 1086
6395 7819
6395 7821
6395 7822
6413 211
6413 1341
6413 3847
6413 7530
6413 7751
6413 7831
6413 7832
6415 643
6415 644
6415 2560
6415 2776
6415 3261
6415 3946
6419 2520
6430 3486
6430 5607
6430 7419
6430 7845
6432 152
6432 3568
6432 4910
6432 6431
6432 7841
6432 7842
6432 7843
6484 720
6484 3453
6484 6231
6484 7381
6484 7868
6484 7869
6484 7870
6486 1142
6486 1356
6486 7821
6486 7863
6486 7864
6486 7865
6486 7866
6486 7867
6505 4830
6508 2152
6508 4336
6533 2854
6533 3366
6533 6842
6533 7886
6535 399
6535 2646
6535 3588
6535 7887
6535 7888
6536 1579
6536 6620
6536 6890
6536 6917
6536 7891
6536 7892
6545 6992
6549 3029
6549 7529
6549 7832
6549 7898
6549 7899
6549 7900
6575 1249
6575 3427
6575 6868
6575 7887
6575 7906
6579 1341
6579 7949
6579 7950
6580 6313
6625 1304
6625 2469
6625 5065
6631 6308
6636 642
6636 4193
6636 8313
6636 9516
6636 9517
6636 9518
6661 2964
6661 7938
6661 7939
6661 7940
6663 3923
6663 4220
6663 6118
6663 6945
6663 7943
6679 1708
6679 2793
6679 3213
6679 3876
6681 1282
6681 1600
6681 1919
6681 3405
6681 4111
6681 5997
6681 7055
6690 743
6690 1199
6690 1725
6690 2417
6690 7961
6719 7971
6727 5160
6740 6509
6740 6837
6740 7079
6740 7980
6740 7981
6740 7982
6740 7983
6767 4652
6767 4824
6767 5009
6767 5165
6767 5876
6767 7997
6767 7998
6774 6802
6774 8001
6774 8002
6801 2747
6801 3961
6801 5216
6801 7543
6801 7743
6801 8016
6802 6315
6802 8017
6802 8019
6836 3705
6836 7687
6836 8041
6836 8042
6836 8043
6836 8044
6842 1304
6842 1398
6842 3394
6842 4591
6842 8057
6844 1320
6844 5528
6844 6096
6844 7526
6845 705
6845 1401
6845 2934
6845 4448
6845 7002
6850 759
6850 833
6850 6996
6850 7023
6850 7826
6853 2182
6853 6533
6853 8058
6853 8059
6861 2782
6861 3923
6861 4411
6861 7567
6861 8065
6869 3486
6869 7079
6869 7419
6869 8068
6869 8071
6869 8072
6869 8073
6883 1900
6883 3185
6883 3542
6883 5443
6883 8921
6883 8922
6890 39
6890 1579
6890 5717
6892 2647
6892 8088
6892 8089
6892 8090
6892 8091
6892 8092
6905 319
6905 2832
6905 5214
6905 6096
6908 786
6912 660
6912 1896
6912 3876
6912 4959
6912 7943
6912 8001
6912 8011
6912 8100
6939 6235
6942 1324
6942 10054
6942 10289
6945 3539
6945 6491
6950 1278
6950 5137
6950 7551
6950 8110
6950 8111
6986 319
6986 8134
6986 8135
6986 8136
6992 245
6992 413
6992 7360
6992 8141
6992 8142
6993 5315
6999 7567
7002 416
7002 5283
7002 5580
7005 1282
7005 3420
7005 4512
7005 6026
7005 8633
7005 9093
7005 9126
7013 102
7013 833
7013 2543
7013 5631
7013 8157
7013 8159
7015 1755
7015 2832
7015 6120
7015 7451
7015 8160
7015 8161
7019 743
7019 1367
7019 2152
7019 4219
7019 8571
7023 7343
7029 2362
7029 4213
7029 5443
7029 6433
7029 7882
7049 520
7056 6167
7064 8037
7066 3590
7066 7343
7066 7366
7066 7419
7066 8184
7083 4378
7083 6430
7083 7156
7083 8001
7083 8198
7083 8199
7085 4281
7085 6883
7085 8195
7085 8196
7088 3844
7095 3794
7095 4711
7095 7451
7095 7673
7097 1123
7097 2801
7097 2842
7097 3145
7097 3705
7097 4560
7097 8208
7097 8209
7098 1282
7098 1902
7098 2992
7098 4652
7098 5580
7098 6464
7098 7122
7098 7569
7098 8210
7111 1040
7111 3856
7111 5861
7111 6315
7111 8224
7114 3139
7126 1852
7126 3907
7126 6873
7126 8236
7126 8237
7126 8238
7149 402
7149 3404
7149 4163
7149 7262
7149 7882
7149 8077
7180 275
7180 4361
7180 4480
7180 7811
7190 746
7190 1520
7190 1805
7190 3206
7190 3388
7190 8278
7201 561
7201 7887
7201 9067
7201 9068
7236 1741
7236 3561
7236 7360
7236 9282
7236 9604
7246 3429
7246 6324
7246 6536
7246 7329
7246 8313
7246 8314
7248 8320
7256 714
7256 7551
7256 8323
7256 8324
7282 7024
7282 7887
7282 8331
7282 8332
7343 1896
7343 4698
7343 7095
7343 8353
7343 8354
7349 149
7349 6316
7349 8846
7349 9214
7349 9238
7359 1976
7359 3851
7359 6364
7359 8360
7359 8361
7359 8363
7360 4281
7360 6324
7360 7748
7360 9479
7360 9862
7360 9863
7360 9864
7400 2864
7400 4698
7400 5284
7400 6842
7400 7343
7400 7983
7408 3499
7408 7671
7408 8238
7408 8386
7408 8388
7408 8389
7421 756
7421 1399
7421 2864
7421 3856
7421 5284
7421 6864
7439 6040
7439 7863
7439 8409
7439 8410
7439 8411
7439 8412
7440 743
7440 6126
7440 6663
7440 10153
7440 10154
7451 8414
7451 8415
7508 2775
7508 4698
7508 7201
7508 8452
7508 8453
7523 5064
7529 404
7529 1356
7529 3556
7530 3588
7530 3590
7530 4425
7530 7939
7530 8465
7530 8466
7530 8467
7541 657
7541 6679
7541 7543
7541 8468
7541 8469
7541 8470
7551 11
7551 5315
7551 8472
7551 8473
7551 8474
7554 2347
7554 5580
7554 6523
7554 6728
7554 7555
7567 4264
7567 8482
7567 8483
7567 8484
7567 8485
7567 8486
7585 4769
7585 5019
7585 5225
7585 7190
7585 8494
7585 8495
7585 8496
7587 388
7587 7370
7587 8495
7587 8497
7587 8498
7587 8499
7650 6865
7650 8981
7650 10436
7650 10438
7650 10439
7667 4637
7667 5861
7667 6833
7669 8877
7669 9678
7669 9859
7669 9860
7669 9861
7670 8420
7673 1211
7673 4111
7673 8555
7673 8556
7676 701
7676 2599
7676 8557
7679 2923
7679 6409
7679 7079
7679 7731
7679 8135
7679 8562
7679 8563
7687 431
7687 7843
7687 8566
7707 5079
7707 5768
7707 8588
7721 6439
7722 4045
7722 6239
7722 7998
7722 8184
7729 6853
7729 7842
7729 7939
7729 8601
7729 8602
7731 4794
7731 6235
7731 8291
7731 8603
7731 8604
7731 8605
7743 5216
7743 7938
7743 8278
7743 8334
7743 8615
7750 7842
7750 8618
7750 8619
7774 3877
7775 1278
7775 1767
7775 3688
7775 8624
7775 8625
7784 6679
7784 8576
7784 8630
7794 456
7794 3560
7794 3586
7794 4694
7794 8633
7794 8634
7794 8635
7802 2864
7803 1825
7803 2533
7803 8480
7803 8638
7803 8639
7809 8603
7819 4336
7819 4918
7819 8649
7819 8650
7819 8651
7826 1398
7826 1670
7826 3794
7826 5267
7826 7821
7826 7863
7826 8215
7826 8652
7829 2794
7829 3588
7829 7943
7829 8653
7829 8654
7843 828
7843 4432
7843 5678
7843 8334
7843 8661
7864 2906
7864 3916
7864 4478
7864 8605
7864 8669
7866 381
7866 965
7866 6882
7866 7108
7866 7592
7866 8386
7866 8671
7866 8672
7866 8674
7888 2116
7888 5529
7888 7845
7888 8411
7888 8690
7888 8691
7892 1933
7892 4824
7892 7529
7892 8059
7892 8637
7892 8693
7898 998
7898 2125
7898 7349
7898 8420
7898 8708
7900 360
7900 786
7900 2670
7900 8699
7903 245
7903 714
7903 3772
7903 8709
7903 8710
7940 7103
7940 8331
7940 8601
7940 8736
7940 8738
7947 5305
7947 6833
7947 8741
7947 8742
7947 8743
7949 4595
7949 8092
7949 8499
7949 8745
7949 8746
7949 8747
7949 8748
7965 5728
7973 1282
7973 7529
7973 7592
7973 8767
7973 8768
7974 3268
7974 6120
7974 7157
7974 8680
7974 8769
7974 8770
7974 8771
7980 4794
7980 8092
7989 1767
7989 4959
7989 8772
7989 8774
8014 2635
8014 3438
8014 4113
8014 5216
8014 7888
8014 8710
8014 8785
8019 466
8019 2514
8019 8806
8019 8807
8035 1633
8042 643
8042 3946
8042 5877
8042 8808
8042 8809
8042 8810
8047 3206
8047 8107
8047 8761
8047 8811
8047 8812
8057 2439
8057 2479
8057 2646
8057 4769
8057 8814
8057 8815
8057 8816
8089 3530
8089 8832
8089 8833
8089 8834
8089 8836
8106 664
8106 1401
8106 1560
8106 8489
8106 8847
8106 8848
8106 8849
8106 8850
8106 8851
8144 1548
8144 1659
8144 2635
8144 8871
8144 8872
8145 6371
8145 8133
8145 8278
8145 8394
8153 4355
8153 5096
8153 5721
8153 6409
8153 8877
8154 2140
8154 4121
8154 4358
8154 8886
8154 8887
8157 8883
8157 8884
8159 923
8159 4121
8159 6209
8159 7381
8159 7384
8195 8215
8195 8354
8195 8794
8195 8910
8196 335
8196 856
8196 3555
8196 3746
8196 4325
8196 8915
8196 8916
8196 8917
8198 102
8198 1069
8198 1356
8198 8911
8198 8912
8198 8913
8199 589
8199 743
8199 1015
8199 4209
8199 6918
8199 7005
8199 8726
8224 466
8224 2514
8224 4292
8224 8019
8224 8787
8224 8807
8246 275
8246 1282
8246 6300
8246 7822
8246 8154
8246 8583
8247 2658
8247 6161
8247 6842
8247 7245
8247 7983
8247 8414
8252 8940
8261 1822
8261 4162
8261 4793
8261 7156
8261 8946
8261 8947
8261 8948
8262 8586
8262 8672
8262 8980
8262 9000
8262 9001
8264 2599
8264 2810
8264 5443
8264 6367
8264 7011
8264 8857
8267 1515
8267 5295
8267 6853
8267 8955
8291 6314
8299 1455
8299 6036
8299 8969
8299 8970
8299 8971
8320 4225
8320 6367
8320 6580
8320 8666
8320 8984
8320 8985
8327 245
8327 653
8327 8563
8327 8988
8331 400
8331 923
8331 2658
8331 4361
8331 8975
8332 402
8332 955
8332 7359
8332 8663
8332 8990
8332 8991
8332 8992
8332 8993
8337 161
8337 1281
8337 2141
8337 3601
8337 5904
8337 8215
8337 8995
8344 8997
8363 561
8363 2747
8363 6439
8363 6774
8363 7592
8369 917
8369 3029
8369 4292
8369 8625
8369 9012
8388 3454
8388 7543
8388 8171
8388 8484
8388 9022
8388 9023
8392 195
8392 3602
8392 6857
8392 8262
8392 8914
8392 9025
8392 9026
8410 466
8410 4251
8410 6235
8410 7832
8415 1398
8415 3364
8415 7898
8415 9032
8422 1401
8422 3554
8422 5073
8422 5217
8422 7743
8422 9034
8430 8019
8446 824
8446 5284
8446 5626
8446 6508
8446 9044
8446 9045
8446 9046
8454 217
8454 2890
8454 2981
8454 4480
8454 7193
8458 3366
8458 6833
8458 7543
8458 8195
8458 8210
8458 9060
8458 9084
8458 9085
8458 9087
8458 9088
8465 9460
8465 10423
8465 10424
8465 10425
8465 10426
8465 10427
8466 2661
8466 6364
8466 6371
8466 7053
8466 8647
8466 9063
8474 5064
8474 6371
8474 8745
8474 8812
8474 9064
8474 9065
8474 9066
8482 2031
8482 2602
8482 6580
8482 9106
8482 9107
8482 9108
8484 4335
8484 6636
8484 8875
8484 9069
8484 9070
8484 9071
8489 2236
8489 9072
8489 9073
8489 9074
8496 8267
8507 1659
8507 2864
8507 7731
8507 8588
8516 136
8516 1659
8516 5060
8516 7731
8516 9100
8517 1859
8517 4101
8517 8195
8517 9092
8517 9093
8530 16
8530 756
8530 1940
8530 4264
8530 7648
8530 9102
8557 275
8557 4403
8557 7526
8557 8043
8557 9118
8566 1295
8566 3018
8566 8161
8566 9121
8566 9122
8566 9123
8566 9124
8566 9125
8586 275
8586 2949
8586 3568
8586 3858
8586 6508
8586 7997
8586 8726
8600 2498
8600 3499
8600 3991
8600 9140
8604 860
8604 5191
8604 8177
8604 8672
8604 8983
8604 9141
8604 9142
8611 6300
8611 8489
8611 9148
8611 9149
8611 9150
8618 371
8618 917
8618 5073
8618 6048
8618 8804
8618 8983
8618 9161
8618 9162
8619 319
8619 1656
8619 2810
8619 9068
8619 9156
8624 860
8624 1341
8624 6580
8624 9035
8624 9157
8624 9159
8625 2776
8625 5160
8625 9163
8634 2127
8634 2890
8634 3329
8634 7011
8641 16
8641 2581
8641 9170
8641 10273
8641 10274
8641 10275
8644 2832
8644 3453
8644 6197
8644 9170
8644 9171
8647 2810
8647 2854
8647 5967
8647 7965
8647 8571
8647 9186
8647 9187
8649 248
8649 3659
8649 6853
8649 9172
8649 9173
8649 9174
8649 9176
8654 1790
8654 1975
8654 1995
8654 3520
8654 8981
8654 9182
8654 9183
8654 9184
8654 9185
8661 335
8663 824
8663 4174
8663 5284
8663 5626
8663 8247
8663 8810
8663 9045
8663 9196
8666 1769
8666 3858
8666 4028
8666 7236
8666 8470
8669 1281
8669 6725
8669 7098
8669 9199
8669 9201
8676 1211
8676 2777
8676 3659
8686 4998
8686 7349
8686 9214
8686 9215
8689 520
8690 10
8690 1548
8690 1790
8690 6322
8690 8144
8690 9148
8690 9216
8693 2602
8693 3800
8693 8334
8693 9221
8699 734
8699 3651
8699 6747
8699 9226
8699 9227
8699 9228
8708 5571
8708 9240
8708 9241
8708 9244
8709 2089
8709 6439
8709 7569
8709 9245
8709 9246
8709 9247
8742 16
8742 743
8742 8743
8742 9278
8743 134
8743 2906
8743 8427
8743 9516
8745 4560
8745 9060
8745 9277
8752 4918
8752 9280
8752 9281
8752 9282
8756 2233
8756 2661
8756 4334
8756 8353
8756 8361
8769 1006
8769 8417
8771 7551
8774 217
8774 3845
8774 4358
8774 5010
8774 7971
8774 9291
8787 6047
8787 8980
8787 9298
8815 9306
8815 9307
8815 9308
8815 9310
8828 416
8828 5096
8828 5271
8828 6172
8828 6324
8828 9145
8832 388
8832 720
8832 1730
8832 1771
8832 2089
8832 6824
8832 8975
8833 3530
8833 6309
8833 8745
8833 8985
8833 9320
8833 9321
8833 9322
8834 2617
8834 5010
8834 9225
8849 2997
8849 8489
8850 3560
8850 3858
8850 5283
8850 6439
8850 6536
8850 9088
8850 9335
8850 9336
8875 714
8875 1633
8875 2167
8875 4975
8875 6269
8875 8157
8875 9087
8875 9373
8875 9374
8877 9375
8892 642
8892 1105
8892 8664
8892 9382
8892 9383
8892 9384
8892 9385
8892 9386
8900 756
8900 2890
8900 7095
8900 8988
8900 9394
8908 6851
8908 9433
8911 6118
8911 8828
8911 9396
8911 9397
8916 2709
8916 9402
8916 9403
8929 9063
8929 9409
8929 9410
8929 9411
8940 5728
8947 6620
8947 7156
8948 971
8948 7002
8948 9419
8948 9421
8959 1771
8959 2981
8959 4794
8959 6899
8959 8625
8975 3009
8975 4336
8975 9177
8975 9277
8975 9444
8976 1655
8976 1900
8976 3659
8984 2778
8984 8035
8984 8040
8984 9487
8984 9488
8988 4998
8988 8040
8988 8984
8988 9059
8988 9214
8995 1900
8995 2670
8995 5354
8995 5844
8995 7612
9001 923
9011 860
9011 2075
9011 2743
9011 3185
9011 9409
9012 149
9012 2682
9012 7019
9012 7400
9012 9464
9012 9465
9020 371
9020 4181
9020 4691
9020 6118
9020 7807
9020 8775
9022 399
9022 2142
9022 9056
9025 3071
9025 4437
9025 4969
9025 8092
9025 8107
9025 8458
9025 9475
9026 1470
9026 7972
9026 8569
9026 9479
9034 4478
9034 8625
9034 9189
9034 9480
9034 9481
9034 9482
9035 4634
9035 8313
9035 9469
9035 9483
9035 9484
9035 9485
9035 9486
9039 644
9039 4649
9039 5818
9039 8984
9039 9525
9039 10264
9056 965
9056 1857
9056 2469
9056 3648
9056 3932
9056 4694
9056 9508
9056 9509
9057 3212
9057 4085
9057 5206
9057 6118
9057 8484
9057 9502
9057 9503
9061 7011
9061 8806
9061 9506
9061 9507
9066 8619
9071 1369
9071 7023
9071 9510
9071 9511
9073 66
9073 2053
9073 7398
9073 8160
9073 9513
9073 9514
9090 1900
9090 7671
9090 9247
9090 9555
9092 339
9092 9532
9092 9533
9092 9534
9093 9559
9100 4261
9100 4694
9100 8634
9100 9535
9100 9536
9100 9537
9100 9538
9102 5928
9102 9539
9108 3018
9108 3029
9108 5768
9108 9106
9108 9189
9114 2670
9114 4080
9114 9702
9114 10018
9114 10057
9114 10220
9114 10221
9118 9554
9124 1657
9124 9557
9124 9558
9140 9138
9146 570
9146 2379
9146 5016
9146 9247
9146 9568
9149 2479
9149 5557
9149 8948
9149 9575
9149 9576
9150 923
9150 1975
9150 2794
9150 9503
9150 9569
9159 396
9161 4459
9161 4629
9161 5608
9161 8350
9161 9585
9163 814
9163 2469
9163 4174
9163 5768
9163 6316
9163 9587
9166 1771
9166 5216
9166 6747
9166 8241
9166 9588
9177 1398
9186 7940
9187 6434
9187 7023
9187 8331
9187 8409
9187 9597
9187 9598
9187 9599
9187 9600
9191 2599
9191 3071
9191 7669
9191 9602
9214 2647
9214 6625
9214 8261
9214 8414
9214 9092
9215 756
9215 1483
9215 7707
9215 9156
9215 9230
9215 9322
9215 9611
9216 2543
9216 3542
9216 4350
9216 5631
9216 8159
9216 9614
9216 9615
9220 2661
9226 9621
9228 1105
9228 4556
9228 9616
9228 9617
9244 2088
9257 7875
9280 4690
9280 4711
9280 9637
9282 7545
9282 8068
9282 8743
9282 9273
9282 9640
9287 4478
9287 6024
9287 7256
9287 9641
9287 9642
9295 9646
9306 824
9306 1269
9306 2950
9306 9657
9306 9658
9322 3243
9322 6025
9322 6882
9322 8741
9322 8988
9322 9410
9335 4690
9335 5524
9335 8251
9335 9678
9335 9679
9335 9680
9364 1282
9364 3907
9364 6508
9364 9282
9364 9351
9364 9366
9366 4769
9366 8409
9366 9534
9366 9691
9366 9692
9366 9693
9370 502
9370 3652
9370 9695
9370 9696
9370 9699
9370 9700
9374 1605
9374 3608
9374 4020
9374 9607
9374 9701
9381 2439
9381 5225
9381 7023
9381 7400
9381 8911
9381 9708
9382 8569
9382 8804
9396 3276
9396 3847
9396 4566
9396 8521
9396 9171
9396 9714
9396 9715
9402 4181
9402 9138
9402 9569
9402 9717
9402 9718
9402 9719
9415 7366
9415 8466
9415 8570
9415 9369
9415 9416
9421 3560
9421 6524
9421 8726
9421 8922
9421 9496
9421 9733
9421 9734
9444 307
9444 399
9444 1275
9444 4792
9444 9214
9444 9594
9444 9747
9444 9748
9451 664
9451 965
9451 1558
9451 9171
9451 9719
9451 9753
9455 6235
9455 8804
9455 9754
9455 9755
9455 9757
9467 7650
9474 4336
9474 9147
9474 9790
9475 1483
9475 2152
9475 9107
9475 9108
9475 9675
9475 9679
9475 9778
9478 2581
9478 5132
9478 5758
9478 6899
9478 7056
9478 9020
9480 9780
9486 714
9486 2647
9486 4020
9486 4930
9486 8247
9486 9755
9486 9781
9486 9782
9503 3388
9503 5547
9503 8361
9503 8810
9503 9788
9503 9789
9510 2152
9510 9807
9510 9808
9510 9809
9511 5861
9511 5961
9511 6367
9511 7612
9511 8157
9511 9614
9514 9806
9525 1515
9525 5267
9525 6679
9525 7807
9525 7821
9525 8748
9525 9615
9534 7122
9534 8710
9534 9802
9539 9166
9554 3991
9554 7002
9569 8557
9569 9832
9590 245
9590 4862
9590 5216
9590 9781
9590 9837
9590 9838
9590 9839
9590 9840
9590 9841
9594 734
9594 1123
9594 1730
9594 5160
9594 9732
9594 9848
9594 9849
9599 570
9599 1211
9599 4434
9599 7900
9599 9850
9599 9852
9602 149
9602 275
9602 8703
9602 9282
9614 8787
9614 9523
9614 9867
9619 1324
9619 1769
9619 5010
9619 8816
9619 9781
9619 9868
9619 9869
9622 374
9622 2594
9622 2670
9622 5274
9622 7545
9622 9481
9622 9738
9635 3344
9635 3544
9635 9147
9635 9226
9635 9478
9635 9885
9635 9886
9642 860
9642 8360
9642 9614
9642 9901
9642 9902
9646 1548
9646 6283
9646 7444
9646 8331
9646 9895
9670 9911
9670 9912
9670 9913
9670 9914
9670 9915
9670 9916
9692 9713
9692 9839
9692 9924
9692 9925
9693 217
9696 5763
9696 8361
9696 8588
9696 9929
9696 9930
9699 1384
9699 2743
9699 4342
9699 4425
9699 4769
9699 5096
9699 8040
9699 9291
9700 16
9700 9934
9700 9935
9700 9937
9700 9939
9701 1070
9701 7379
9701 9916
9701 10382
9702 786
9702 3794
9702 3940
9702 9932
9702 9933
9707 2778
9707 3880
9707 5271
9707 7398
9707 7444
9714 3794
9714 4792
9714 8908
9714 9374
9714 9945
9714 9948
9718 149
9718 9569
9718 9886
9718 9949
9722 6620
9722 9627
9722 9951
9722 9953
9724 1282
9724 2086
9724 2089
9724 3940
9724 4690
9724 9956
9724 9957
9724 9958
9732 1278
9732 8975
9732 9226
9732 9860
9732 9961
9732 9962
9732 9963
9733 2658
9733 2778
9733 3018
9733 8035
9733 8984
9733 9339
9733 9965
9734 6197
9734 8775
9734 9034
9734 9403
9734 9637
9734 9967
9745 9867
9753 149
9753 1996
9753 9384
9753 9942
9753 9995
9753 9996
9755 1356
9755 8314
9755 8748
9755 9975
9768 396
9768 720
9768 1657
9768 5367
9768 9985
9768 9986
9776 152
9776 319
9776 1633
9776 7363
9776 8361
9776 9587
9783 860
9783 3423
9783 4028
9783 7379
9783 9411
9783 9614
9786 161
9786 1600
9786 9307
9797 2864
9797 7440
9797 8984
9797 9187
9797 9227
9797 9998
9799 8063
9800 3486
9800 7157
9800 8816
9800 10002
9800 10003
9800 10004
9802 1483
9802 8624
9802 9464
9802 9717
9802 10000
9802 10001
9815 9808
9832 1321
9832 1940
9832 4787
9832 5626
9832 8922
9832 10018
9832 10019
9837 2997
9837 4209
9837 9488
9837 10026
9837 10027
9839 195
9839 4064
9839 5295
9839 9533
9839 9707
9839 9777
9839 9846
9841 3659
9841 6899
9841 7011
9841 9707
9841 9776
9841 10029
9848 2864
9848 5714
9848 9464
9848 10037
9849 1548
9849 2075
9849 3590
9849 6047
9849 6408
9849 8068
9859 9807
9860 3470
9860 4121
9860 5714
9860 8833
9860 10059
9860 10060
9860 10061
9861 4467
9861 8144
9861 8975
9861 10042
9861 10044
9863 10041
9864 456
9864 1769
9864 5440
9864 8142
9864 8828
9864 9957
9864 10045
9864 10046
9866 4046
9866 5967
9866 10050
9866 10052
9867 7687
9867 9832
9867 10053
9867 10054
9867 10055
9867 10056
9867 10057
9867 10058
9869 5217
9869 6128
9869 9732
9869 9757
9869 9821
9875 705
9875 3772
9875 4694
9875 4724
9875 5315
9875 7126
9875 7201
9875 10062
9877 401
9877 2075
9877 2182
9877 2552
9877 3677
9878 10070
9880 240
9880 720
9880 2119
9880 7193
9892 1852
9892 8624
9892 9503
9892 9924
9895 2058
9895 3556
9895 8278
9895 10074
9895 10075
9895 10076
9895 10077
9895 10078
9901 1725
9901 1805
9901 4987
9901 5413
9901 6654
9901 8563
9901 9696
9901 9880
9902 10120
9902 10121
9902 10122
9909 466
9909 2089
9909 3624
9909 4792
9909 5309
9909 8195
9909 8482
9909 9821
9909 10095
9912 374
9912 1483
9912 3624
9912 8063
9912 9189
9912 9974
9912 10101
9912 10102
9912 10104
9913 642
9913 4769
9913 5166
9913 6579
9913 6880
9913 8196
9913 9911
9913 9956
9916 224
9916 3772
9916 8467
9916 10107
9916 10108
9921 8828
9924 149
9924 2182
9924 7029
9924 8812
9924 9635
9924 10111
9935 10282
9943 1367
9943 3458
9943 10122
9943 10123
9943 10124
9943 10125
9951 466
9951 9039
9951 9525
9962 8641
9965 2747
9965 7547
9965 10705
9974 8063
9974 9935
9974 10143
9974 10144
9983 1455
9983 6576
9983 7444
9983 7941
9983 8410
9983 9011
9983 9702
9986 1657
9986 6201
9986 10148
9996 217
9996 2042
9996 3561
9996 4192
9996 9949
9996 10150
9996 10151
9996 10152
9998 2359
9998 2543
9998 3499
9998 4349
9998 7875
10000 2964
10000 3590
10000 5064
10000 8981
10000 10157
10000 10158
10007 4480
10007 6420
10007 6918
10007 8814
10007 10008
10007 10009
10008 6727
10008 6942
10008 9159
10008 9692
10008 10160
10008 10161
10008 10162
10019 1356
10019 2111
10019 4191
10019 8816
10026 1344
10026 3568
10026 3946
10026 6636
10026 7972
10026 8698
10026 10120
10029 1342
10029 6294
10037 664
10041 664
10041 9696
10041 9786
10041 9862
10041 10182
10041 10183
10042 10223
10045 466
10045 3940
10045 4690
10045 6409
10045 6892
10045 9536
10045 10188
10047 1252
10047 9217
10047 9675
10047 9848
10047 10189
10047 10190
10047 10191
10054 3268
10054 4163
10054 5678
10054 10193
10057 7398
10057 7592
10057 10348
10059 6029
10059 10195
10059 10196
10060 786
10060 2781
10060 3858
10060 4040
10060 6126
10060 6890
10060 8145
10070 10210
10070 10211
10070 10212
10070 10213
10070 10214
10070 10215
10070 10216
10070 10217
10070 10218
10070 10219
10074 4955
10074 7547
10074 10260
10074 10261
10074 10262
10075 1455
10075 3539
10075 6945
10075 10231
10075 10232
10075 10233
10078 11
10078 1677
10078 5757
10078 9032
10078 9421
10078 10234
10082 39
10082 6026
10082 6235
10082 7832
10082 7947
10082 9247
10082 10080
10085 3453
10085 6670
10085 10241
10111 374
10111 1657
10111 7359
10111 8195
10111 9403
10111 10254
10111 10255
10125 4411
10125 7972
10125 8215
10125 8562
10125 9453
10125 9722
10137 4794
10137 7803
10137 9766
10137 10082
10137 10187
10137 10269
10144 860
10144 2670
10144 3344
10144 9517
10144 10277
10144 10278
10144 10279
10150 4437
10150 7863
10150 9146
10160 10285
10161 7201
10163 4403
10163 5315
10163 7079
10163 7349
10163 8458
10163 10286
10163 10287
10176 307
10176 759
10176 1657
10176 7801
10176 10294
10183 1304
10183 8195
10183 10301
10183 10302
10188 10305
10189 431
10189 3520
10189 8059
10189 9701
10189 10307
10193 1933
10193 3589
10193 9306
10193 9433
10193 10120
10193 10188
10193 10308
10193 10309
10195 1070
10195 3531
10195 4998
10195 5000
10195 6026
10195 10310
10208 1199
10208 2242
10208 8135
10208 9000
10208 9635
10208 9675
10208 10111
10220 3268
10220 9786
10220 10202
10220 10327
10223 161
10223 1282
10223 1338
10223 3539
10223 5386
10223 7079
10223 9786
10230 2997
10230 6417
10230 6620
10230 7997
10230 10143
10230 10243
10230 10338
10231 825
10231 5386
10231 5724
10231 6309
10231 8331
10231 9696
10231 10339
10231 10340
10231 10341
10231 10342
10231 10343
10231 10344
10234 1579
10234 7801
10234 8908
10234 9322
10245 1324
10245 2087
10245 3848
10245 6555
10245 10352
10264 11
10264 66
10264 561
10264 746
10264 10356
10269 2543
10269 7551
10269 8641
10269 9370
10269 10359
10273 2950
10273 5721
10273 7971
10273 10364
10273 10365
10273 10366
10281 5320
10281 7567
10281 10305
10281 10370
10281 10371
10281 10372
10281 10373
10287 1725
10294 2925
10294 7381
10294 10375
10310 5116
10310 9124
10310 10383
10310 10384
10311 5237
10315 3486
10315 7650
10318 2552
10318 2602
10318 10382
10318 10388
10318 10389
10327 2238
10327 6293
10327 8588
10327 8676
10327 10356
10332 10399
10340 245
10340 4862
10340 8816
10340 9838
10344 7592
10344 8984
10344 10057
10344 10404
10359 3470
10359 8910
10359 10415
10359 10416
10359 10418
10359 10419
10360 860
10364 6024
10365 5000
10365 8650
10365 10122
10365 10422
10371 5315
10372 374
10372 1483
10372 7122
10372 9916
10372 10143
10372 10352
10372 10433
10383 4987
10383 8415
10383 10148
10383 10467
10391 2087
10391 3531
10391 4085
10391 7736
10391 10148
10391 10476
10392 4690
10392 9321
10392 10243
10392 10478
10392 10479
10404 2743
10404 7159
10404 8145
10404 8992
10404 10513
10416 5649
10416 10438
10416 10494
10418 759
10418 3487
10418 4192
10418 7439
10418 7554
10418 9869
10418 9886
10418 10495
10423 5166
10425 3520
10425 5909
10425 8198
10425 9745
10425 10124
10425 10499
10426 1483
10426 3362
10426 9799
10426 10502
10426 10504
10428 10505
10429 2594
10429 6508
10429 7971
10429 9100
10429 10004
10429 10506
10429 10508
10433 10531
10434 4046
10434 6579
10434 7090
10434 7366
10434 10515
10434 10516
10434 10517
10449 1304
10449 1988
10449 2734
10449 6971
10449 7439
10449 10163
10453 4286
10453 6314
10453 7201
10453 8100
10453 9377
10453 10285
10453 10454
10453 10455
10454 2469
10454 8195
10454 10529
10479 1342
10479 3568
10479 3590
10479 4997
10479 10555
10491 10479
10504 10584
10508 7085
10508 7122
10508 10577
10508 10578
10508 10579
10513 1015
10517 3348
10517 3423
10517 4193
10517 7098
10517 8267
10517 9849
10517 9859
10517 10585
10520 1849
10520 9714
10520 10233
10520 10315
10520 10589
10520 10591
10529 1532
10529 6725
10533 6230
10533 9953
10533 10599
10544 4349
10555 2646
10555 3268
10555 4975
10555 8586
10555 10611
10555 10612
10556 4335
10556 6434
10556 7822
10556 8588
10556 10614
10556 10615
10556 10616
10556 10617
10577 564
10577 1633
10577 7159
10577 10630
10577 10631
10577 10632
10578 275
10578 1919
10578 9755
10578 9780
10578 10047
10578 10245
10578 10637
10579 1105
10579 1805
10579 7748
10579 9635
10579 9702
10579 10329
10579 10634
10579 10636
10585 10638
10588 5528
10597 355
10597 6508
10597 9906
10597 10371
10597 10649
10597 10650
10599 4566
10599 10383
10606 653
10606 9138
10606 10315
10606 10607
10606 10608
10607 3255
10607 5904
10607 10641
10607 10653
10623 246
10623 799
10623 3499
10623 5064
10623 8331
10623 10413
10632 825
10632 8619
10632 10649
10632 10674
10632 10675
10632 10676
10632 10677
10649 322
10649 3561
10649 5079
10649 10449
10649 10650
10649 10682
10650 1657
10650 1692
10650 4595
10650 10371
10653 1367
10653 5818
10653 7743
10653 7801
10653 8068
10662 456
10662 10246
10662 10688
10662 10689
10662 10690
10671 3344
10671 4191
10671 7400
10671 7554
10671 10548
10671 10692
10671 10693
10671 10694
10674 9247
10674 10308
10674 10695
10674 10697
10674 10698
10677 1399
10677 6882
10677 8981
10677 10286
10677 10567
10690 1579
10690 9714
10690 10111
10690 10711
10690 10712
10700 3772
10700 7971
10700 10588
10700 10715
10700 10716
10703 3211
10703 3388
10703 5274
10703 5309
10703 5818
10703 8068
10703 10534
10703 10717
10703 10718
10705 1283
10705 4556
10705 5678
10705 9985
10705 10719
10705 10720
10710 3407
10710 4556
10710 10435
10710 10724
10710 10725
10711 321
10711 1656
10711 7612
10711 8195
10711 8914
10715 8830
10715 9722
10715 10732
10715 10733
10715 10734
10717 1532
10717 3515
10717 5315
10717 8892
10717 9780
10717 10737
10719 10738
10719 10739
10719 10740
10724 8588
10724 8804
10724 8992
10724 9093
10724 10143
10724 10747
10732 9770
10733 206
10733 3255
10733 3453
10733 10338
10733 10754
10733 10755
10733 10756
10739 1988
10739 2718
10739 6095
10739 10765
10739 10766
10739 10767
10751 5315
10754 2991
10754 3568
10754 4174
10754 9455
10756 644
10756 4017
10756 4794
10756 5315
10756 9702
10756 10785
10766 564
10766 2233
10766 4355
10766 7887
10766 8625
10766 10789
10766 10790
10766 10791
10772 10439
10779 9780
10785 8313
10785 8350
10785 8516
10785 10808
10790 1384
10790 8743
10790 10695
10790 10812
10790 10813
10790 10814
10790 10815
10812 6095
10812 6484
10812 10825
10812 10826
10812 10828
10812 10829
10815 1356
10815 8106
10815 8580
10815 9587
10815 10435
10815 10578
10815 10831
10816 2469
10816 4209
10816 5608
10816 7826
10816 10624
10816 10832
10816 10833
10829 8914
10829 10674
10829 10857
10843 642
10843 5728
10843 7776
10843 8458
10843 10852
10843 10853
10843 10854
10857 9860
10857 9993
10857 10304
10857 10422
10864 1657
10864 2267
10864 3851
10864 3907
10864 10873
