20 50
20 52
20 54
20 55
20 56
20 58
21 61
21 62
21 63
21 64
21 67
21 68
30 186
46 92
46 127
46 129
46 130
46 131
46 132
46 133
46 135
54 145
54 146
54 147
54 148
54 150
54 153
58 165
58 168
58 169
58 170
58 171
58 172
58 173
58 174
61 175
62 179
62 180
62 182
62 183
73 187
73 188
73 189
73 190
73 191
73 192
73 193
73 196
81 193
81 196
81 1014
81 3186
81 3297
81 5969
81 5970
81 5971
89 148
89 267
89 270
89 271
89 272
89 274
90 89
90 92
90 223
90 259
90 260
90 261
90 262
90 263
90 264
90 265
92 164
92 276
92 277
92 279
92 280
92 281
92 282
92 283
94 299
94 304
94 305
94 308
106 171
106 343
106 344
106 345
106 346
106 348
106 349
123 405
123 406
123 407
123 408
123 409
123 410
123 411
123 412
123 414
127 2364
127 3684
129 2518
129 3309
129 3310
129 3311
129 3314
129 3317
130 446
130 447
130 449
130 450
130 452
130 453
131 140
131 459
131 462
131 463
132 52
132 219
132 222
132 464
132 468
133 1210
133 4229
133 4230
133 4231
133 4232
147 521
147 522
147 523
147 524
147 525
147 526
147 527
147 529
148 531
148 537
150 538
150 540
150 541
150 542
150 543
150 545
150 546
153 473
153 549
153 551
153 552
153 553
153 554
153 555
158 346
158 495
158 505
158 565
158 566
158 567
158 568
158 569
165 590
165 591
165 592
165 594
165 595
165 596
168 540
168 618
168 619
168 620
168 621
168 622
168 623
168 624
170 715
170 717
170 719
170 721
170 722
170 723
171 543
171 628
171 631
175 92
175 190
175 632
175 633
175 634
175 636
175 638
180 304
180 639
180 646
180 647
180 648
180 651
180 652
187 407
187 568
187 693
187 694
187 695
187 696
187 697
187 698
187 699
189 674
189 675
189 676
189 677
189 679
189 682
190 4579
190 5355
192 686
192 687
192 689
192 692
213 172
213 348
213 410
213 761
213 762
213 763
213 764
213 765
213 766
213 767
220 776
220 778
220 780
220 781
220 782
223 785
223 790
223 792
227 58
227 106
227 343
227 344
227 345
227 794
227 795
238 826
238 827
238 830
238 831
238 835
244 1020
244 1021
244 1022
244 1023
244 1024
244 1025
253 483
253 887
253 888
253 889
253 890
253 893
254 305
254 901
254 902
254 904
254 905
254 906
254 908
260 977
260 979
260 981
261 933
261 936
261 938
261 939
261 940
261 941
262 942
262 944
262 945
262 946
263 114
263 2071
263 2122
263 2871
263 2872
264 948
264 951
264 956
265 386
265 1027
265 1028
265 1030
265 1031
265 1032
265 1033
267 628
267 959
267 961
267 962
267 963
267 966
270 263
270 1045
270 1047
270 1049
270 1051
272 765
272 982
272 983
272 984
272 986
272 987
272 988
272 989
276 1315
277 638
277 698
277 1005
277 1007
277 1008
280 264
280 1035
280 1036
280 1038
280 1042
280 1043
281 542
281 837
281 4303
281 5152
281 5495
281 5496
282 50
285 106
285 345
285 407
285 569
285 1053
285 1054
285 1055
285 1056
285 1057
285 1058
299 1117
304 261
304 348
304 407
304 634
304 1054
304 3038
304 3076
304 7397
305 1103
305 1104
305 1109
308 619
308 1111
308 1112
308 1116
317 830
317 1148
317 1149
317 1150
317 1152
317 1153
317 1154
343 1206
343 1208
343 1209
343 1210
344 782
344 1212
345 1219
345 1220
345 1222
345 1223
345 1224
345 1225
345 1226
345 1227
346 1228
346 1229
346 1231
346 1234
348 1095
348 1250
348 1253
348 1254
349 693
349 695
349 698
349 1255
349 1256
349 1257
349 1259
354 407
354 699
354 765
354 867
354 945
354 1072
354 1255
354 1299
354 1300
354 1301
356 145
356 1302
356 1303
356 1306
375 129
375 346
375 505
375 565
375 566
375 1316
375 1318
386 646
386 1020
386 1119
386 1329
386 1331
405 790
405 933
405 1357
405 1358
405 1359
405 1360
407 695
407 877
407 1362
407 1366
408 595
408 1371
408 1373
409 803
409 1020
409 1374
409 1377
410 591
410 717
410 1381
410 1383
411 129
411 1414
411 1417
411 1419
412 1388
412 1390
412 1391
412 1393
412 1394
427 1448
427 1449
427 1450
427 1451
427 1452
427 1453
427 1454
427 1456
427 1457
429 2808
429 4034
429 4840
446 1494
446 1495
446 1497
446 1498
446 1501
446 1502
447 148
447 174
447 346
447 628
447 693
447 987
447 1503
447 1504
447 1505
447 1506
453 638
453 1222
453 1507
453 1509
453 1510
453 1511
463 261
463 551
463 696
463 1058
463 1528
463 1529
463 1530
464 601
464 1011
464 1226
464 1522
464 1524
464 1525
468 1314
468 1544
468 1545
468 1547
468 1549
468 1550
473 127
473 168
473 265
473 1353
473 1533
473 1534
473 1535
473 1536
473 1537
473 1538
475 148
475 628
475 766
475 987
475 1164
475 1503
475 1551
475 1552
475 1553
483 147
483 1020
483 1119
483 1122
483 1580
483 1582
483 1583
483 1584
486 165
486 407
486 568
486 694
486 695
486 696
486 697
486 698
486 699
486 1255
493 172
493 173
493 636
493 761
493 762
493 763
493 765
493 1456
493 1536
493 1597
495 893
495 1598
495 1599
495 1601
495 1603
506 261
506 410
506 538
506 765
506 867
506 945
506 1072
506 1613
507 261
507 538
507 565
507 765
507 1299
507 1614
507 1615
507 1617
507 1618
512 989
512 1628
512 1629
512 1631
512 1635
516 914
516 945
516 1042
516 1054
516 1299
516 1649
516 1650
516 1651
516 1652
524 261
524 410
524 565
524 765
524 867
524 945
524 1072
524 1299
524 1666
526 897
526 1662
526 1663
526 1664
526 1665
527 174
527 887
527 1083
527 1667
527 1669
527 1671
527 1672
531 1644
531 1674
531 1675
531 1678
543 1986
545 553
545 1701
545 1703
545 1707
549 1254
549 1723
549 1726
549 1728
549 1729
562 70
562 164
562 1765
562 1768
565 1760
565 1761
565 1762
566 63
566 459
566 1564
566 1774
566 1776
567 1823
567 1826
567 1827
567 1829
568 540
568 621
568 961
568 1710
568 1770
568 1772
569 130
569 131
569 763
569 851
569 1608
569 1831
569 1833
574 1443
574 2396
574 4188
574 4427
574 5080
574 5081
574 5082
590 1841
590 1842
590 1843
590 1844
590 1846
590 1847
591 146
591 1848
591 1850
592 1873
592 1874
592 1875
592 1876
592 1877
592 1878
592 1880
592 1882
595 889
595 1854
595 1855
595 1856
596 106
596 343
596 344
596 345
596 346
596 348
596 794
596 795
601 165
601 407
601 568
601 693
601 694
601 695
601 697
601 698
601 1255
610 1109
610 1186
610 1234
610 1628
610 1883
610 1884
610 1885
610 1886
610 1887
615 263
615 538
615 765
615 983
615 987
615 989
615 1553
615 1903
615 1904
615 1905
620 1916
620 1917
620 1918
620 1922
620 1923
620 1925
621 260
621 1409
621 1906
621 1908
621 1909
621 1910
621 1911
628 760
628 946
628 1926
628 1928
631 1030
631 1937
631 1939
631 1941
632 180
632 190
632 223
632 267
632 1185
632 1946
632 1947
632 1949
633 180
633 190
633 223
633 925
633 1209
633 1340
633 1943
633 1944
633 1945
636 2013
638 282
638 1950
638 1951
638 1952
638 1954
638 1956
638 1957
639 58
639 92
639 127
639 133
639 1322
639 1958
639 1959
639 1960
639 1961
647 410
647 566
647 826
647 1551
647 1959
647 1971
647 1972
648 2008
648 2009
648 2011
648 2012
666 165
666 407
666 568
666 693
666 694
666 695
666 696
666 697
666 698
666 1255
673 1417
673 1497
673 2030
673 2032
673 2033
673 2034
673 2035
673 2036
674 2038
674 2039
674 2043
675 164
675 170
675 648
675 696
675 1533
675 2046
675 2047
675 2048
692 263
692 538
692 697
692 765
692 983
692 1553
692 1904
692 1905
692 2096
692 2097
693 2098
693 2099
693 2104
693 2105
696 531
696 2113
696 2114
696 2115
696 2117
696 2118
696 2120
698 304
698 639
698 956
698 1231
698 1589
698 5030
698 5711
699 2121
699 2122
699 2124
699 2126
699 2128
702 1808
702 2094
702 2977
702 3574
702 3684
702 5054
704 127
704 1229
704 1663
704 2137
704 2139
707 5869
717 54
717 1525
717 2179
717 2180
717 2181
717 2184
719 726
719 982
719 1219
719 2117
719 2185
719 2186
719 2187
721 797
721 2189
721 2191
721 2192
721 2194
722 165
722 412
722 453
722 699
722 1054
722 2195
722 2196
722 2197
722 2198
723 2199
723 2200
723 2201
723 2205
723 2206
738 2224
753 512
753 2098
753 2276
753 2278
753 2279
753 2280
753 2281
753 2282
754 1318
754 1429
754 1449
754 2257
754 2258
760 2121
761 2294
761 2295
762 408
762 628
762 889
762 1533
762 2265
762 2266
762 2268
762 2270
763 1410
763 1580
763 1598
763 2272
765 67
765 68
765 1152
765 2283
765 2284
766 552
766 1644
766 1716
766 2287
766 2290
774 148
774 538
774 628
774 766
774 1503
774 1551
774 1552
774 1553
774 2186
776 407
776 847
776 982
776 984
776 988
776 989
776 1506
776 2297
781 449
781 1160
781 2396
781 2474
790 1017
790 1194
790 1359
790 2321
790 2322
790 2324
792 1974
792 2325
792 2326
792 2327
792 2328
792 2329
792 2330
794 2332
794 2334
794 2336
820 260
820 272
820 2309
820 2352
820 2354
820 2356
823 174
823 344
823 636
823 867
823 1456
823 1536
823 1553
823 2364
823 2365
823 2366
826 31
826 138
826 1128
826 1643
826 2368
826 2369
826 2370
827 174
827 405
827 409
827 411
827 412
827 2371
827 2372
827 2373
827 2374
830 1728
830 2157
830 2392
830 2393
830 2394
831 20
831 830
831 1528
831 1833
831 2384
831 2385
835 187
835 190
835 260
835 2388
835 2389
835 2391
837 30
837 1164
837 1716
837 2354
837 2411
837 2412
837 2415
839 1910
839 2396
839 2397
839 2398
839 2401
847 2388
847 2389
847 2437
847 2440
847 2441
847 2443
851 129
851 183
851 505
851 565
851 566
851 567
851 568
851 1316
853 1598
853 1710
853 2497
855 90
855 407
855 565
855 694
855 695
855 699
855 984
855 1056
855 1603
859 131
859 133
859 267
859 429
859 677
859 794
859 1652
859 2484
859 2485
859 2486
867 213
867 596
867 674
867 1854
867 2518
867 2519
889 1501
889 2554
889 2555
889 2556
890 762
890 1791
890 2392
890 2564
890 2566
890 2567
890 2568
893 261
893 410
893 565
893 699
893 765
893 867
893 945
893 1072
893 1255
893 1299
894 2582
897 147
897 410
897 566
897 826
897 1551
897 1971
897 3060
897 4195
897 5133
901 129
901 695
901 699
901 1055
901 1164
901 1198
901 1456
901 1552
901 1971
902 276
902 2394
902 2583
902 2584
902 2586
904 244
904 2408
904 2589
904 2590
904 2591
904 2592
904 2593
906 30
906 1227
906 2595
906 2596
906 2597
906 2598
920 127
920 187
920 697
920 1353
920 1534
920 1535
920 1537
920 1553
920 2096
925 1848
925 2356
925 2626
925 2627
925 2628
938 2671
938 2672
938 2673
938 2674
938 2675
938 2676
941 172
941 407
941 568
941 636
941 694
941 695
941 696
941 697
941 763
941 764
945 966
945 1362
946 702
946 1186
946 1322
946 1461
946 1842
948 1918
956 182
956 1675
956 2705
956 2708
956 2710
958 158
958 220
958 344
958 697
958 1503
958 1613
959 2719
961 493
961 574
961 674
961 2720
961 2722
961 2723
961 2724
963 1005
963 3435
963 3664
963 5669
972 631
972 1014
972 1095
972 2310
972 2763
977 343
977 505
977 1886
977 2741
977 2742
977 2744
983 279
984 647
984 2568
984 2746
984 2748
984 2749
987 18
987 2117
987 2758
987 2759
987 2760
988 933
988 2268
988 4389
988 5002
988 5369
988 5983
989 2265
989 2766
989 2767
1008 202
1008 512
1008 956
1008 1056
1008 1254
1008 2792
1017 127
1017 697
1017 1534
1017 1535
1017 1537
1017 1552
1017 1553
1017 2096
1017 2372
1017 2710
1021 1033
1021 2779
1021 2812
1021 2813
1021 2814
1021 2816
1021 2817
1024 133
1024 165
1024 407
1024 568
1024 693
1024 695
1024 696
1024 699
1024 1354
1025 2433
1025 2808
1025 2809
1025 2811
1030 622
1030 1419
1030 2821
1030 2823
1031 565
1031 765
1031 945
1031 1299
1042 679
1042 1198
1042 2826
1042 2827
1051 527
1051 721
1051 1049
1051 2841
1053 951
1053 2487
1053 2844
1054 220
1054 2060
1054 2845
1054 2846
1054 2847
1054 2848
1054 2849
1054 2850
1054 2851
1057 2013
1057 2857
1057 2858
1057 2860
1058 1842
1058 2862
1058 2866
1058 2868
1058 2869
1067 546
1067 2883
1067 2884
1072 182
1072 264
1072 1198
1072 2380
1072 2905
1073 282
1073 2304
1073 2466
1073 3181
1073 6421
1109 174
1109 344
1109 636
1109 867
1109 1456
1109 1536
1109 1553
1109 2364
1109 2365
1109 2366
1111 1042
1111 1054
1111 1601
1111 2974
1111 2975
1111 2977
1111 2979
1112 537
1112 638
1112 1863
1112 2705
1112 2953
1116 1547
1116 1678
1116 3002
1116 3006
1117 138
1117 140
1117 3034
1117 3035
1117 3036
1117 3038
1117 3039
1122 52
1122 567
1122 1665
1128 961
1128 1150
1128 1886
1128 2137
1128 2993
1130 453
1130 567
1130 622
1130 2192
1130 2258
1130 3000
1145 567
1145 1104
1145 1130
1145 2608
1145 2872
1145 3033
1152 5863
1153 1154
1153 2290
1153 2583
1153 3088
1153 3089
1154 133
1154 344
1154 345
1154 538
1154 565
1154 794
1154 795
1154 1056
1154 3040
1164 639
1164 686
1164 1806
1164 1950
1164 3085
1164 3086
1164 3087
1168 495
1168 1533
1168 1582
1168 3060
1168 3061
1168 3062
1168 3063
1169 180
1169 223
1169 267
1169 1185
1169 1946
1169 1947
1169 3065
1169 3067
1171 343
1171 344
1171 346
1171 348
1171 794
1171 987
1171 3074
1184 92
1184 130
1184 131
1184 189
1184 1056
1184 1959
1184 2034
1184 3114
1185 542
1185 2272
1185 3106
1185 3107
1186 940
1186 1109
1186 2265
1186 2803
1186 3058
1186 3108
1194 281
1194 1198
1194 1525
1194 3152
1194 3154
1195 133
1195 726
1195 2394
1195 2567
1195 3116
1195 3117
1198 803
1198 2474
1198 3085
1198 3123
1198 3124
1198 3125
1198 3126
1198 3127
1219 2332
1219 2857
1219 3158
1219 3159
1219 3160
1223 147
1223 165
1223 763
1223 1056
1223 1551
1223 1959
1223 2196
1223 3060
1224 1020
1224 3167
1224 3168
1224 3170
1224 3172
1228 407
1228 1116
1228 1595
1228 3181
1229 1533
1229 3174
1229 3175
1229 3176
1229 3178
1229 3179
1229 3180
1231 189
1231 3186
1231 3187
1231 3188
1231 3189
1231 3190
1231 3191
1231 3192
1234 574
1234 1667
1234 1669
1234 3158
1234 3197
1234 3198
1234 3199
1241 554
1241 1347
1241 3085
1241 3143
1241 3200
1241 3203
1255 180
1255 979
1255 1448
1255 3074
1256 757
1285 754
1285 3237
1285 3238
1285 3239
1285 3240
1285 3241
1285 3242
1289 1302
1289 1550
1289 3244
1289 3248
1289 3249
1291 512
1291 1554
1291 1669
1291 1785
1291 3250
1291 3252
1294 940
1294 1234
1294 1776
1294 2441
1294 3082
1294 3265
1294 3267
1299 901
1299 3273
1300 175
1300 2217
1300 3279
1300 3280
1306 646
1306 1185
1306 3812
1306 4546
1306 8087
1306 8750
1314 986
1314 1322
1314 1960
1314 1961
1314 3294
1314 3295
1314 3296
1314 3297
1315 986
1315 1322
1315 1414
1315 1960
1315 1961
1315 2170
1315 3294
1315 3295
1315 3296
1315 3297
1315 3518
1318 1603
1318 2608
1318 3116
1318 3298
1322 92
1322 127
1322 129
1322 130
1322 267
1322 693
1322 1056
1322 1958
1322 1959
1322 3065
1333 170
1333 263
1333 538
1333 983
1333 1534
1333 1537
1333 1553
1333 1903
1333 1904
1333 1905
1347 1469
1347 2457
1347 3317
1347 3349
1347 3350
1353 92
1353 963
1353 2144
1354 1391
1354 1631
1354 1760
1354 2157
1354 2354
1354 2700
1354 3409
1354 6638
1354 7715
1354 7716
1354 7717
1354 7718
1357 168
1357 265
1357 412
1357 1468
1357 1535
1357 1537
1357 1538
1357 1716
1357 3372
1359 267
1359 567
1359 894
1359 1946
1359 1947
1359 2195
1359 2486
1359 3067
1359 3094
1359 3373
1373 165
1373 568
1373 693
1373 694
1373 695
1373 698
1373 3006
1373 3399
1373 3400
1373 3401
1374 933
1374 938
1374 1005
1374 1184
1374 2673
1374 2744
1374 3434
1374 3435
1374 3436
1377 738
1377 1036
1377 3408
1377 3409
1381 1533
1381 1884
1381 1911
1381 1983
1381 2056
1381 3075
1381 3431
1381 3432
1388 1259
1388 2365
1388 3126
1388 3460
1391 3203
1391 3461
1391 3463
1391 3464
1391 3465
1391 3466
1393 2821
1393 3467
1393 3469
1393 3471
1396 774
1396 1547
1396 6206
1396 7240
1409 169
1409 568
1409 695
1409 697
1409 982
1409 984
1409 986
1409 2297
1410 308
1410 3375
1410 3467
1410 3501
1410 3503
1410 3505
1410 3506
1414 262
1414 263
1414 1535
1414 1729
1414 3493
1414 3495
1414 3496
1425 277
1425 356
1425 1703
1425 2767
1425 2813
1425 3512
1430 127
1430 168
1430 265
1430 412
1430 1054
1430 1353
1430 1536
1430 1537
1430 1538
1430 2195
1433 1073
1433 1411
1433 2869
1433 3240
1433 3629
1433 4366
1440 31
1440 2826
1440 3528
1443 170
1443 594
1443 894
1443 1116
1443 2398
1443 3543
1443 3545
1448 3537
1448 3538
1448 3540
1448 3541
1450 1184
1450 1826
1450 3310
1450 3587
1453 190
1453 1226
1453 1268
1453 2433
1453 3552
1454 1533
1454 1720
1454 3534
1454 3550
1456 37
1456 2848
1456 3216
1456 3557
1461 148
1461 348
1461 766
1461 987
1461 1503
1461 1551
1461 1552
1461 1553
1461 3576
1463 1750
1463 2626
1463 2882
1463 3552
1463 3579
1463 3580
1463 3581
1472 1393
1472 3065
1472 3350
1472 3582
1472 3583
1494 127
1494 131
1494 1534
1494 2283
1494 2310
1494 3616
1494 3617
1494 3618
1495 375
1495 723
1495 726
1495 1639
1495 3626
1495 3628
1495 3629
1503 70
1503 1495
1503 1664
1503 3632
1503 3634
1504 453
1504 797
1504 1530
1504 2137
1504 2808
1504 3637
1506 3587
1507 3664
1511 260
1511 1259
1511 1366
1511 1494
1511 3644
1522 2693
1522 3158
1522 4940
1522 6146
1522 6149
1525 1250
1525 1603
1525 1666
1525 2198
1525 3665
1525 3666
1528 1359
1528 1468
1528 2425
1528 2767
1528 3670
1528 3671
1529 1148
1529 2592
1529 3580
1529 3690
1529 3691
1534 1667
1534 1861
1534 2336
1534 3673
1535 18
1535 54
1535 702
1536 148
1536 222
1536 3355
1536 3675
1537 1030
1537 1259
1537 2497
1537 3060
1537 3280
1537 3469
1537 3678
1538 58
1538 344
1538 345
1538 794
1538 795
1538 1439
1538 1916
1542 1433
1542 2179
1542 3697
1544 3698
1545 129
1545 346
1545 495
1545 505
1545 568
1545 984
1545 987
1545 989
1545 1316
1549 546
1549 2875
1549 3006
1549 3699
1549 3700
1549 3701
1549 3702
1551 1045
1551 1306
1551 1509
1551 3581
1551 3717
1552 1623
1552 2011
1552 3703
1553 54
1553 3707
1553 3709
1553 3710
1553 3712
1556 37
1556 897
1556 1639
1556 3207
1556 3723
1564 2637
1572 127
1572 130
1572 133
1572 568
1572 693
1572 694
1572 695
1572 696
1572 697
1584 963
1584 2878
1584 3745
1584 3747
1585 696
1585 781
1585 1528
1585 1529
1585 2097
1585 3741
1585 3742
1585 3743
1585 3744
1586 187
1586 189
1586 190
1586 192
1586 193
1586 847
1586 1054
1586 2391
1586 3399
1586 3740
1589 988
1589 1160
1589 2433
1589 3749
1589 3750
1589 3751
1591 1294
1591 2483
1591 3765
1591 3766
1591 3768
1591 3769
1595 853
1595 3782
1595 3783
1595 3784
1595 3785
1597 349
1597 495
1597 920
1597 1042
1597 1903
1597 2402
1597 2710
1601 261
1601 410
1601 565
1601 699
1601 765
1601 867
1601 3793
1601 3795
1608 765
1608 982
1608 983
1608 984
1608 986
1608 987
1608 988
1608 989
1613 2272
1614 1417
1614 2011
1614 2217
1614 5362
1619 263
1619 408
1619 628
1619 889
1619 1164
1619 1529
1619 1533
1619 1537
1619 2265
1619 3802
1622 3805
1622 3806
1622 3807
1622 3811
1622 3812
1639 902
1639 1553
1639 3707
1639 3830
1639 3831
1639 3833
1639 3834
1642 837
1642 1598
1642 1663
1642 1922
1642 2425
1642 3843
1643 37
1643 260
1643 2231
1643 2554
1643 6756
1646 1045
1646 2144
1646 3629
1646 3838
1646 3840
1646 3841
1652 92
1652 130
1652 1036
1652 1111
1652 3846
1663 1723
1663 3617
1663 3690
1663 3861
1664 261
1664 412
1664 453
1664 495
1664 1622
1664 3076
1664 3882
1665 186
1665 375
1665 1054
1665 1622
1665 2748
1669 554
1669 1870
1669 2882
1669 3866
1669 3867
1669 3868
1675 754
1675 1451
1675 1870
1675 3875
1675 3878
1675 3879
1682 186
1682 987
1682 2651
1682 3093
1682 3885
1682 3886
1683 940
1683 3887
1683 3889
1683 3891
1683 3892
1697 2693
1697 2869
1697 3905
1697 3906
1712 592
1712 859
1712 1522
1712 2595
1712 3927
1712 3928
1715 1322
1715 3265
1715 3528
1715 3933
1715 3935
1715 3936
1715 3937
1716 3939
1720 2211
1720 2579
1720 3000
1720 3947
1720 3948
1720 3949
1750 592
1750 760
1750 3058
1750 3231
1750 3977
1750 3978
1750 3979
1750 3980
1750 3981
1760 686
1760 904
1760 1255
1760 1419
1760 1943
1762 58
1762 127
1762 130
1762 131
1762 132
1762 693
1762 1056
1762 1959
1762 3215
1765 147
1765 407
1765 505
1765 763
1765 889
1765 989
1765 1504
1765 1614
1765 10156
1768 648
1768 1022
1768 4013
1768 4014
1768 4015
1768 4016
1772 1054
1772 2896
1772 4018
1772 4021
1772 4022
1774 174
1774 408
1774 692
1774 3086
1774 3978
1774 4023
1774 4025
1776 803
1776 855
1776 3160
1776 4029
1785 1042
1785 1198
1785 1222
1785 2402
1785 4041
1791 1185
1791 1550
1791 1863
1791 2186
1791 3321
1791 4042
1799 1340
1799 1841
1799 2240
1799 4494
1799 6675
1799 7356
1799 7358
1808 317
1808 545
1808 897
1808 4047
1808 4048
1808 4050
1811 1014
1811 1850
1811 2866
1811 3785
1811 3861
1811 4059
1811 4060
1826 2485
1826 3187
1826 4069
1826 4070
1826 4071
1826 4072
1826 4073
1826 4074
1826 4075
1826 4076
1827 2268
1827 2396
1827 3826
1827 4077
1827 4078
1835 147
1835 410
1835 566
1835 826
1835 1056
1835 1551
1835 1959
1835 1971
1835 3060
1841 172
1841 173
1841 174
1841 636
1841 867
1841 1456
1841 1535
1841 1536
1841 2364
1842 138
1842 542
1842 1847
1842 3216
1842 4077
1842 4086
1844 284
1844 1530
1844 1580
1844 1583
1844 3181
1844 4087
1844 4090
1846 1004
1846 1103
1846 3249
1846 3723
1846 4240
1846 4241
1846 4242
1847 1021
1847 1194
1847 1316
1847 3763
1850 170
1850 677
1850 761
1850 987
1850 1053
1850 1056
1850 1971
1850 2096
1850 2485
1850 5672
1856 186
1856 223
1856 3580
1856 4104
1856 4106
1856 4108
1856 4110
1867 410
1867 538
1867 565
1867 1299
1867 1614
1867 3665
1867 4117
1883 3314
1883 3583
1883 4127
1883 4128
1883 4129
1883 4130
1884 1776
1884 2201
1884 3830
1884 4122
1884 4124
1887 267
1887 567
1887 1946
1887 1947
1887 2195
1887 2486
1887 3065
1887 3067
1887 3094
1887 3373
1903 1883
1903 1886
1903 4140
1904 408
1904 1011
1904 1042
1904 1954
1904 3335
1904 4137
1905 867
1905 2034
1905 4145
1905 4146
1905 4147
1905 4148
1905 4149
1909 345
1909 1004
1909 1411
1909 1910
1909 4151
1909 4152
1909 4153
1925 562
1925 1451
1925 4164
1925 4165
1925 4166
1928 263
1928 429
1928 889
1928 1164
1928 1533
1928 1911
1928 3187
1928 3618
1937 853
1937 2198
1937 4185
1937 4186
1937 4187
1937 4188
1937 4189
1939 31
1939 410
1939 427
1939 1514
1939 4117
1939 4194
1939 4195
1943 1340
1943 1944
1943 3355
1943 3534
1943 3843
1943 3999
1943 4196
1943 4198
1945 165
1945 675
1945 2485
1945 4077
1945 4205
1945 4206
1946 171
1946 4206
1946 4207
1946 4208
1952 4198
1958 31
1958 2683
1958 4227
1958 4228
1959 90
1959 94
1959 171
1959 263
1959 565
1959 735
1959 761
1959 764
1959 984
1959 2297
1967 58
1967 106
1967 343
1967 344
1967 345
1967 794
1967 795
1971 1055
1971 1148
1971 1848
1971 2234
1971 2398
1971 3905
1974 1502
1974 4243
1974 4244
1974 4245
1974 4247
1984 190
1984 610
1984 633
1984 3033
1984 3399
1984 3592
1984 4257
1984 4258
2006 726
2006 977
2006 1021
2006 1586
2006 2849
2006 2942
2011 209
2011 986
2011 2191
2011 2265
2011 4247
2022 1808
2022 3181
2022 4300
2022 4301
2026 521
2026 785
2026 830
2026 1772
2026 4303
2026 4304
2034 638
2034 1347
2034 1843
2034 4315
2034 4316
2034 4318
2034 4319
2034 4320
2034 4321
2035 3769
2035 4230
2035 4304
2035 4322
2035 4323
2039 648
2039 1340
2039 1774
2039 2763
2039 4327
2039 4328
2043 148
2043 565
2043 628
2043 766
2043 1164
2043 1503
2043 1551
2043 1552
2043 1553
2056 180
2056 223
2056 267
2056 797
2056 1946
2056 3065
2056 4346
2056 4347
2071 1024
2071 3012
2071 3158
2071 3928
2071 4077
2071 4365
2071 4366
2094 1983
2094 3089
2094 3646
2094 3684
2094 4397
2096 569
2096 1255
2096 2398
2096 2882
2096 3827
2096 4393
2096 4394
2098 304
2098 648
2098 1528
2098 7716
2098 8228
2098 8937
2099 92
2099 127
2099 131
2099 132
2099 133
2099 1056
2099 1959
2099 4399
2107 127
2107 171
2107 408
2107 495
2107 988
2107 1503
2107 1529
2107 1536
2107 3076
2107 3802
2113 2556
2113 2568
2113 4408
2113 4409
2113 4410
2117 797
2117 2440
2117 3840
2117 4413
2117 4414
2117 4415
2118 2715
2118 3178
2118 4187
2118 4212
2118 4243
2118 4420
2118 4421
2120 3592
2120 4241
2120 4423
2120 4424
2120 4427
2124 459
2124 1169
2124 1762
2124 3127
2124 4430
2128 1503
2128 3461
2128 4034
2128 4188
2128 4436
2130 1226
2130 1856
2130 3093
2130 3094
2130 3096
2130 3181
2130 4087
2131 261
2131 565
2131 945
2131 1164
2131 1299
2131 1614
2131 4438
2137 2191
2137 4452
2137 4453
2137 4454
2137 4455
2137 4456
2137 4457
2137 4458
2143 263
2143 412
2143 538
2143 1054
2143 1534
2143 1553
2143 1614
2143 1903
2143 1905
2143 2196
2144 516
2144 1530
2144 2272
2144 4152
2144 4463
2146 2474
2146 4409
2146 4469
2146 4470
2146 4471
2146 4472
2151 538
2151 565
2151 867
2151 945
2151 987
2151 989
2151 1072
2151 1299
2151 1614
2151 1903
2157 4548
2157 4549
2157 4550
2162 1867
2162 3793
2162 4483
2162 4485
2166 165
2166 412
2166 453
2166 699
2166 763
2166 2195
2166 2196
2166 2197
2175 265
2175 2484
2180 4559
2181 3127
2181 4491
2181 4492
2181 4494
2181 4495
2191 638
2191 735
2191 1613
2191 2096
2191 2179
2192 1663
2192 3782
2192 4504
2195 633
2195 6810
2195 6811
2196 1550
2196 1697
2196 3062
2196 3914
2196 3985
2196 4503
2197 1057
2197 1629
2197 3805
2197 3986
2197 5935
2206 1022
2206 1972
2206 2211
2206 3168
2206 4513
2206 4514
2206 4515
2218 3887
2218 4185
2218 4188
2218 4535
2218 4536
2224 646
2231 171
2231 261
2231 408
2231 889
2231 988
2231 1503
2231 1506
2231 1529
2231 1536
2231 3802
2234 90
2234 674
2234 1669
2234 1835
2234 2265
2234 3949
2234 4540
2234 4541
2234 4543
2239 981
2239 1031
2239 5152
2239 5907
2239 8127
2239 8128
2245 592
2247 1164
2247 1185
2247 1533
2247 1537
2247 1946
2247 3065
2247 3067
2247 3802
2247 4346
2252 4654
2257 699
2257 1440
2257 2115
2257 2722
2257 3496
2257 4567
2257 4568
2265 2272
2265 3583
2265 4572
2265 4573
2265 4576
2268 55
2268 1501
2268 2181
2268 4578
2268 4579
2278 979
2278 2205
2278 3928
2278 4584
2278 4586
2278 4587
2280 171
2280 982
2280 1054
2280 2022
2280 2878
2280 4128
2280 4404
2281 343
2281 345
2281 795
2281 4588
2281 4589
2282 781
2282 1910
2282 2198
2282 4590
2283 2882
2283 3126
2283 3250
2283 3580
2283 4594
2292 148
2292 348
2292 1503
2292 1552
2292 1553
2292 3841
2292 4604
2293 696
2293 697
2293 1528
2293 2048
2293 2265
2293 3741
2293 3743
2293 4605
2293 4606
2293 4607
2304 2074
2306 190
2306 260
2306 261
2306 696
2306 983
2306 1614
2306 1905
2306 2388
2306 4605
2309 263
2309 538
2309 765
2309 987
2309 989
2309 1553
2309 1903
2309 1904
2309 1905
2313 45
2313 1450
2313 1826
2313 4247
2313 4619
2313 4622
2321 1112
2321 4635
2324 1303
2324 3901
2324 4104
2324 4638
2324 4639
2326 276
2326 1701
2326 1729
2326 2878
2326 3461
2326 3616
2326 4189
2326 4640
2327 512
2327 3114
2327 3557
2327 4641
2327 4642
2327 4643
2327 4645
2328 3443
2336 1185
2336 2128
2336 3106
2336 3337
2336 4656
2342 131
2342 265
2342 505
2342 764
2342 1971
2342 2364
2342 2484
2342 2975
2342 4664
2351 73
2351 853
2351 2897
2351 3540
2351 4013
2351 4675
2351 4676
2354 127
2354 171
2354 261
2354 408
2354 988
2354 1503
2354 1529
2354 1536
2354 3076
2354 3802
2356 470
2356 1643
2356 2389
2356 3311
2356 4687
2356 4688
2356 4689
2361 1024
2361 1042
2361 1223
2361 1723
2361 4695
2364 138
2364 633
2364 733
2364 2545
2364 4660
2364 4697
2365 4705
2368 165
2368 407
2368 537
2368 633
2368 693
2368 695
2368 696
2368 699
2368 1863
2368 4129
2370 2629
2370 3550
2370 3791
2370 4470
2370 4707
2370 4709
2374 4810
2380 1056
2380 1971
2380 4664
2385 263
2385 429
2385 628
2385 889
2385 1164
2385 1533
2385 1537
2385 2265
2385 3187
2385 3216
2388 127
2388 171
2388 408
2388 628
2388 889
2388 988
2388 1503
2388 1536
2388 1537
2388 3802
2389 284
2389 2589
2389 2671
2389 2812
2389 4572
2389 4720
2393 1011
2393 1228
2393 3461
2393 4726
2393 4729
2393 4730
2394 4823
2403 263
2403 405
2403 2467
2403 4034
2403 4748
2403 4749
2403 4751
2408 453
2408 495
2408 699
2408 763
2408 1054
2408 1198
2408 2195
2408 2196
2408 2197
2411 4851
2412 1582
2412 2247
2412 3765
2412 4757
2412 4758
2412 4760
2415 679
2415 839
2415 2279
2415 2513
2415 4766
2415 4767
2425 265
2425 1186
2425 3216
2433 45
2433 145
2433 2556
2433 2629
2433 3583
2433 4550
2433 4781
2433 4782
2437 730
2437 2290
2437 2710
2437 4536
2440 263
2440 538
2440 1553
2440 1614
2440 1904
2440 1905
2440 2096
2440 3534
2440 4795
2440 4796
2443 127
2443 261
2443 412
2443 453
2443 495
2443 988
2443 1054
2443 1198
2443 2195
2443 2197
2455 92
2455 411
2455 1005
2455 3793
2455 3795
2455 4110
2455 4767
2455 4813
2463 89
2463 765
2463 984
2463 986
2463 987
2463 988
2463 989
2463 3065
2463 3067
2467 2812
2467 3673
2467 4572
2467 4825
2483 1227
2483 3716
2483 4835
2484 966
2484 1710
2484 1850
2485 568
2485 2926
2485 2953
2485 5086
2485 5885
2485 6966
2485 6967
2486 1884
2486 6168
2486 9529
2487 106
2487 343
2487 344
2487 345
2487 346
2487 794
2487 795
2497 707
2497 1171
2497 2556
2497 2660
2497 4370
2497 4860
2497 4861
2510 1198
2510 1449
2510 3174
2510 3838
2513 186
2513 4879
2513 4880
2513 4881
2513 4882
2513 4883
2513 4884
2513 4885
2513 4887
2515 1219
2515 2211
2515 2714
2515 4875
2515 4876
2517 1225
2517 3096
2517 3875
2517 4705
2518 4108
2518 4877
2528 127
2528 470
2528 753
2528 889
2528 988
2528 1536
2528 1537
2528 3802
2528 3980
2535 180
2535 223
2535 267
2535 1185
2535 1946
2535 3065
2535 3067
2535 3373
2536 677
2536 745
2536 1917
2536 2428
2536 3237
2536 4318
2537 220
2537 633
2537 1024
2537 2901
2537 4077
2537 4319
2537 4404
2537 4913
2537 4914
2546 186
2546 2251
2546 3580
2546 3962
2546 4923
2546 4924
2546 4925
2564 939
2579 2394
2579 2849
2579 4940
2579 4941
2579 4942
2579 4943
2579 4945
2584 631
2584 1132
2584 4588
2584 4758
2595 171
2595 408
2595 628
2595 889
2595 1503
2595 1506
2595 1529
2595 1537
2595 2265
2595 3802
2597 4953
2597 4954
2603 3461
2603 4185
2603 4328
2603 4961
2603 4963
2612 1315
2612 1983
2612 4972
2612 4973
2612 4974
2618 131
2618 133
2618 263
2618 429
2618 2364
2618 3187
2618 3545
2618 4980
2620 468
2620 2181
2620 3351
2620 4303
2620 4590
2620 4981
2620 4982
2626 407
2626 3512
2626 4989
2626 4990
2628 165
2628 412
2628 453
2628 699
2628 763
2628 1054
2628 2195
2628 2196
2628 2197
2637 147
2637 165
2637 763
2637 1551
2637 1971
2637 3060
2641 147
2641 165
2641 410
2641 566
2641 3060
2651 356
2651 2033
2651 2268
2651 3062
2651 5034
2651 5035
2651 5036
2651 5037
2655 30
2655 679
2655 4642
2655 5024
2655 5025
2655 5027
2660 693
2660 696
2660 1228
2660 3335
2660 5029
2660 5030
2660 5031
2672 1132
2672 1583
2672 2365
2672 3085
2672 3356
2672 4185
2674 1296
2674 2217
2674 2528
2674 4086
2674 4843
2674 5321
2674 5353
2675 305
2675 346
2675 820
2675 1150
2675 1883
2675 3421
2675 4513
2675 5039
2683 263
2683 567
2683 762
2683 763
2683 988
2683 3075
2683 4469
2683 6323
2683 8559
2700 282
2700 4813
2700 4967
2710 566
2710 1429
2710 3449
2710 3782
2714 129
2714 405
2714 505
2714 1056
2714 1943
2714 1971
2714 2485
2714 2975
2714 4664
2715 148
2715 722
2715 3899
2715 4654
2720 147
2720 165
2720 410
2720 566
2720 763
2720 1551
2720 1959
2720 3060
2727 54
2727 1057
2727 2620
2727 3826
2727 4686
2727 5083
2727 5085
2736 1572
2736 2618
2736 5086
2736 5087
2736 5089
2741 165
2741 171
2741 267
2741 272
2741 567
2741 1353
2741 1528
2741 5106
2744 1055
2744 1943
2744 4231
2744 4912
2744 5107
2744 5108
2744 5110
2755 147
2755 410
2755 566
2755 826
2755 1056
2755 1551
2755 1959
2755 1971
2755 3060
2757 356
2757 837
2757 1117
2757 4128
2757 4189
2757 4279
2757 4912
2757 5118
2760 5121
2763 58
2763 343
2763 345
2763 794
2763 2425
2763 2497
2763 5119
2763 5120
2779 2113
2779 3474
2779 3905
2779 4320
2792 2361
2792 3355
2792 3664
2792 5150
2792 5152
2792 5153
2809 267
2809 270
2809 1053
2809 1534
2809 1552
2809 1553
2809 2196
2809 2371
2809 2372
2811 636
2811 686
2811 803
2811 1255
2811 1939
2811 1943
2811 4389
2812 2411
2812 2584
2812 3673
2812 4572
2812 5172
2816 1469
2816 2457
2816 2862
2816 5189
2823 717
2823 1954
2823 2113
2823 2398
2829 823
2846 1598
2849 5226
2851 5479
2851 7341
2851 7992
2851 7993
2858 3885
2860 261
2860 407
2860 410
2860 538
2860 699
2860 867
2860 945
2860 987
2860 1072
2860 1299
2862 89
2862 92
2862 763
2862 1054
2862 1534
2862 1553
2862 2195
2862 2197
2862 2710
2869 187
2869 189
2869 610
2869 1054
2869 3006
2871 127
2871 1347
2871 1861
2871 1967
2871 5234
2871 5235
2882 679
2882 1008
2882 1928
2882 3093
2882 4104
2882 5239
2882 5241
2883 192
2883 1472
2883 4549
2883 5256
2883 5259
2897 1388
2897 1770
2897 2455
2897 5252
2897 5253
2901 140
2901 781
2901 2365
2901 3158
2901 3684
2901 3716
2905 735
2942 1469
2942 4165
2942 5296
2942 5298
2942 5299
2953 67
2953 1863
2953 4937
2953 5118
2953 5285
2975 2466
2975 9836
2975 10040
2977 904
2977 5054
2977 5321
2993 182
2993 1073
2993 2304
2993 5125
2993 7806
2993 7874
2995 375
2995 719
2995 726
2995 1306
2995 2130
2995 5333
2995 5334
3000 468
3000 1502
3000 2586
3000 3210
3000 4815
3000 5346
3000 5347
3000 5348
3000 5349
3006 1473
3006 1855
3006 4729
3006 5118
3006 5342
3006 5343
3011 261
3011 408
3011 495
3011 565
3011 889
3011 988
3011 1506
3011 1529
3011 1536
3011 3802
3013 267
3013 966
3013 1501
3013 2060
3013 5353
3013 5355
3013 5356
3020 412
3020 453
3020 495
3020 699
3020 1054
3020 1198
3020 2195
3020 2196
3020 2197
3020 3076
3030 1583
3030 1701
3030 2356
3030 5361
3030 5362
3030 5364
3035 147
3035 165
3035 263
3035 453
3035 1506
3035 1534
3035 1535
3035 1614
3035 2197
3035 5366
3046 220
3046 261
3046 344
3046 348
3046 407
3046 568
3046 989
3046 1054
3046 2196
3058 90
3058 94
3058 171
3058 263
3058 565
3058 735
3058 984
3058 1056
3058 1503
3058 2297
3060 146
3060 624
3060 5381
3061 148
3061 569
3061 628
3061 763
3061 1056
3061 1057
3061 1164
3061 1503
3061 1552
3061 1553
3063 1229
3063 2245
3065 94
3065 4584
3065 5385
3065 5388
3075 546
3075 914
3075 3664
3075 5393
3075 5394
3075 5395
3086 562
3087 410
3087 1116
3087 2926
3087 3060
3087 5410
3087 5411
3088 1014
3088 2332
3088 5333
3088 5411
3088 5415
3088 5416
3088 5418
3088 5419
3093 1008
3093 2033
3093 4104
3093 5414
3094 131
3094 133
3094 263
3094 2364
3094 2484
3094 3187
3094 4491
3094 5412
3106 594
3106 2175
3106 2812
3106 2878
3106 3574
3106 5346
3120 2845
3120 5451
3120 5452
3123 2310
3123 7591
3125 127
3125 408
3125 648
3125 889
3125 1506
3125 1537
3125 2265
3125 3802
3126 277
3126 521
3126 2866
3126 3012
3126 5036
3127 148
3127 565
3127 781
3127 1056
3127 1551
3127 2097
3127 2191
3127 3060
3127 3114
3127 3744
3131 129
3131 1414
3131 4014
3131 4553
3131 4555
3131 5464
3132 127
3132 168
3132 265
3132 408
3132 1353
3132 1534
3132 1535
3132 1536
3132 1537
3132 1538
3133 106
3133 344
3133 346
3133 348
3133 987
3143 621
3143 3074
3143 5134
3143 5479
3143 5480
3143 5481
3143 5483
3144 127
3144 1417
3144 3826
3144 4128
3144 5296
3144 5493
3144 5494
3154 261
3154 453
3154 495
3154 699
3154 1054
3154 1198
3154 2195
3154 2196
3154 2197
3154 3076
3158 450
3158 4242
3158 5490
3158 5491
3158 5492
3167 171
3167 412
3167 453
3167 765
3167 2265
3167 2896
3167 4936
3167 7397
3170 165
3170 1599
3170 1863
3170 2034
3170 3355
3170 3982
3174 1509
3174 1806
3174 1910
3174 3106
3174 5509
3174 5510
3176 146
3178 453
3178 495
3178 699
3178 763
3178 1054
3178 1198
3178 2195
3178 2196
3178 2197
3179 648
3179 3982
3179 4866
3179 5110
3179 5502
3179 5503
3180 4047
3180 4151
3180 5574
3181 409
3181 738
3181 1025
3181 5369
3181 5513
3191 453
3191 699
3191 763
3191 1054
3191 2195
3191 2196
3191 5506
3191 5507
3191 5508
3193 1396
3193 1904
3193 2181
3193 2217
3193 5008
3193 5516
3197 2166
3197 3280
3197 4875
3199 2485
3199 7758
3199 7759
3199 7760
3199 7761
3199 7762
3199 7763
3199 7764
3199 7765
3199 7766
3207 30
3207 687
3207 1922
3207 6116
3207 6401
3210 733
3210 3126
3210 8890
3210 9491
3210 9492
3215 699
3215 1103
3215 4042
3215 4240
3215 4242
3215 5611
3241 147
3241 346
3241 495
3241 568
3241 763
3241 1056
3241 1959
3244 1198
3249 7548
3256 1665
3256 1774
3256 5347
3256 5416
3256 5520
3256 5561
3263 2803
3263 3614
3263 4745
3263 5566
3265 263
3265 781
3265 2672
3265 5567
3265 5569
3289 106
3289 192
3289 193
3289 407
3289 610
3289 847
3289 1057
3289 1186
3289 1538
3289 4151
3297 1116
3297 1547
3297 2564
3297 4529
3298 7788
3298 8120
3302 1984
3302 2823
3302 3094
3302 3670
3302 4491
3302 5594
3302 5596
3311 89
3311 1109
3311 1198
3311 2812
3311 3263
3311 5431
3317 410
3317 566
3317 621
3317 763
3317 1551
3318 52
3318 2566
3318 3168
3318 3592
3318 5612
3318 5613
3318 5614
3337 131
3337 133
3337 148
3337 345
3337 1185
3337 1198
3337 1456
3337 1536
3337 2265
3337 3373
3343 171
3343 408
3343 889
3343 988
3343 1503
3343 1506
3343 1529
3343 3802
3351 1058
3351 2518
3351 5086
3351 5632
3351 5633
3351 5634
3355 2618
3355 4641
3355 5636
3355 5637
3355 5638
3355 5639
3356 1058
3356 2030
3356 2589
3356 3351
3356 5181
3356 5633
3356 5640
3356 5641
3363 1799
3363 3350
3363 5125
3363 5654
3363 5655
3363 5656
3363 5657
3373 89
3373 3197
3373 4194
3375 280
3375 1391
3375 3371
3375 4953
3375 5667
3380 170
3380 987
3380 1042
3380 1053
3380 1056
3380 1551
3380 2096
3380 2485
3380 5672
3380 5673
3387 633
3387 1024
3387 1949
3387 2186
3387 2484
3387 3082
3387 4077
3387 5679
3399 1595
3399 5694
3399 5695
3400 168
3400 265
3400 1054
3400 1055
3400 1353
3400 1535
3400 1536
3400 1537
3400 1538
3400 2034
3406 910
3406 1067
3406 1340
3406 2626
3406 2878
3406 5700
3409 2279
3421 1582
3421 2901
3421 4208
3421 4483
3421 5715
3424 4654
3436 735
3436 2403
3436 2841
3436 5732
3436 5733
3436 5734
3443 408
3443 677
3443 1551
3443 1765
3443 2096
3443 2485
3443 2518
3443 3075
3443 5672
3443 5673
3464 2841
3464 3061
3464 3911
3464 4279
3464 4982
3464 5747
3465 3176
3465 3574
3465 4129
3465 5748
3465 5749
3465 5751
3469 405
3469 2485
3469 2975
3471 2763
3471 3959
3471 5343
3471 5421
3471 5422
3471 5423
3479 505
3479 648
3479 1701
3479 2201
3479 5002
3479 5766
3479 5767
3501 628
3503 1589
3503 2231
3503 4365
3503 4579
3503 5790
3534 1160
3534 4140
3534 4282
3534 5156
3534 5801
3537 1210
3537 2113
3537 2813
3537 3408
3537 4353
3537 4749
3550 1022
3552 254
3552 1022
3552 1036
3552 1169
3552 1362
3552 1916
3552 5810
3552 5811
3557 2517
3574 1855
3574 1917
3574 3811
3574 5483
3581 1241
3581 2463
3581 5834
3581 5836
3583 131
3583 345
3583 407
3583 412
3583 1053
3583 1055
3583 1056
3583 1057
3583 1456
3583 2365
3592 590
3592 1841
3592 3036
3592 5385
3592 5838
3592 5839
3592 5840
3592 5841
3603 265
3603 405
3603 505
3603 677
3603 1943
3603 2364
3603 2485
3603 2975
3603 4664
3609 106
3609 407
3609 1055
3609 1056
3609 1057
3609 1601
3609 2975
3609 2979
3609 4606
3614 130
3614 220
3614 453
3614 989
3614 1054
3614 2196
3614 3076
3614 5643
3616 165
3616 407
3616 693
3616 694
3616 698
3616 1255
3616 2779
3616 3875
3616 5869
3617 131
3617 133
3617 168
3617 505
3617 763
3617 1054
3617 1055
3617 1537
3617 2484
3617 2975
3618 647
3618 1598
3618 2192
3618 2513
3618 5865
3618 5866
3618 5867
3618 5868
3626 131
3626 265
3626 505
3626 764
3626 1971
3626 2364
3626 2484
3626 2975
3626 4552
3626 4664
3629 165
3629 412
3629 453
3629 1024
3629 1054
3629 2196
3629 2197
3629 5773
3629 5870
3637 1440
3637 4553
3637 5881
3637 5882
3637 5883
3647 566
3647 757
3647 763
3647 794
3647 1056
3647 1652
3647 1971
3665 762
3665 1535
3665 4249
3665 4353
3675 3065
3675 4573
3675 5906
3675 5907
3678 3314
3678 3399
3678 3831
3678 4745
3678 5149
3678 5755
3678 5910
3684 171
3684 648
3684 1503
3684 3076
3684 3802
3684 4257
3690 1031
3690 4300
3690 5923
3690 5924
3690 5925
3694 1322
3694 2181
3694 4104
3694 5929
3697 781
3697 3911
3697 4695
3697 4757
3697 5930
3697 5931
3697 5932
3698 1314
3698 3861
3698 3905
3698 5118
3698 5343
3698 5935
3699 165
3699 168
3699 412
3699 453
3699 699
3699 1054
3699 2195
3699 2196
3699 2197
3702 3252
3702 3318
3702 3885
3702 4410
3702 4619
3702 5934
3710 1031
3710 1430
3710 5938
3710 5939
3710 5941
3716 171
3716 565
3716 694
3716 889
3716 1503
3716 1506
3716 1537
3716 2097
3716 2265
3716 3060
3740 1130
3740 2117
3740 2720
3740 5954
3740 5955
3740 5957
3740 5958
3740 5959
3742 1049
3742 3812
3742 4718
3742 5960
3743 4061
3743 5965
3743 5968
3750 46
3750 90
3750 648
3750 3154
3750 3387
3763 2590
3763 3461
3763 4415
3763 4720
3765 453
3765 2354
3765 5989
3765 5990
3765 5991
3765 5992
3765 5993
3765 5994
3765 5995
3765 5996
3769 1223
3769 2179
3769 2245
3769 2483
3769 3999
3769 5946
3782 131
3782 1663
3782 2297
3782 2374
3782 3495
3782 5942
3782 6008
3782 6009
3795 411
3795 3614
3795 3793
3802 1186
3802 3294
3802 5640
3802 6032
3805 569
3805 2896
3805 4552
3805 6021
3806 410
3806 1551
3806 1971
3806 2649
3806 4943
3806 6022
3806 6023
3807 168
3807 265
3807 1053
3807 1353
3807 1534
3807 1535
3807 1536
3807 1537
3807 1538
3822 1547
3822 1728
3822 1941
3822 2802
3822 3745
3822 5520
3822 5711
3822 6045
3822 6046
3826 910
3826 1359
3826 4201
3826 5860
3826 6041
3826 6042
3826 6043
3826 6044
3827 147
3827 165
3827 410
3827 566
3827 826
3827 1056
3827 1551
3827 1959
3827 3060
3831 261
3831 453
3831 495
3831 699
3831 1054
3831 1198
3831 2195
3831 2196
3831 2197
3833 1469
3833 1750
3833 3826
3833 3887
3833 5715
3833 6067
3833 6068
3833 6069
3838 174
3838 1047
3838 1697
3838 2497
3838 6063
3841 2268
3841 3263
3841 3831
3841 4438
3861 174
3861 648
3861 694
3861 696
3861 761
3861 1055
3861 6078
3861 6079
3861 6080
3861 6081
3867 2223
3867 4187
3867 5503
3867 5594
3867 5715
3867 5951
3867 6089
3867 6090
3875 941
3875 1299
3875 3093
3875 6092
3878 1960
3878 3120
3878 4166
3878 5118
3878 6098
3878 6099
3878 6100
3879 1629
3879 3193
3879 3248
3879 6091
3887 223
3887 375
3887 2545
3887 2882
3887 6107
3889 127
3889 677
3889 1534
3889 1536
3889 1538
3889 1551
3889 1765
3889 2485
3889 3075
3889 5673
3892 349
3892 648
3892 1867
3892 5120
3892 6108
3892 6109
3892 6110
3899 220
3899 261
3899 348
3899 407
3899 410
3899 989
3899 1054
3899 3076
3899 5353
3901 1254
3901 2727
3901 3075
3901 5672
3901 5673
3905 4413
3905 4675
3905 5935
3905 5945
3905 6116
3927 621
3927 1683
3927 5362
3927 5867
3927 6138
3927 6139
3933 171
3933 261
3933 408
3933 889
3933 988
3933 1503
3933 1506
3933 1529
3933 3742
3933 3802
3936 260
3936 261
3936 263
3936 264
3936 766
3937 1943
3937 3297
3937 5506
3937 6155
3937 6156
3937 6157
3937 6158
3937 6159
3947 638
3947 2166
3947 4495
3947 5733
3947 6168
3947 6169
3949 412
3949 453
3949 495
3949 699
3949 2195
3949 2196
3949 2197
3949 3076
3949 4590
3959 147
3959 165
3959 410
3959 566
3959 763
3959 1551
3959 1959
3959 3060
3962 187
3962 190
3962 610
3962 1054
3962 3006
3962 3399
3962 4258
3962 6178
3982 174
3982 648
3982 694
3982 696
3982 761
3982 1055
3982 6078
3982 6079
3982 6080
3982 6081
3985 261
3985 262
3985 263
3985 264
3985 766
3985 1056
3985 1316
3985 3496
3985 6187
3986 615
3986 702
3986 2186
3986 3144
3986 6188
3989 794
3989 1318
3989 3318
3989 4394
3989 6198
3995 592
3995 1451
3995 3239
3995 6194
3995 6195
3999 567
3999 761
3999 987
3999 1042
3999 1053
3999 1056
3999 1551
3999 2485
3999 5672
3999 5673
4007 58
4007 92
4007 129
4007 131
4007 132
4007 763
4007 1056
4007 1534
4007 2485
4013 1536
4013 2862
4013 3256
4013 4976
4013 5353
4013 6108
4013 6211
4016 106
4016 261
4016 346
4016 348
4016 407
4016 794
4016 989
4016 1054
4016 1055
4034 1533
4034 2693
4034 4127
4034 4240
4034 6228
4048 3743
4048 4042
4048 6241
4048 6242
4048 6244
4060 1354
4060 1514
4060 3252
4060 6251
4060 6252
4060 6253
4077 631
4077 851
4077 855
4077 5233
4077 6262
4078 717
4078 1451
4078 4823
4078 5766
4078 6108
4078 6274
4086 1614
4086 2094
4086 2597
4086 4186
4086 4313
4086 6149
4086 6221
4086 6273
4106 5924
4108 2342
4108 3249
4108 3263
4108 6303
4122 52
4122 1863
4122 4800
4122 6169
4122 6319
4122 6320
4127 131
4127 148
4127 171
4127 345
4127 495
4127 1504
4127 1765
4127 2364
4127 6323
4128 260
4128 1827
4128 6238
4128 6328
4128 6331
4129 755
4129 2396
4129 3583
4129 6333
4130 5849
4137 1623
4137 4282
4137 4568
4137 5412
4137 6336
4140 238
4140 2115
4140 5673
4140 6342
4140 6343
4147 1729
4147 2803
4147 3126
4147 4282
4147 5963
4147 6344
4148 1534
4148 2371
4148 3040
4148 3936
4148 4149
4149 1451
4149 1502
4149 1770
4149 1785
4149 2034
4149 4469
4152 486
4152 516
4152 1846
4152 3199
4152 6354
4152 6355
4152 6356
4166 3421
4166 3678
4166 4087
4166 4843
4166 4976
4166 6348
4166 6365
4189 2290
4189 2722
4189 3466
4189 4353
4194 52
4194 2268
4194 2384
4194 2875
4201 165
4201 1504
4201 3697
4201 4327
4201 4584
4201 6380
4205 238
4205 512
4205 888
4205 1357
4205 1433
4205 2354
4205 3827
4205 4394
4205 6382
4212 982
4212 2342
4212 3311
4212 3750
4212 4042
4212 5733
4212 5941
4212 6384
4222 1049
4222 2882
4222 3461
4222 3885
4222 6387
4232 1841
4232 6393
4232 6394
4232 6396
4232 6397
4237 343
4237 753
4237 3371
4237 6399
4237 6400
4237 6401
4244 183
4244 794
4244 1042
4244 1503
4244 1652
4244 1903
4244 5673
4245 410
4245 538
4245 867
4245 988
4245 1042
4245 1164
4245 3802
4245 8405
4249 1164
4249 1585
4249 1886
4249 2143
4249 2875
4249 5349
4279 261
4279 538
4279 697
4279 765
4279 867
4279 1164
4279 1528
4279 2048
4279 2265
4279 3741
4303 30
4303 171
4303 621
4303 889
4303 1503
4303 1537
4303 2809
4303 6442
4303 6443
4303 6444
4309 263
4309 628
4309 697
4309 1058
4309 1164
4309 1529
4309 2048
4309 2265
4309 3743
4309 4605
4313 2545
4313 6238
4313 6445
4313 6446
4313 6448
4313 6449
4315 260
4315 1598
4315 5134
4315 5765
4318 114
4318 5995
4318 6238
4318 6453
4322 147
4322 165
4322 495
4322 763
4322 1056
4322 1551
4322 1959
4322 3060
4328 760
4328 1045
4328 5766
4328 6457
4328 6458
4343 114
4343 2365
4343 5189
4353 1229
4353 1949
4353 2252
4353 2513
4353 4318
4353 4745
4353 6472
4365 6393
4369 147
4369 165
4369 263
4369 453
4369 1534
4369 1535
4369 1614
4369 2197
4369 2484
4369 5366
4384 274
4384 1949
4384 5270
4385 3628
4385 5036
4385 5516
4385 5643
4385 6399
4385 6490
4385 6492
4394 2993
4394 3496
4394 4587
4394 6497
4394 6498
4394 6499
4394 6501
4394 6502
4404 94
4404 127
4404 261
4404 263
4404 565
4404 1056
4404 1198
4404 1503
4404 1536
4404 3076
4414 2597
4420 1461
4420 1643
4420 2282
4420 4936
4423 648
4423 3911
4423 4976
4423 5657
4423 6550
4423 6551
4423 6552
4430 223
4430 1322
4430 3359
4430 6553
4430 6554
4436 4327
4438 67
4438 267
4438 887
4438 4166
4451 1716
4451 1941
4451 4875
4451 5234
4451 6564
4451 6565
4451 6566
4471 3670
4471 4409
4471 4499
4471 6189
4471 6310
4471 6532
4471 6578
4485 621
4485 674
4485 961
4485 1226
4485 1870
4485 3867
4485 6564
4485 6586
4491 410
4491 1551
4491 6593
4491 6594
4491 6595
4491 6596
4491 6597
4491 6598
4491 6599
4492 410
4492 3181
4492 5285
4492 6588
4492 6590
4492 6592
4494 905
4494 2211
4494 3216
4494 4495
4494 5836
4494 6613
4495 624
4495 1598
4495 2693
4495 3716
4495 3763
4495 6617
4499 356
4499 677
4499 1729
4499 4166
4499 6242
4499 6632
4504 628
4504 986
4504 987
4504 989
4504 1268
4504 1533
4504 3187
4504 6621
4513 3885
4513 4552
4513 6637
4513 6638
4522 2487
4522 4451
4522 6641
4522 6642
4522 6643
4522 6644
4522 6645
4530 905
4530 2196
4530 3060
4530 4729
4530 6651
4536 129
4536 190
4536 648
4536 2268
4536 6382
4536 6655
4546 3242
4546 5270
4546 6662
4550 1025
4550 4491
4550 5619
4552 677
4552 1194
4555 1225
4555 1584
4555 3421
4555 3875
4555 4122
4555 6169
4555 6385
4555 6664
4559 3408
4568 145
4568 261
4568 407
4568 410
4568 699
4568 765
4568 867
4568 1072
4568 1255
4568 1299
4571 765
4571 889
4571 989
4571 1456
4571 1533
4571 1535
4571 1958
4571 1959
4571 3743
4571 5673
4576 545
4576 4800
4576 6169
4576 6385
4576 6677
4576 6678
4579 2975
4584 147
4584 165
4584 263
4584 1506
4584 1534
4584 1535
4584 1614
4584 2197
4584 2484
4584 5366
4586 523
4586 569
4586 3861
4586 6684
4586 6685
4587 1047
4587 2433
4587 3263
4587 3372
4587 4954
4587 5416
4587 6686
4588 2396
4588 3191
4588 4729
4588 5030
4588 5485
4588 5770
4588 6687
4588 6688
4589 260
4589 1168
4589 2364
4589 4804
4589 6149
4606 1259
4606 10448
4619 3181
4619 4555
4619 5711
4626 1646
4626 2364
4626 3743
4626 4366
4626 4584
4626 5334
4626 5790
4631 4491
4631 6566
4631 6712
4631 6713
4631 6714
4641 170
4641 677
4641 761
4641 982
4641 1053
4641 1056
4641 1971
4641 2096
4641 5672
4643 52
4643 495
4643 1004
4643 3469
4645 220
4645 261
4645 348
4645 407
4645 410
4645 453
4645 989
4645 1054
4645 3076
4660 1354
4660 2595
4660 3804
4660 4315
4664 1468
4664 2674
4664 6730
4664 6732
4664 6733
4664 6734
4675 1440
4675 1472
4675 1529
4675 2384
4675 5765
4675 6745
4675 6746
4676 4369
4686 2826
4687 1255
4687 2166
4687 2851
4687 4016
4687 4436
4687 5946
4688 133
4688 345
4688 1058
4688 1198
4688 1456
4688 1536
4688 1943
4688 3075
4688 3744
4688 5673
4693 127
4693 1005
4693 1210
4693 2763
4693 4145
4693 5612
4693 6380
4695 1229
4695 2528
4695 4015
4695 4140
4695 4843
4695 6184
4695 6757
4705 1229
4705 4257
4705 5025
4705 6076
4705 6768
4705 6769
4705 6770
4709 610
4709 3335
4709 3443
4709 3765
4709 5442
4709 6772
4712 127
4712 171
4712 261
4712 408
4712 889
4712 988
4712 1529
4712 1536
4712 1537
4712 3802
4718 131
4718 171
4718 495
4718 568
4718 699
4718 1255
4718 2364
4718 6323
4720 1042
4720 1056
4720 1506
4720 1534
4720 1535
4720 1614
4720 2197
4720 5366
4720 6783
4729 3343
4729 6143
4729 6795
4729 6796
4729 6797
4745 220
4745 261
4745 348
4745 407
4745 410
4745 453
4745 568
4745 989
4745 1054
4751 538
4751 983
4751 1506
4751 3062
4751 3698
4751 4697
4751 4804
4751 6812
4771 1533
4771 1536
4771 1537
4771 2962
4771 3670
4771 3906
4778 189
4778 191
4778 193
4778 219
4778 344
4778 1186
4778 2391
4778 4343
4778 6827
4800 127
4800 889
4800 1536
4800 3802
4800 6830
4800 6831
4804 1083
4804 1514
4804 3167
4804 4247
4807 4712
4807 5485
4807 5540
4807 5941
4807 6835
4813 129
4813 131
4813 132
4813 546
4813 763
4813 1534
4813 5212
4816 1883
4816 4483
4816 6838
4816 6839
4822 209
4822 958
4822 1222
4822 5153
4822 6107
4822 6331
4822 6843
4835 1502
4843 1411
4861 171
4861 5346
4861 6870
4866 220
4866 261
4866 348
4866 407
4866 410
4866 453
4866 989
4866 1054
4866 3076
4867 261
4867 407
4867 410
4867 568
4867 989
4867 1054
4867 2196
4867 4546
4875 2866
4875 3093
4875 3670
4875 4825
4875 5149
4875 6881
4913 165
4913 410
4913 566
4913 1551
4913 1806
4913 1959
4913 3060
4923 1296
4923 3116
4923 3474
4923 6891
4936 129
4936 133
4936 551
4936 693
4936 1678
4936 2191
4936 2279
4936 3189
4936 4607
4937 133
4937 140
4937 1058
4937 1456
4937 1943
4937 5439
4937 5673
4937 6472
4937 8139
4942 147
4942 220
4942 261
4942 407
4942 410
4942 453
4942 989
4942 1054
4942 3076
4972 2674
4972 3899
4980 2151
4980 3999
4980 10031
4980 10032
4980 10033
4980 10034
4981 148
4981 538
4981 628
4981 1198
4981 1536
4981 1551
4981 1552
4981 1614
4989 2113
4990 220
4990 261
4990 348
4990 407
4990 410
4990 453
4990 568
4990 989
4990 1054
5008 1619
5008 4989
5008 6569
5008 6926
5025 131
5025 171
5025 345
5025 495
5025 753
5025 1504
5025 6323
5029 2649
5029 2811
5029 3424
5029 4397
5029 4861
5029 4973
5067 131
5067 171
5067 495
5067 1255
5067 2364
5067 5259
5067 6323
5080 133
5080 265
5080 429
5080 677
5080 2239
5080 2485
5080 2975
5080 3187
5080 4664
5081 150
5081 473
5081 835
5081 8962
5081 9836
5082 567
5082 677
5082 761
5082 948
5082 987
5082 1053
5082 1551
5082 2096
5082 2485
5082 5673
5086 2497
5086 2627
5086 2845
5086 3914
5086 4152
5086 4861
5086 6972
5087 133
5087 345
5087 408
5087 1058
5087 1198
5087 1456
5087 1943
5087 2265
5087 3075
5087 6975
5089 2455
5089 6178
5089 7476
5089 10708
5089 10709
5107 3132
5107 3827
5107 6983
5107 6984
5119 565
5119 694
5119 781
5119 1031
5119 2048
5119 3060
5119 3742
5119 5302
5119 5385
5123 220
5123 261
5123 348
5123 989
5123 1949
5123 3076
5123 4430
5123 6453
5144 1027
5144 2157
5144 3670
5144 5711
5149 187
5149 1027
5149 2283
5149 3181
5149 3421
5149 7018
5150 165
5150 447
5150 722
5150 2113
5150 3058
5150 3583
5150 4530
5152 114
5152 394
5152 890
5152 3616
5152 4303
5152 6355
5152 7020
5152 7021
5153 6769
5156 147
5156 165
5156 263
5156 1056
5156 1506
5156 1534
5156 1535
5156 2197
5156 2484
5156 5366
5172 3885
5172 4227
5172 7038
5172 7039
5172 7041
5180 196
5180 261
5180 610
5180 1054
5180 2391
5180 3187
5180 7046
5180 7047
5180 7048
5181 2107
5181 2265
5181 2483
5181 3933
5181 4631
5181 4745
5181 6184
5189 1296
5189 1469
5189 2380
5189 2597
5189 3294
5189 7061
5189 7062
5223 94
5223 1058
5223 1198
5223 1456
5223 1536
5223 2179
5223 2265
5223 3075
5223 3743
5228 261
5228 410
5228 696
5228 697
5228 983
5228 1058
5228 1501
5228 1528
5228 5121
5233 170
5233 987
5233 1053
5233 1551
5233 2096
5233 2485
5233 3518
5233 5439
5233 5672
5233 5673
5234 1922
5234 4208
5234 7113
5241 106
5241 147
5241 263
5241 344
5241 794
5241 795
5241 1534
5241 1535
5241 2197
5241 2484
5247 410
5247 538
5247 565
5247 766
5247 1299
5247 3094
5252 165
5252 407
5252 693
5252 694
5252 695
5252 696
5252 698
5256 220
5256 261
5256 348
5256 407
5256 410
5256 453
5256 989
5256 1054
5256 3076
5270 648
5270 4555
5270 4800
5270 4816
5270 7119
5282 147
5282 263
5282 1534
5282 3793
5282 7123
5285 2272
5285 5298
5285 5922
5285 6043
5285 6459
5285 6746
5285 7125
5298 131
5298 429
5298 696
5298 2484
5298 4749
5298 6707
5298 7139
5299 745
5299 1056
5299 4639
5299 5951
5299 7144
5299 7145
5302 695
5302 867
5302 920
5302 1056
5302 1255
5302 1529
5302 2975
5302 3469
5302 4643
5307 686
5307 837
5307 855
5307 1020
5307 1194
5307 1410
5307 3827
5307 6931
5307 7146
5307 7147
5342 220
5342 261
5342 348
5342 410
5342 568
5342 590
5342 1054
5342 2196
5342 3065
5347 220
5347 261
5347 348
5347 568
5347 1054
5347 2196
5347 7165
5349 730
5349 3178
5349 4321
5349 4825
5349 7163
5352 130
5352 1701
5352 3295
5352 6843
5352 7125
5355 1550
5355 4973
5355 7250
5359 1847
5359 1923
5359 4201
5359 5574
5359 6380
5359 7166
5364 7171
5385 1530
5385 2467
5385 2995
5385 7176
5398 165
5398 168
5398 220
5398 566
5398 765
5398 889
5398 989
5398 1164
5398 6008
5410 3763
5412 5614
5415 220
5415 261
5415 348
5415 407
5415 410
5415 568
5415 989
5415 1054
5416 2175
5416 2198
5416 2660
5416 3723
5416 3803
5416 5925
5416 7192
5423 220
5423 282
5423 2281
5423 3117
5423 7144
5423 7191
5431 261
5431 407
5431 410
5431 568
5431 988
5431 989
5431 1054
5431 1503
5431 3076
5437 190
5437 3647
5437 4369
5437 5385
5437 6839
5437 7130
5437 7200
5442 182
5442 634
5442 1910
5442 3297
5442 3479
5442 4212
5447 169
5447 982
5447 984
5447 1042
5447 1506
5447 2197
5447 2297
5447 5366
5459 1502
5459 2211
5459 6142
5459 7038
5459 7211
5480 946
5480 2845
5480 4127
5480 5082
5480 6519
5480 7218
5480 7219
5485 263
5485 405
5485 453
5485 945
5485 988
5485 1943
5485 1971
5485 3802
5485 7217
5502 4568
5502 4729
5502 5839
5502 5901
5502 7228
5503 8701
5503 8702
5503 8704
5503 8705
5503 8706
5509 345
5509 1198
5509 1456
5509 1536
5509 1943
5509 3075
5509 3690
5510 90
5510 1429
5510 3673
5510 5566
5510 7242
5510 7243
5516 164
5516 412
5516 648
5516 904
5516 2181
5516 3297
5516 7234
5516 7235
5520 537
5520 2977
5520 4042
5520 4782
5520 5008
5520 6904
5540 3765
5540 5321
5540 6090
5540 7250
5540 7251
5549 692
5549 1835
5549 1911
5549 3280
5549 7119
5549 7253
5549 7254
5553 147
5553 165
5553 263
5553 453
5553 1534
5553 1614
5553 2197
5553 5366
5553 5388
5556 6519
5556 6784
5556 7260
5556 7261
5556 7263
5556 7264
5569 2517
5569 4249
5569 5349
5569 6678
5569 7266
5586 260
5586 540
5586 1586
5586 2268
5586 2384
5594 405
5594 453
5594 698
5594 988
5594 1054
5594 1943
5594 6323
5594 7217
5609 405
5609 453
5609 988
5609 1054
5609 1943
5609 1971
5609 3802
5609 4548
5609 7217
5612 150
5612 766
5612 1340
5612 5119
5612 7321
5614 1959
5632 7335
5636 183
5636 281
5636 1806
5636 2170
5636 4982
5636 5667
5636 7337
5637 348
5637 4353
5637 5347
5637 6881
5637 7338
5639 695
5639 4282
5639 5594
5639 7339
5639 7341
5673 3698
5673 4822
5673 7369
5682 18
5682 2310
5682 4015
5682 5841
5682 7372
5682 7373
5682 7374
5691 131
5691 171
5691 495
5691 568
5691 1255
5691 1504
5691 6323
5694 1701
5694 2857
5694 4244
5694 6089
5694 7382
5722 412
5722 453
5722 697
5722 699
5722 1054
5722 1198
5722 2195
5722 2196
5722 2197
5722 3076
5732 719
5732 1585
5732 1586
5732 2310
5732 7374
5732 7401
5732 7402
5732 7403
5733 30
5733 945
5734 7404
5736 114
5736 165
5736 722
5736 2240
5736 3716
5736 6310
5747 132
5747 1322
5747 1340
5747 1599
5747 5510
5747 7409
5747 7410
5747 7411
5755 106
5755 345
5755 407
5755 1056
5755 1057
5755 1971
5755 4151
5755 7413
5762 106
5762 594
5762 1340
5762 7415
5762 7416
5765 408
5765 677
5765 1551
5765 1765
5765 2096
5765 2485
5765 2518
5765 3075
5765 5672
5767 7423
5770 147
5770 826
5770 1551
5770 1639
5770 2732
5770 6184
5805 1770
5805 2251
5805 2962
5805 4186
5805 5353
5805 7438
5807 2283
5807 3901
5807 4980
5807 5733
5807 7374
5807 7442
5811 3804
5811 3995
5811 4675
5811 7170
5824 851
5824 855
5824 1222
5824 1672
5824 3175
5824 3280
5824 5086
5824 6472
5836 1785
5836 3541
5836 4420
5836 7397
5838 407
5838 566
5838 765
5838 987
5838 1456
5838 1535
5838 1958
5838 2195
5838 3496
5838 5673
5839 1011
5839 7171
5839 7454
5839 7455
5839 7456
5860 1031
5860 2351
5860 2975
5860 4675
5860 7472
5860 7473
5863 687
5863 2137
5863 7456
5863 7471
5865 5082
5865 6392
5865 7397
5865 7466
5867 2875
5867 6401
5867 7467
5867 7469
5881 1826
5881 4145
5881 5811
5881 7476
5881 7477
5882 5881
5885 147
5885 263
5885 453
5885 1534
5885 1535
5885 1614
5885 2197
5885 2484
5885 5366
5885 7479
5901 753
5901 1359
5901 1918
5901 6640
5901 6746
5922 3811
5922 5907
5922 7339
5922 7416
5922 7522
5925 133
5925 408
5925 1058
5925 1198
5925 1456
5925 1551
5925 1943
5925 3075
5925 3743
5925 5673
5932 412
5932 453
5932 699
5932 1054
5932 1198
5932 2195
5932 2196
5932 2197
5932 3743
5932 5673
5935 20
5935 133
5935 1058
5935 1198
5935 2265
5935 3010
5935 3743
5941 537
5941 1055
5941 2074
5941 3355
5941 3765
5941 5860
5941 7531
5942 407
5942 566
5942 765
5942 987
5942 1456
5942 1535
5942 1958
5942 2195
5942 3496
5942 5673
5945 2457
5945 2660
5946 409
5946 4816
5946 7534
5946 7535
5946 7536
5954 2332
5954 4529
5954 6089
5954 7372
5954 7373
5954 7539
5954 7540
5955 3545
5955 4086
5955 5498
5955 5960
5955 7542
5955 7544
5960 1628
5960 1629
5960 1831
5960 3359
5960 3673
5963 261
5963 410
5963 538
5963 565
5963 765
5963 766
5963 867
5963 945
5963 1072
5963 1299
5968 165
5968 344
5968 345
5968 346
5968 348
5968 794
5968 795
5978 1533
5978 2265
5978 3010
5978 4327
5978 4586
5978 5321
5978 6138
5978 7558
5983 5509
5983 6100
5984 674
5984 3867
5984 7564
5996 3408
6008 127
6008 1535
6008 3496
6008 4687
6008 6137
6008 7574
6032 7581
6041 781
6041 2672
6041 2674
6041 2869
6041 4571
6041 5569
6042 901
6042 2175
6042 2396
6042 2608
6042 7128
6042 7590
6042 7591
6043 2579
6043 4469
6053 2074
6053 3117
6053 6098
6053 7593
6053 7594
6053 7596
6067 2844
6071 171
6071 261
6071 408
6071 889
6071 1503
6071 1506
6071 1529
6071 1536
6071 3802
6071 7597
6076 4664
6083 412
6083 453
6083 495
6083 699
6083 1054
6083 1198
6083 2195
6083 2196
6083 2197
6083 3076
6089 2258
6090 220
6090 261
6090 348
6090 407
6090 410
6090 568
6090 1054
6090 3076
6098 2829
6098 3496
6098 6638
6098 7412
6098 7463
6137 127
6137 171
6137 345
6137 888
6137 1020
6137 1504
6137 2364
6138 3038
6139 1153
6139 1259
6139 1598
6139 1949
6139 2466
6139 5807
6139 7559
6139 7584
6139 7651
6142 1910
6142 3298
6142 4782
6142 7654
6142 7655
6143 537
6143 3250
6143 3297
6143 3408
6143 7652
6143 7653
6158 1449
6158 4688
6158 7442
6168 652
6168 961
6168 1057
6168 1580
6168 2011
6168 3583
6168 5925
6168 7544
6169 1306
6169 2408
6169 5282
6169 7672
6178 2485
6178 2528
6178 5960
6178 6569
6178 7680
6178 7681
6184 719
6184 5321
6184 7463
6194 81
6194 127
6194 1168
6194 2268
6194 2412
6194 4687
6194 7686
6206 3574
6206 7270
6206 7695
6206 7697
6206 7699
6206 7700
6208 1529
6208 1533
6208 2584
6208 6090
6208 6904
6208 7250
6212 1377
6212 2398
6212 3703
6212 5640
6212 7270
6212 7651
6212 7695
6212 7696
6216 182
6216 2823
6216 2866
6216 3690
6216 5241
6221 170
6221 695
6221 920
6221 945
6221 1255
6221 1529
6221 1971
6221 2975
6221 3469
6234 3803
6234 4061
6234 5149
6234 5925
6234 7706
6238 409
6238 1185
6238 1452
6238 3978
6238 5121
6238 7170
6242 92
6242 127
6242 129
6242 130
6242 131
6242 132
6242 1056
6242 1534
6242 1959
6244 129
6244 170
6244 345
6244 410
6244 763
6244 1055
6244 1057
6244 2096
6244 3076
6252 1268
6252 2528
6252 2732
6252 4729
6252 4843
6252 7717
6253 3763
6253 4548
6253 5931
6253 7270
6284 545
6284 1414
6284 4315
6284 5181
6284 7737
6286 867
6286 2763
6286 5872
6286 7061
6286 7741
6297 755
6297 5996
6297 6100
6297 6392
6297 7697
6297 7747
6303 170
6303 987
6303 1053
6303 1056
6303 1551
6303 2096
6303 2170
6303 5672
6303 5673
6305 170
6305 636
6305 1550
6305 2234
6305 2513
6305 3609
6305 7581
6305 7767
6305 7768
6319 977
6319 1535
6319 3167
6319 4077
6319 7769
6323 3120
6323 4654
6323 5149
6323 5840
6328 9208
6336 130
6336 405
6336 453
6336 908
6336 1054
6336 1943
6336 3802
6336 6323
6336 7782
6341 131
6341 220
6341 346
6341 984
6341 1164
6341 1414
6341 1506
6341 2554
6341 6008
6342 4758
6344 1005
6344 4972
6344 5498
6344 7788
6344 7789
6344 7790
6344 7792
6355 910
6355 2732
6355 3114
6355 5548
6355 6184
6355 7463
6356 1597
6356 2396
6356 3297
6356 3400
6356 3579
6356 5970
6356 7235
6356 7795
6382 412
6382 4206
6382 7338
6382 7806
6382 7808
6387 114
6392 647
6392 2428
6392 5369
6392 7814
6392 7816
6394 4389
6394 4643
6394 5031
6394 5321
6394 7818
6421 165
6421 174
6421 407
6421 568
6421 695
6421 697
6421 698
6421 699
6421 761
6421 1255
6443 131
6443 148
6443 495
6443 1198
6443 3094
6443 3181
6444 1666
6444 2128
6444 2151
6444 4590
6444 4981
6444 6453
6445 1185
6445 1186
6445 2882
6445 5347
6445 5412
6445 7850
6449 405
6449 698
6449 987
6449 988
6449 1054
6449 1943
6449 3802
6449 6323
6449 7217
6453 470
6453 2878
6453 3082
6453 4212
6453 4245
6453 7590
6457 405
6457 453
6457 698
6457 794
6457 988
6457 1054
6457 1943
6457 6323
6457 7217
6458 209
6458 939
6458 2240
6458 2603
6458 7830
6458 7856
6458 7857
6459 61
6459 624
6459 1799
6459 1833
6459 2995
6459 6380
6459 7206
6519 958
6519 1544
6519 1785
6519 3117
6519 5067
6519 6462
6519 6784
6532 987
6532 2993
6532 7884
6532 7885
6551 6849
6556 6071
6568 263
6568 695
6568 920
6568 945
6568 1943
6568 1971
6568 2975
6568 3469
6568 4643
6581 1536
6581 2993
6581 4241
6581 4321
6581 6108
6581 6746
6586 1058
6586 2096
6586 2143
6586 2198
6586 3673
6590 7661
6590 7908
6590 7909
6590 7910
6590 7911
6621 202
6628 2850
6638 4315
6640 1918
6640 7979
6643 261
6643 696
6643 1058
6643 1528
6643 2048
6643 3743
6643 4605
6648 4552
6648 5883
6648 7655
6648 7927
6648 7928
6648 7930
6662 2589
6662 4745
6662 5502
6662 5958
6662 6613
6664 174
6664 1583
6664 1841
6664 2883
6664 5118
6664 5503
6664 7948
6675 1863
6677 133
6677 345
6677 1058
6677 1198
6677 1456
6677 1552
6677 1943
6677 2265
6677 3075
6677 5673
6687 317
6687 1152
6687 3678
6687 7953
6687 7954
6688 90
6688 260
6688 638
6688 867
6688 1056
6688 2034
6688 2975
6688 4643
6707 165
6707 566
6707 989
6707 2883
6707 5673
6707 6008
6714 1185
6714 2265
6714 2674
6714 4366
6714 7969
6722 46
6722 730
6722 4705
6732 7708
6734 1045
6734 1194
6734 1291
6734 2693
6734 4195
6734 4247
6734 6089
6745 7718
6750 170
6750 171
6750 262
6750 346
6750 412
6750 693
6750 699
6750 2195
6750 2196
6750 3076
6757 1910
6757 7708
6770 1922
6780 263
6780 405
6780 988
6780 1054
6780 1943
6780 1971
6780 3802
6780 7217
6784 263
6784 695
6784 867
6784 920
6784 945
6784 1056
6784 1971
6784 4643
6785 4353
6785 4529
6785 6108
6785 6221
6785 7934
6785 8003
6811 5682
6830 2603
6830 3745
6830 8034
6839 2396
6839 5941
6839 7232
6839 8045
6839 8046
6843 170
6843 567
6843 761
6843 987
6843 1053
6843 1056
6843 1765
6843 1971
6843 2096
6843 2485
6849 168
6849 567
6849 948
6849 1056
6849 1528
6849 1537
6849 2389
6849 3076
6849 6323
6849 10207
6891 2151
6891 2324
6891 4751
6891 7859
6891 8087
6904 1536
6926 130
6926 652
6926 2151
6926 2763
6926 2962
6926 8104
6927 405
6927 453
6927 698
6927 988
6927 1054
6927 3802
6927 6323
6937 165
6937 411
6937 1014
6937 3626
6937 3793
6937 3795
6937 7536
6968 263
6968 695
6968 945
6968 1971
6968 2744
6968 2975
6968 4643
6968 7928
6983 1918
6983 8137
6983 8138
6984 1941
6984 2146
6984 4047
6984 4954
6984 5995
6984 8132
6998 447
6998 3296
6998 4530
6998 5592
6998 8143
7000 4303
7000 5152
7000 5839
7000 8146
7010 345
7010 346
7010 763
7010 867
7010 984
7010 1055
7010 3076
7010 5612
7010 6380
7020 695
7020 920
7020 945
7020 1056
7020 1255
7020 1884
7020 1971
7020 2975
7020 3469
7021 1210
7021 1440
7021 2074
7021 2875
7021 7476
7021 8164
7021 8165
7035 171
7035 262
7035 345
7035 763
7035 867
7035 984
7035 1055
7035 1255
7035 2096
7036 687
7036 1631
7036 4384
7036 4804
7036 7472
7036 7767
7038 942
7038 2094
7038 2467
7038 7954
7039 3210
7039 3626
7039 3959
7039 5860
7039 8174
7039 8175
7062 1595
7062 1923
7062 4104
7062 5031
7062 8182
7070 133
7070 343
7070 345
7070 348
7070 408
7070 987
7070 1198
7070 1456
7070 1551
7070 3743
7113 522
7113 5849
7113 6556
7113 7915
7113 8223
7124 263
7124 405
7124 453
7124 945
7124 988
7124 1943
7124 1971
7124 3802
7124 7217
7128 639
7128 1212
7128 2567
7128 4315
7128 4782
7128 5592
7128 5811
7128 8239
7128 8240
7130 566
7130 765
7130 889
7130 989
7130 1456
7130 1533
7130 1958
7130 3743
7137 567
7137 677
7137 948
7137 987
7137 1551
7137 2096
7137 2485
7137 5673
7171 1535
7171 5553
7171 7597
7172 1425
7172 1715
7172 1922
7172 2767
7172 4654
7172 6022
7172 7141
7192 1224
7192 9279
7192 9353
7192 10501
7192 10763
7192 10764
7200 1186
7200 1525
7200 3795
7200 7369
7200 8290
7206 263
7206 1347
7206 2710
7206 7338
7206 8559
7206 9667
7211 1210
7211 1473
7211 4643
7211 7685
7211 8294
7223 132
7223 344
7223 407
7223 412
7223 698
7223 765
7223 1536
7223 2265
7223 3076
7223 6008
7228 1109
7228 2231
7228 2866
7228 3046
7228 3626
7228 5343
7228 7522
7228 8302
7232 61
7232 263
7232 1340
7232 1506
7232 5733
7232 5941
7232 6380
7232 8306
7240 408
7240 2567
7240 4782
7240 6722
7240 8310
7243 5765
7243 8333
7251 1318
7251 2608
7251 4631
7251 8316
7251 8317
7251 8319
7254 676
7254 1425
7254 3400
7254 6137
7254 6556
7254 8321
7254 8322
7263 8330
7264 687
7264 1306
7264 8027
7264 8328
7264 8329
7266 1116
7266 4353
7266 5479
7270 168
7270 220
7270 566
7270 765
7270 889
7270 989
7270 1164
7270 1943
7270 4664
7270 6008
7325 171
7325 262
7325 345
7325 763
7325 867
7325 1055
7325 1255
7325 2096
7325 4782
7335 1045
7335 4530
7335 4695
7335 7992
7335 8348
7338 966
7338 1663
7338 2389
7338 2484
7338 7472
7341 8347
7369 735
7369 3010
7369 6448
7369 7463
7369 7681
7374 5415
7374 7130
7374 7200
7374 7697
7374 8373
7374 8374
7374 8375
7401 733
7401 4936
7401 8379
7401 8380
7401 8381
7401 8382
7403 7130
7403 7697
7403 8373
7403 8374
7404 562
7409 408
7409 2131
7409 8397
7410 94
7410 2926
7410 5442
7410 6137
7410 7338
7410 8390
7410 8391
7412 411
7412 2144
7412 4241
7412 5121
7412 8393
7413 1322
7413 2180
7413 2683
7413 3263
7413 4555
7420 981
7420 2993
7420 3010
7420 3216
7420 8395
7420 8396
7434 132
7434 344
7434 407
7434 412
7434 453
7434 761
7434 1536
7434 2265
7434 6008
7438 763
7438 2151
7438 2517
7438 4981
7438 10770
7472 1021
7472 1729
7472 3989
7472 7038
7472 7542
7476 9305
7479 5452
7489 129
7489 183
7489 505
7489 565
7489 568
7489 3573
7489 8436
7494 171
7494 262
7494 345
7494 763
7494 867
7494 984
7494 1055
7494 1255
7494 2096
7507 893
7507 1259
7507 1774
7507 3843
7507 5353
7507 5673
7522 1419
7522 2074
7522 8310
7522 8459
7533 130
7533 344
7533 407
7533 695
7533 761
7533 1506
7533 1536
7533 1905
7533 1958
7533 2710
7534 8098
7538 8310
7542 568
7542 1729
7542 2217
7542 2803
7542 6769
7542 8319
7542 8471
7548 6769
7558 618
7558 3093
7558 3574
7558 7953
7558 8479
7558 8481
7564 131
7564 165
7564 168
7564 989
7564 1164
7564 1506
7564 1533
7596 187
7596 189
7596 407
7596 761
7596 1054
7596 1506
7596 1536
7596 1905
7596 1958
7596 2710
7597 202
7597 3127
7597 3948
7597 4502
7597 8502
7597 8503
7597 8504
7597 8505
7599 6045
7599 6628
7599 8506
7599 8508
7599 8509
7599 8510
7599 8511
7620 1340
7620 2620
7620 4059
7620 4328
7620 4555
7620 5083
7620 5282
7620 8531
7651 4782
7651 6613
7651 8548
7651 8550
7661 55
7661 4689
7661 8552
7661 8554
7662 982
7662 1011
7662 1473
7662 3701
7662 4370
7662 5082
7672 2006
7672 5212
7672 6532
7681 129
7681 147
7681 696
7681 982
7681 988
7681 1055
7681 4709
7685 590
7685 1842
7685 2272
7685 8568
7699 1613
7699 3075
7699 3127
7699 5282
7699 8582
7700 191
7700 192
7700 987
7700 1186
7700 1597
7700 3297
7700 5673
7700 6556
7706 2144
7706 2484
7706 3335
7706 4240
7706 5751
7733 1613
7733 2705
7733 4394
7733 5067
7733 8607
7741 130
7741 262
7741 407
7741 495
7741 695
7741 1905
7741 2342
7741 3861
7741 3978
7741 8614
7768 1595
7772 132
7772 412
7772 453
7772 761
7772 765
7772 1536
7772 2265
7808 165
7808 4937
7808 7219
7808 7535
7808 8642
7808 8643
7823 132
7823 345
7823 412
7823 453
7823 698
7823 765
7823 1536
7823 2265
7823 3076
7823 6008
7830 1049
7830 1103
7830 3999
7830 5958
7830 6089
7830 6344
7830 8656
7837 209
7837 1226
7837 4394
7837 8657
7837 8658
7837 8659
7849 168
7849 1535
7849 1537
7849 1943
7849 2710
7849 6323
7849 9248
7849 9249
7849 9250
7849 9251
7850 562
7850 792
7850 2564
7850 4077
7850 5747
7850 6043
7855 131
7855 495
7855 568
7855 1409
7855 1504
7855 1910
7855 2443
7859 285
7859 666
7859 2651
7859 6168
7859 6328
7859 8665
7874 738
7874 2755
7874 3158
7874 7651
7879 130
7879 133
7879 345
7879 694
7879 696
7879 1055
7879 1058
7879 1456
7879 1943
7879 3060
7884 30
7884 2098
7884 3191
7884 3614
7884 8688
7885 8695
7902 407
7902 698
7902 1322
7902 2048
7902 3216
7902 8711
7908 961
7908 2722
7908 3905
7908 7146
7908 7849
7909 344
7909 2200
7909 3158
7909 3914
7909 6457
7909 8712
7915 2866
7915 4366
7915 6401
7915 8397
7915 8628
7915 8722
7915 8723
7918 146
7918 5863
7918 8714
7918 8715
7918 8716
7934 1855
7934 2146
7934 2584
7934 8732
7934 8733
7948 6643
7953 222
7953 8753
7955 354
7955 5770
7955 8379
7955 8716
7955 8754
7955 8755
8031 623
8031 1556
8031 1586
8031 3298
8031 8707
8060 130
8060 132
8060 344
8060 407
8060 566
8060 695
8060 761
8060 1506
8060 1536
8060 1905
8064 132
8064 344
8064 407
8064 1905
8064 6244
8064 8375
8070 1014
8070 1116
8070 2223
8070 5491
8070 8824
8070 8825
8076 345
8076 1198
8076 1456
8076 2440
8076 2463
8076 3075
8076 8827
8087 8831
8098 2251
8098 2412
8098 3131
8098 5932
8098 7062
8098 8568
8098 8840
8104 147
8104 170
8104 171
8104 262
8104 346
8104 693
8104 984
8104 1055
8104 3076
8120 663
8120 8670
8120 8852
8120 8853
8120 8854
8120 8855
8127 174
8127 694
8127 696
8127 761
8127 762
8127 1055
8127 6078
8127 6079
8127 6080
8127 6081
8137 132
8137 344
8137 407
8137 2265
8137 3125
8138 3791
8138 7884
8138 8827
8138 8863
8138 8864
8143 4687
8143 4967
8143 5836
8143 6284
8143 8866
8155 129
8155 147
8155 405
8155 696
8155 982
8155 988
8155 1055
8155 4709
8164 687
8164 982
8164 3791
8164 7806
8164 8889
8164 8890
8175 8898
8192 2628
8192 2871
8192 4782
8192 8907
8192 8909
8228 1152
8228 1772
8228 4675
8228 8925
8272 345
8272 566
8272 766
8272 1056
8272 1198
8272 1504
8272 1553
8272 8715
8279 565
8279 694
8279 2097
8279 3060
8279 3742
8333 1440
8333 1529
8333 5925
8333 7250
8333 8405
8348 646
8348 4546
8348 6098
8362 2437
8362 2651
8362 4016
8362 4420
8362 6310
8362 9008
8362 9009
8362 9010
8373 7219
8375 270
8375 394
8375 3980
8375 4645
8375 5181
8375 6638
8375 7661
8375 8793
8375 9013
8381 130
8381 262
8381 344
8381 407
8381 495
8381 695
8381 761
8381 1905
8381 2710
8382 677
8382 765
8382 982
8382 984
8382 987
8382 988
8382 989
8382 6100
8385 1359
8385 1589
8385 2763
8385 3400
8385 4185
8385 6565
8385 9015
8390 263
8390 698
8390 794
8390 1529
8390 1904
8390 2710
8390 3075
8390 8559
8390 8662
8390 9024
8448 2564
8448 2693
8448 3113
8448 5566
8448 6565
8448 9048
8457 30
8457 463
8457 5447
8457 5960
8459 220
8459 4249
8459 7662
8459 9055
8481 129
8481 147
8481 405
8481 696
8481 982
8481 988
8481 1055
8481 4709
8500 1923
8500 2486
8500 3811
8500 6780
8500 8568
8500 9089
8511 30
8511 754
8511 925
8511 1411
8511 2878
8552 170
8552 171
8552 345
8552 410
8552 763
8552 1055
8552 1057
8552 2096
8552 3076
8559 754
8559 1867
8559 2510
8559 7423
8559 8457
8559 8560
8568 348
8568 794
8568 984
8568 1535
8568 2564
8568 2710
8568 7538
8568 7814
8587 2579
8587 4249
8587 5694
8587 7737
8587 8909
8587 9137
8589 591
8589 2568
8589 3415
8589 6305
8621 910
8621 1502
8621 4587
8621 9089
8621 9155
8628 794
8628 1055
8628 1056
8628 1164
8628 1373
8628 2364
8628 2484
8628 3060
8642 1212
8642 2848
8642 4641
8642 9169
8656 277
8656 631
8656 851
8656 3132
8656 9193
8656 9195
8657 4502
8657 6107
8657 7954
8657 9190
8658 8531
8665 9197
8667 1005
8667 1021
8670 2181
8670 7814
8670 9096
8670 9202
8670 9203
8670 9204
8670 9205
8694 261
8694 1054
8694 1056
8694 1456
8694 1506
8694 2195
8694 2484
8694 3802
8694 6323
8694 6722
8695 2555
8695 5840
8695 7788
8695 8228
8695 9222
8695 9223
8700 2813
8700 4127
8700 6384
8700 8714
8700 9229
8700 9231
8700 9232
8701 131
8701 5361
8701 5872
8701 9234
8701 9235
8704 1697
8704 2166
8704 5223
8704 5385
8704 9236
8704 9237
8705 1806
8705 2705
8705 4061
8705 4353
8705 4875
8705 6675
8705 7041
8706 4282
8707 3592
8707 4282
8707 5807
8707 6401
8707 9223
8707 9239
8719 244
8719 904
8719 1941
8719 4247
8719 4976
8719 5548
8719 6931
8719 9260
8732 132
8732 407
8732 566
8732 695
8732 1536
8732 1905
8732 9271
8732 9272
8754 9286
8755 3131
8782 663
8782 1665
8782 3160
8782 4675
8782 7041
8782 8783
8786 5945
8786 9015
8786 9332
8786 9333
8793 4804
8829 483
8829 4972
8829 5298
8829 7206
8829 9318
8854 1130
8854 1257
8854 2251
8854 2705
8854 8405
8854 9195
8854 9334
8859 1583
8859 6108
8859 8659
8859 9337
8859 9338
8859 9340
8859 9341
8859 9342
8860 129
8860 405
8860 408
8860 696
8860 790
8860 988
8860 1055
8860 6722
8863 356
8863 1547
8863 2858
8863 3743
8863 5561
8864 127
8864 168
8864 348
8864 565
8864 699
8864 1537
8864 1551
8864 1943
8864 2485
8864 6323
8866 127
8866 130
8866 495
8866 566
8866 695
8866 761
8866 1506
8866 1905
8866 1958
8866 2710
8874 3280
8874 4469
8874 5922
8874 7070
8874 9137
8874 9372
8898 405
8898 453
8898 698
8898 794
8898 987
8898 988
8898 1054
8898 6323
8898 9390
8903 1922
8907 984
8907 1254
8907 1584
8907 5840
8907 6356
8907 7849
8909 624
8925 1116
8925 2223
8925 2674
8925 4953
8925 9086
8950 1391
8950 2184
8950 2674
8950 9422
8950 9423
8954 1663
8954 1697
8954 4090
8954 4990
8954 7910
8954 9432
8962 453
8962 763
8962 2107
8962 2195
8962 5506
8962 9434
8962 9435
8962 9436
8962 9437
8965 986
8965 6462
8965 6519
8965 9438
8987 1045
8987 3684
8987 6565
8987 6881
8987 8782
9010 168
9010 345
9010 766
9010 1056
9010 1198
9010 1255
9010 1504
9010 1971
9010 2364
9024 410
9024 3716
9024 9086
9024 9473
9037 1666
9055 5636
9055 6785
9055 7708
9055 7808
9055 9501
9096 3237
9101 171
9101 410
9101 790
9101 1056
9101 1504
9101 3060
9101 4760
9129 202
9129 763
9129 1528
9129 5548
9129 5925
9130 1922
9130 2060
9130 3298
9130 5172
9130 8027
9130 9560
9130 9561
9155 2283
9155 6384
9155 9571
9155 9572
9167 495
9167 551
9167 1886
9167 1904
9167 4660
9167 4990
9167 5081
9167 9589
9169 5388
9193 171
9193 344
9193 565
9193 1534
9193 1537
9193 1550
9193 2115
9193 2365
9193 3060
9195 6008
9200 1550
9200 2194
9200 3093
9200 3885
9200 5925
9200 9606
9202 263
9202 1535
9202 2813
9202 5498
9202 8662
9202 9024
9204 1186
9212 411
9212 2813
9212 3793
9212 3795
9212 4973
9212 9213
9231 1103
9235 1169
9235 2181
9235 2364
9235 5212
9235 9237
9235 9618
9239 9324
9242 730
9242 2223
9242 3113
9242 5841
9242 6937
9242 7536
9242 8642
9250 9318
9250 9623
9250 9624
9250 9625
9250 9626
9258 2878
9263 1322
9263 3120
9263 3263
9263 5282
9263 9629
9279 308
9279 946
9279 1056
9279 1971
9279 3812
9279 6089
9279 9638
9286 730
9286 2223
9286 3626
9286 6937
9286 7536
9286 8387
9286 9258
9286 9459
9288 1550
9288 2144
9288 2265
9288 4090
9288 9644
9288 9645
9318 765
9318 9629
9318 9662
9318 9663
9318 9664
9337 1855
9338 132
9338 567
9338 867
9338 987
9338 1056
9338 1058
9338 1528
9338 2389
9338 3076
9338 6323
9341 1712
9341 3298
9341 5149
9341 6089
9341 7219
9346 1231
9346 1456
9346 1765
9346 2537
9346 3684
9346 9685
9352 757
9352 1846
9352 4782
9352 9353
9352 9354
9352 9355
9390 18
9390 213
9390 9017
9390 9712
9400 2026
9400 4804
9400 5485
9400 9720
9400 9721
9422 3123
9432 411
9432 1255
9432 3782
9432 3793
9432 9737
9432 9739
9443 2290
9459 673
9459 1883
9459 9761
9459 9762
9519 263
9519 699
9519 984
9519 3075
9519 8559
9519 9024
9519 9791
9519 9792
9528 58
9528 81
9528 946
9528 5609
9528 9798
9543 566
9543 2483
9543 2546
9543 3783
9543 4166
9543 7584
9543 9814
9560 9792
9562 132
9562 567
9562 761
9562 987
9562 1056
9562 1058
9562 1528
9562 2389
9562 3076
9562 6323
9567 591
9567 890
9567 1502
9567 3063
9567 6221
9567 9829
9567 9830
9571 129
9571 168
9571 410
9571 695
9571 699
9571 1055
9571 1164
9571 1537
9571 1552
9571 1971
9572 2851
9572 4249
9572 6355
9589 1697
9589 1971
9589 2370
9589 2592
9589 6394
9589 9842
9603 168
9603 410
9603 1537
9603 1971
9603 2198
9606 2245
9608 261
9608 453
9608 699
9608 1054
9608 1198
9608 2195
9623 9561
9624 1291
9624 2457
9624 3020
9624 3841
9624 8060
9624 9501
9624 9712
9629 2993
9629 3989
9629 3999
9629 6356
9639 652
9639 1055
9639 2826
9639 9891
9652 171
9652 1534
9652 3060
9652 3949
9652 9896
9652 9897
9659 470
9659 5385
9659 7522
9659 9037
9659 9903
9659 9904
9660 127
9660 168
9660 348
9660 565
9660 699
9660 987
9660 1535
9660 1537
9660 1943
9660 6323
9667 30
9667 1469
9667 2528
9667 4641
9667 9169
9668 620
9668 6107
9720 2239
9720 2415
9720 4515
9720 8704
9720 9324
9720 9639
9720 9784
9720 9979
9720 9980
9720 9982
9721 281
9721 1036
9721 1185
9721 1255
9721 6780
9721 9959
9726 567
9726 867
9726 987
9726 1056
9726 1058
9726 1528
9726 2389
9726 3076
9726 6323
9739 3349
9771 394
9771 1063
9771 1770
9771 1774
9771 1909
9771 2290
9771 7591
9771 9987
9771 9988
9772 129
9772 168
9772 695
9772 699
9772 1055
9772 1164
9772 1198
9772 1537
9772 1552
9772 1971
9775 348
9775 565
9775 1551
9775 2710
9775 9970
9791 9997
9798 263
9798 699
9798 763
9798 984
9798 1529
9798 2457
9798 7338
9798 8559
9828 263
9828 567
9828 763
9828 1584
9828 2584
9828 6108
9828 7338
9828 8559
9828 10020
9828 10021
9844 61
9844 633
9844 1697
9844 4550
9844 4980
9844 6664
9851 1116
9851 1257
9851 3093
9851 3113
9851 8642
9851 9343
9857 781
9857 920
9857 5932
9857 7737
9857 9492
9857 9639
9857 10040
9871 132
9871 567
9871 761
9871 987
9871 1056
9871 1058
9871 1528
9871 2389
9871 3076
9871 6323
9891 733
9891 1145
9891 1439
9891 4546
9891 6638
9891 7423
9891 10071
9896 719
9896 1960
9896 3158
9896 9271
9947 168
9947 345
9947 566
9947 766
9947 1056
9947 1198
9947 1504
9947 1971
9947 2364
9950 2672
9950 3743
9950 6937
9950 10129
9950 10131
9950 10132
9952 512
9952 1152
9952 5388
9952 9987
9952 10134
9952 10135
9959 463
9959 1469
9959 2433
9959 6194
9959 10136
9959 10138
9987 190
9987 1855
9987 2896
9987 3573
9987 6348
9987 10149
10020 989
10020 4990
10020 10165
10021 781
10021 3802
10021 6042
10021 8348
10021 8503
10021 9784
10021 10166
10021 10167
10033 132
10033 867
10033 1056
10033 1058
10033 1198
10033 1528
10033 2389
10033 3076
10033 6323
10033 7910
10043 1160
10043 4195
10043 4240
10043 4981
10043 6138
10043 7434
10043 7522
10043 8333
10043 9629
10043 10185
10051 189
10051 345
10051 408
10051 982
10051 1055
10051 2365
10051 4606
10069 45
10069 2239
10069 2270
10069 8027
10069 10206
10069 10207
10069 10209
10071 8387
10131 131
10131 168
10131 495
10131 566
10131 763
10131 989
10131 1198
10131 1534
10131 10639
10132 261
10132 1054
10132 1055
10132 1056
10132 1456
10132 1506
10132 2195
10132 2484
10132 3802
10132 6323
10135 1535
10135 9668
10135 10265
10135 10266
10135 10267
10142 4048
10145 260
10145 2437
10145 2811
10145 3812
10145 4973
10145 9263
10149 127
10149 261
10149 412
10149 693
10149 1299
10149 1353
10149 1456
10149 1905
10149 2096
10156 8070
10156 8700
10156 10159
10156 10283
10159 2693
10159 3698
10159 4166
10159 8070
10159 8310
10159 9355
10159 9900
10165 129
10165 168
10165 695
10165 699
10165 1055
10165 1164
10165 1537
10165 1552
10165 1971
10167 459
10185 411
10185 542
10185 1063
10185 1770
10185 7166
10194 147
10194 407
10194 505
10194 763
10194 889
10194 989
10236 851
10236 940
10236 2433
10236 3995
10236 10347
10251 2265
10295 90
10295 6032
10295 8405
10295 9229
10295 9970
10314 261
10314 1054
10314 1456
10314 2195
10314 2484
10314 3802
10314 6323
10314 6722
10314 10387
10326 1322
10326 7747
10326 9263
10326 9970
10326 10396
10345 165
10345 345
10345 408
10345 412
10345 982
10345 1055
10345 2096
10345 2365
10345 4606
10378 3096
10378 5765
10378 5932
10378 6188
10378 10444
10381 2192
10381 5252
10381 5346
10381 6284
10381 10459
10387 1164
10387 1537
10387 1552
10387 3540
10387 10474
10387 10475
10396 1021
10396 1130
10396 1598
10396 3113
10396 4187
10417 1340
10417 1665
10417 3167
10417 4061
10417 10496
10417 10497
10437 94
10437 171
10437 190
10437 565
10437 735
10437 9346
10458 2486
10458 3982
10458 4166
10458 4571
10468 133
10468 405
10468 1164
10468 1537
10468 1971
10474 526
10474 1153
10474 4061
10474 9857
10474 10546
10480 493
10480 2162
10480 2813
10480 7356
10480 9353
10480 10552
10484 666
10484 1322
10484 2022
10484 3216
10484 10132
10496 5025
10496 5172
10496 7910
10496 8155
10497 5968
10501 132
10501 261
10501 867
10501 982
10501 1054
10501 1456
10501 1506
10501 2195
10501 3802
10530 345
10530 408
10530 412
10530 1164
10530 2096
10530 5673
10532 261
10532 412
10532 1299
10532 1353
10532 1905
10532 3592
10532 10598
10546 345
10546 408
10546 412
10546 867
10546 1504
10546 2096
10546 2365
10546 4606
10546 5673
10562 171
10562 505
10562 1550
10562 1971
10562 2364
10562 3060
10580 345
10580 408
10580 412
10580 948
10580 1055
10580 1614
10580 2096
10580 2365
10580 4606
10594 663
10594 3793
10594 3795
10594 4061
10594 4301
10594 7806
10594 9334
10594 10645
10594 10646
10598 2993
10598 3710
10598 4122
10598 9720
10598 10651
10598 10652
10629 5008
10639 147
10639 407
10639 505
10639 763
10639 766
10639 867
10639 889
10639 989
10642 147
10642 407
10642 505
10642 763
10642 766
10642 867
10642 1614
10642 10680
10680 1186
10680 2268
10680 3793
10680 5770
10680 10702
10696 140
10696 1186
10696 1429
10696 2714
10696 2851
10696 10714
10706 1472
10706 3199
10706 8782
10706 10251
10706 10629
10709 127
10709 5082
10709 7806
10709 8348
10709 10708
10714 689
10714 7507
10714 8405
10714 9343
10714 10731
10726 1922
10726 3343
10726 7128
10726 10752
10726 10753
10736 1347
10736 2564
10736 4059
10736 9982
10736 10761
10736 10762
10742 1502
10742 2546
10742 10726
10742 10768
10742 10769
10742 10770
10752 2466
10752 3373
10752 4861
10752 5711
10752 6244
10752 6688
10752 10781
10753 2342
10753 3373
10753 6244
10753 6688
10753 10781
10753 10782
10753 10783
10757 6382
10757 6401
10757 6638
10757 9155
10757 10786
10761 1867
10761 2485
10761 2896
10761 5824
10761 8487
10769 5711
10770 7423
10778 1835
10780 2608
10780 2813
10780 3933
10780 5561
10780 10265
10783 521
10787 168
10787 566
10787 698
10787 867
10787 989
10787 1198
10787 1534
10787 1905
10787 2364
10787 6008
10798 4061
10798 5592
10798 5711
10798 7036
10798 10819
10798 10820
10809 133
10809 168
10809 989
10809 1164
10809 1198
10809 1534
10809 1905
10809 2364
10809 5673
10820 130
10820 171
10820 984
10820 1027
10820 1904
10820 3298
10820 4643
10820 8854
