123 405
123 406
123 408
123 409
123 412
123 414
132 52
132 219
144 513
144 514
144 515
144 517
144 520
261 547
261 933
304 261
304 348
304 1054
304 3076
348 1249
348 1251
348 1253
348 1254
405 933
405 1358
405 1360
408 1371
409 1020
409 1375
412 388
412 1390
412 1394
412 1395
423 1407
423 1411
423 1413
453 913
453 1508
453 1509
453 1510
511 1407
511 1817
515 517
515 1627
515 1643
515 1644
515 1645
515 1646
535 422
535 1632
535 1689
535 1691
535 1692
535 1693
535 1695
547 1715
547 1716
547 1722
567 547
567 1823
567 1825
567 1829
699 1258
699 2122
699 2123
699 2125
699 2126
722 412
722 453
722 699
722 1054
722 2195
722 2196
722 2197
722 2198
754 1449
754 2258
832 517
832 988
832 2331
832 2380
832 2381
832 2382
988 933
988 1249
988 4389
988 5983
1003 567
1003 1129
1003 1817
1003 2315
1003 2786
1003 2788
1050 1335
1050 2156
1050 2449
1050 2831
1054 2060
1054 2845
1054 2846
1054 2847
1054 2849
1068 2886
1130 225
1130 453
1130 567
1130 622
1130 2258
1130 2999
1145 567
1145 1104
1145 1130
1145 1689
1145 2872
1145 3033
1167 1207
1167 1731
1193 1003
1193 1167
1193 2331
1193 2786
1193 3129
1198 2474
1198 3085
1198 3124
1198 3125
1224 1020
1224 2289
1224 3171
1224 3172
1224 3173
1258 1375
1258 5899
1258 5902
1305 41
1305 832
1305 1632
1305 3283
1305 3286
1335 3343
1375 517
1375 3424
1375 3427
1375 3430
1382 1798
1382 1817
1382 3475
1382 3476
1495 1639
1495 3629
1495 3630
1529 2592
1529 3690
1529 3691
1536 2944
1536 3355
1556 37
1556 515
1556 1639
1556 2906
1556 3723
1556 3724
1639 3707
1639 3831
1639 3834
1643 37
1643 1251
1643 2231
1643 5000
1643 6756
1646 2093
1646 3629
1646 3836
1646 3838
1646 3841
1664 261
1664 412
1664 453
1664 3076
1664 3882
1664 3883
1691 2150
1691 3901
1691 3902
1697 364
1697 3906
1715 3528
1715 3933
1715 3935
1715 3937
1715 3938
1716 3939
1750 1860
1750 3977
1750 3979
1750 3980
1750 3981
1764 2449
1764 4008
1764 4009
1764 4011
1764 4012
1942 2156
1942 4200
1942 4203
1943 1944
1943 3355
1943 3843
1943 4196
1943 4198
2107 408
2107 988
2107 1529
2107 1536
2107 3076
2107 3802
2118 2715
2118 3178
2118 4187
2118 4243
2118 4421
2166 412
2166 453
2166 699
2166 2195
2166 2196
2166 2197
2195 6810
2196 913
2196 1305
2196 1697
2196 4503
2197 6806
2197 6807
2231 261
2231 408
2231 988
2231 1529
2231 1536
2231 3802
2252 4654
2288 2986
2288 4609
2288 7284
2288 7285
2288 7286
2315 3173
2315 4630
2331 4659
2331 4660
2331 4661
2354 261
2354 408
2354 988
2354 1529
2354 1536
2354 3076
2354 3802
2381 4710
2381 4712
2381 4713
2408 453
2408 699
2408 1054
2408 1198
2408 2195
2408 2196
2408 2197
2443 261
2443 412
2443 453
2443 988
2443 1054
2443 1198
2443 2195
2443 2197
2464 2770
2510 1155
2510 1198
2510 1325
2510 1449
2510 3838
2510 4871
2510 4872
2510 4873
2528 988
2528 1536
2528 3802
2528 3980
2528 4900
2587 52
2587 1325
2587 4951
2587 4952
2595 408
2595 1529
2595 3802
2628 412
2628 453
2628 699
2628 1054
2628 2195
2628 2196
2628 2197
2630 4997
2630 4999
2630 5000
2683 502
2683 567
2683 988
2683 6323
2683 8559
2715 722
2715 746
2715 3899
2715 4654
2770 1509
2770 3232
2770 3883
2770 5123
2770 5124
2849 5226
2859 408
2859 3033
2859 3802
2859 4263
2886 1054
2886 7037
2886 7217
2886 7507
2904 1182
2904 3045
2904 5263
2904 5265
2906 364
2906 1155
2906 3478
2906 4999
2944 1798
2944 1923
2944 4990
2944 6111
2944 7215
2944 7389
2944 7390
2986 1050
2986 1087
2986 3549
2999 2381
2999 3340
2999 5337
2999 5338
2999 5339
3011 261
3011 408
3011 988
3011 1529
3011 1536
3011 3802
3013 2060
3013 5353
3013 5356
3020 412
3020 453
3020 699
3020 1054
3020 1198
3020 2195
3020 2196
3020 2197
3020 3076
3076 5397
3120 2845
3120 4008
3120 5451
3125 408
3125 3802
3125 4713
3154 261
3154 453
3154 699
3154 1054
3154 1198
3154 2195
3154 2196
3154 2197
3154 3076
3173 1632
3173 5499
3178 453
3178 699
3178 1054
3178 1198
3178 2195
3178 2196
3178 2197
3179 1003
3179 4866
3191 453
3191 699
3191 1054
3191 2195
3191 2196
3191 5506
3191 5507
3191 5508
3256 5347
3256 5416
3256 5561
3271 1536
3298 7788
3305 4609
3305 5256
3305 7346
3334 1722
3334 3336
3334 4609
3334 5622
3336 1020
3336 1155
3336 1258
3336 5081
3343 408
3343 988
3343 1529
3343 3802
3344 1750
3344 3120
3344 5284
3344 5629
3355 2331
3355 5636
3355 5637
3355 5638
3424 4654
3427 515
3427 517
3427 1395
3427 2380
3427 4468
3427 4629
3427 4873
3427 5409
3427 5645
3427 5716
3427 5719
3427 5720
3427 5722
3476 9872
3476 9873
3565 1003
3565 1254
3565 7822
3614 453
3614 1054
3614 2196
3614 3076
3614 3969
3615 1411
3615 2770
3615 3305
3615 5416
3615 5864
3629 412
3629 453
3629 1054
3629 2196
3629 2197
3629 5870
3630 722
3630 5378
3630 5806
3690 759
3690 1395
3690 3870
3690 4300
3690 5923
3690 5924
3690 5926
3699 412
3699 453
3699 699
3699 1054
3699 2195
3699 2196
3699 2197
3729 1155
3729 1691
3729 4951
3729 5943
3802 5640
3802 6030
3802 6032
3831 261
3831 453
3831 699
3831 1054
3831 1198
3831 1262
3831 2195
3831 2196
3831 2197
3838 1697
3838 5530
3838 6063
3841 3831
3841 6061
3841 6062
3867 4187
3867 4224
3867 5594
3867 5715
3867 5951
3867 6089
3867 6090
3899 261
3899 348
3899 1054
3899 1692
3899 3076
3899 5353
3901 511
3901 1254
3901 1520
3901 2125
3933 261
3933 408
3933 988
3933 1529
3933 3802
3937 1943
3937 5506
3937 6155
3937 6156
3937 6157
3937 6158
3937 6159
3949 412
3949 453
3949 699
3949 2195
3949 2196
3949 2197
3949 3076
3969 5390
4013 1536
4013 3256
4013 5353
4013 6211
4137 1325
4137 6336
4224 3969
4224 5609
4224 6389
4224 6390
4263 1382
4263 1817
4291 225
4291 754
4291 1773
4291 4951
4291 4952
4291 6434
4291 6435
4330 1050
4330 6449
4382 1003
4382 3045
4382 5390
4382 5686
4382 8075
4404 261
4404 1198
4404 1536
4404 3076
4426 1664
4426 5345
4426 6083
4426 6543
4609 225
4609 2166
4609 6700
4645 261
4645 348
4645 453
4645 1054
4645 3076
4660 1860
4660 2595
4660 3804
4712 261
4712 408
4712 988
4712 1529
4712 1536
4712 3802
4713 2288
4713 4203
4713 6775
4713 6777
4866 261
4866 348
4866 453
4866 1054
4866 3076
4868 722
4868 4382
4990 261
4990 348
4990 453
4990 1054
5066 1864
5066 4013
5066 4703
5066 5416
5066 6390
5081 1632
5081 2904
5081 7551
5081 8962
5088 1773
5088 4951
5088 4952
5088 6435
5117 5339
5123 261
5123 348
5123 3076
5175 2904
5175 2959
5175 3385
5175 3902
5175 7067
5225 5926
5225 6420
5225 7104
5256 261
5256 348
5256 453
5256 1054
5256 3076
5284 759
5284 4868
5284 5338
5284 5601
5284 5630
5284 7124
5320 3842
5320 7157
5320 7158
5342 261
5342 348
5342 1054
5342 2196
5347 261
5347 348
5347 1054
5347 2196
5347 5630
5347 7165
5409 515
5409 5719
5416 2198
5416 3723
5416 5338
5416 7192
5485 405
5485 453
5485 988
5485 1943
5485 3802
5485 7217
5499 1003
5499 3178
5499 3385
5499 4468
5499 7229
5499 7231
5509 1198
5509 1536
5509 1943
5509 3690
5594 405
5594 453
5594 988
5594 1054
5594 1943
5594 6323
5594 7217
5594 7287
5609 405
5609 453
5609 988
5609 1054
5609 1943
5609 3802
5609 7217
5622 1722
5622 3336
5622 7368
5629 1155
5629 7326
5629 7327
5630 3729
5630 4659
5630 6420
5630 7329
5630 7330
5636 4982
5636 5667
5636 7337
5637 348
5637 5347
5637 7327
5637 7338
5686 7078
5686 7285
5686 7286
5686 7380
5722 412
5722 453
5722 699
5722 1054
5722 1198
5722 2195
5722 2196
5722 2197
5722 3076
5789 699
5789 1764
5789 7078
5789 9111
5806 4609
5806 6053
5891 7491
5926 405
5926 988
5926 5789
5926 8538
5926 8539
5932 412
5932 453
5932 699
5932 1054
5932 1198
5932 2195
5932 2196
5932 2197
5983 3565
5983 5509
5983 6100
5984 3867
5984 5000
6032 7581
6053 3305
6053 7593
6053 7594
6071 261
6071 408
6071 1529
6071 1536
6071 3802
6083 412
6083 453
6083 699
6083 1054
6083 1198
6083 2195
6083 2196
6083 2197
6083 3076
6089 2258
6090 261
6090 348
6090 1054
6090 3076
6145 1182
6145 2595
6145 4609
6145 7487
6145 7656
6158 1449
6158 1860
6158 4787
6158 7442
6190 1562
6190 2123
6190 2628
6190 4951
6230 3901
6230 4999
6230 5339
6230 5891
6230 7707
6230 7708
6230 7709
6299 423
6299 2107
6323 1050
6323 3120
6323 4654
6336 405
6336 453
6336 1054
6336 1943
6336 3802
6336 6323
6336 7782
6363 1382
6363 4224
6363 6090
6363 7823
6394 1632
6394 4389
6394 5031
6394 5645
6394 7818
6411 2592
6411 4317
6411 7389
6411 7833
6411 7834
6449 405
6449 988
6449 1054
6449 1943
6449 3802
6449 6323
6449 7217
6457 405
6457 453
6457 988
6457 1054
6457 1943
6457 6323
6457 7217
6543 535
6543 1087
6543 7897
6575 1249
6575 3427
6575 5347
6575 6868
6575 7905
6575 7906
6656 1556
6656 7067
6656 7931
6656 7932
6656 7933
6722 1207
6722 7972
6722 7974
6750 412
6750 699
6750 2195
6750 2196
6750 3076
6780 405
6780 988
6780 1054
6780 1943
6780 3802
6780 7217
6822 1325
6822 7195
6822 7709
6927 405
6927 453
6927 988
6927 1054
6927 3802
6927 6323
6983 1731
6983 8137
6983 8138
7062 1923
7062 5031
7062 7067
7062 8182
7067 1050
7067 8186
7067 8187
7067 8188
7067 8189
7067 8190
7068 6722
7068 8192
7068 8193
7068 8194
7078 6927
7121 2959
7121 3723
7121 4203
7121 8233
7124 405
7124 453
7124 988
7124 1943
7124 3802
7124 7217
7190 746
7190 1520
7190 7932
7192 422
7192 1224
7192 9353
7192 10501
7192 10763
7192 10764
7195 6053
7195 6061
7195 8280
7195 8281
7195 8283
7195 8284
7223 132
7223 412
7223 1536
7223 3076
7326 4486
7326 7897
7326 8105
7326 8346
7338 1050
7338 1632
7338 7167
7383 2331
7383 7384
7383 7385
7434 132
7434 412
7434 453
7434 1325
7434 1536
7507 3843
7507 4468
7507 5353
7534 8098
7551 2380
7551 8472
7551 8473
7565 1262
7565 2166
7565 8280
7565 8490
7585 5225
7585 7190
7585 8495
7585 8496
7587 388
7587 3969
7587 7932
7587 8495
7587 8497
7587 8498
7587 8499
7587 8500
7665 7833
7707 3478
7732 1764
7732 2123
7732 7788
7732 7905
7772 132
7772 412
7772 453
7772 1536
7823 132
7823 412
7823 453
7823 1536
7823 3076
7834 8202
7849 1943
7849 6323
7849 9248
7849 9249
7849 9250
7849 9251
7884 3191
7884 3614
7884 8688
7884 8689
7890 1773
7890 3938
7890 5645
7890 6434
7890 8098
7926 388
7926 2288
7926 5338
7926 7647
7926 8724
7932 6032
7932 8425
7932 8730
7932 8731
7974 7157
7974 8770
7974 8771
8031 1556
8031 3298
8031 8190
8085 6190
8085 8781
8085 8838
8085 8839
8098 5932
8098 7062
8098 8568
8098 8840
8137 132
8137 3125
8137 8594
8138 7167
8138 7884
8138 8827
8138 8864
8175 8898
8190 2380
8190 3336
8190 8904
8190 8905
8192 2628
8192 8907
8259 1050
8296 520
8296 913
8296 5686
8296 8495
8326 1697
8326 2288
8326 7434
8326 8986
8327 4187
8327 5342
8327 8988
8490 1639
8490 3729
8490 5000
8490 8780
8490 8781
8500 1562
8500 1923
8500 6780
8500 8568
8500 9089
8511 754
8511 759
8511 1262
8511 1411
8511 9090
8559 754
8559 2510
8559 6629
8559 8560
8568 348
8689 520
8694 261
8694 1054
8694 2195
8694 3802
8694 6323
8694 6722
8704 1697
8704 2166
8704 7138
8704 7329
8704 8296
8704 9236
8730 3842
8730 4630
8730 6790
8730 7330
8771 7551
8826 6790
8826 8326
8826 8954
8826 9316
8826 9317
8839 409
8839 1155
8839 4486
8864 348
8864 699
8864 1943
8864 6323
8898 405
8898 453
8898 988
8898 1054
8898 6323
8898 9390
8905 913
8905 2683
8905 9067
8907 1254
8907 7849
8954 1697
8954 4990
8954 7910
8962 453
8962 2107
8962 2195
8962 5506
8962 9434
8962 9435
8962 9436
8962 9437
8986 9447
8988 408
8988 1198
8988 1943
8988 9059
9039 2198
9039 2904
9039 10264
9055 4486
9055 5636
9055 7708
9055 9501
9090 4630
9090 7671
9090 9555
9130 2060
9130 3298
9130 5499
9130 9561
9161 933
9161 4629
9161 9585
9167 4660
9167 4990
9167 5081
9167 9589
9180 6656
9180 9601
9209 2623
9209 9370
9209 9601
9209 9608
9224 423
9224 2986
9224 3478
9224 6299
9224 9613
9250 3476
9250 9318
9250 9623
9250 9624
9250 9625
9250 9626
9267 7330
9267 8425
9267 9632
9267 9633
9316 1258
9318 6656
9318 9662
9318 9663
9318 9664
9338 132
9338 567
9338 3076
9338 6323
9370 502
9370 9695
9370 9697
9370 9698
9381 1764
9381 2628
9381 5225
9381 9708
9390 7932
9390 9712
9390 9713
9542 759
9542 2339
9542 4703
9562 132
9562 567
9562 3076
9562 6323
9589 1697
9589 2592
9589 6394
9589 7384
9589 9508
9589 9842
9608 261
9608 453
9608 699
9608 1054
9608 1198
9608 2195
9608 4997
9623 9561
9624 2457
9624 3020
9624 3841
9624 5088
9624 9501
9624 9712
9633 2315
9633 4609
9633 5530
9633 8818
9633 9883
9692 2905
9692 6190
9692 9713
9692 9925
9698 933
9698 1716
9698 2786
9698 5397
9698 9928
9798 699
9798 1529
9798 2457
9798 7338
9798 8559
9828 567
9828 7338
9828 8559
9857 5932
9857 9370
9857 9492
9857 10040
10033 132
10033 1198
10033 3076
10033 6323
10033 7910
10132 261
10132 1054
10132 2195
10132 3802
10132 6323
10264 746
10264 1764
10314 261
10314 1054
10314 2195
10314 3802
10314 6323
10314 6722
10314 10387
10387 10473
10387 10474
10387 10475
10456 1198
10456 5630
10456 6822
10456 10532
10456 10533
10473 5806
10473 9633
10474 9857
10501 132
10501 261
10501 1054
10501 2195
10501 3802
10532 261
10532 412
10532 2339
10533 6230
10556 6434
10556 7822
10556 10614
10556 10615
10556 10616
10839 225
10839 2628
10839 5637
10839 10851
