0 18
1 4
2 17
3 4
4 1
5 2
6 19
7 19
8 19
9 19
10 19
11 19
12 18
13 18
14 18
15 18
16 17
17 16
18 15
19 3
20 17
21 3
22 2
23 1
24 12
25 2
26 2
27 2
28 1
29 0
30 18
31 9
32 16
33 18
34 1
35 20
36 1
37 17
38 0
39 19
40 20
41 19
42 19
43 19
44 18
45 18
46 18
47 19
48 20
49 22
50 22
51 22
52 22
53 22
54 21
55 21
56 21
57 20
58 20
59 19
60 19
61 19
62 19
63 18
64 17
65 17
66 17
67 12
68 12
69 12
70 18
71 12
72 11
73 11
74 11
75 10
76 18
77 19
78 18
79 18
80 17
81 17
82 17
83 17
84 19
85 19
86 19
87 19
88 19
89 18
90 18
91 18
92 18
93 17
94 19
95 19
96 20
97 19
98 19
99 19
100 20
101 20
102 20
103 21
104 20
105 19
106 18
107 18
108 18
109 19
110 18
111 17
112 18
113 18
114 18
115 17
116 17
117 17
118 17
119 17
120 17
121 18
122 18
123 17
124 18
125 19
126 19
127 19
128 18
129 17
130 17
131 17
132 18
133 19
134 19
135 20
136 20
137 20
138 21
139 22
140 21
141 21
142 20
143 19
144 19
145 20
146 19
147 18
148 18
149 17
150 17
151 17
152 17
153 17
154 17
155 17
156 17
157 17
158 17
159 17
160 17
161 17
162 18
163 18
164 18
165 18
166 17
167 17
168 17
169 16
170 3
171 15
172 10
173 2
174 17
175 17
176 17
177 17
178 17
179 16
180 9
181 11
182 11
183 11
184 11
185 11
186 11
187 11
188 11
189 11
190 11
191 11
192 11
193 10
194 10
195 10
196 9
197 11
198 11
199 11
200 11
201 10
202 15
203 12
204 11
205 11
206 10
207 11
208 11
209 10
210 9
211 9
212 9
213 10
214 10
215 9
216 8
217 3
218 2
219 3
220 3
221 2
222 1
223 1
224 1
225 15
226 1
227 17
228 17
229 16
230 3
231 1
232 0
233 15
234 14
235 15
236 15
237 17
238 16
239 16
240 16
241 15
242 14
243 15
244 15
245 16
246 16
247 16
248 16
249 16
250 15
251 14
252 13
253 1
254 4
255 4
256 3
257 3
258 4
259 1
260 0
261 5
262 17
263 0
264 8
265 7
266 7
267 6
268 3
269 11
270 4
271 3
272 12
273 1
274 0
275 14
276 14
277 14
278 14
279 14
280 13
281 15
282 15
283 17
284 17
285 16
286 16
287 17
288 17
289 16
290 15
291 15
292 15
293 14
294 13
295 14
296 16
297 15
298 14
299 13
300 12
301 11
302 10
303 2
304 2
305 6
306 11
307 11
308 11
309 11
310 11
311 10
312 9
313 8
314 9
315 8
316 8
317 8
318 8
319 8
320 7
321 6
322 6
323 8
324 10
325 10
326 9
327 9
328 9
329 9
330 8
331 8
332 8
333 8
334 7
335 6
336 5
337 4
338 3
339 8
340 9
341 8
342 8
343 7
344 2
345 2
346 1
347 1
348 6
349 0
350 2
351 7
352 0
353 1
354 1
355 0
356 3
357 2
358 4
359 4
360 4
361 3
362 2
363 0
364 3
365 1
366 0
367 0
368 0
369 3
370 2
371 0
372 4
373 4
374 3
375 2
376 3
377 1
378 0
379 2
380 2
381 2
382 2
383 2
384 1
385 1
386 0
387 0
388 10
389 10
390 10
391 9
392 2
393 1
394 0
395 1
396 1
397 0
398 1
399 1
400 0
401 0
402 1
403 3
404 3
405 2
406 2
407 2
408 1
409 0
410 1
411 1
412 0
413 1
414 3
415 2
416 2
417 2
418 1
419 0
420 0
421 1
422 3
423 3
424 3
425 8
426 7
427 6
428 5
429 4
430 3
431 2
432 2
433 1
434 2
435 1
436 0
437 0
438 1
439 1
440 2
441 1
442 1
443 1
444 0
445 1
446 3
447 2
448 1
449 0
450 0
451 0
452 3
453 1
454 0
455 1
456 0
457 1
458 1
459 0
460 1
461 0
462 2
463 1
464 2
465 1
466 0
467 0
468 1
469 3
470 0
471 1
472 0
473 1
474 0
475 1
476 1
477 1
478 0
479 1
480 2
481 1
482 3
483 2
484 4
485 0
486 6
487 0
488 1
489 4
490 5
491 8
492 8
493 8
494 8
495 7
496 9
497 9
498 8
499 7
500 6
501 6
502 5
503 6
504 5
505 6
506 7
507 6
508 5
509 4
510 3
511 3
512 2
513 2
514 1
515 0
516 1
517 1
518 1
519 0
520 1
521 3
522 1
523 2
524 1
525 5
526 4
527 1
528 0
529 0
530 1
531 1
532 0
533 2
534 4
535 3
536 3
537 3
538 3
539 2
540 1
541 0
542 1
543 0
544 1
545 1
546 0
547 1
548 3
549 3
550 3
551 2
552 1
553 0
554 2
555 1
556 0
557 0
558 0
559 1
560 0
561 1
562 0
563 2
564 2
565 1
566 3
567 3
568 2
569 0
570 1
571 1
572 0
573 1
574 0
575 0
576 1
577 0
578 1
579 0
580 0
581 0
582 1
583 2
584 2
585 2
586 1
587 1
588 1
589 1
590 0
591 0
592 1
593 1
594 1
595 0
596 1
597 0
598 1
599 1
600 0
601 1
602 0
603 2
604 3
605 3
606 2
607 1
608 0
609 2
610 1
611 0
612 2
613 1
614 1
615 0
616 1
617 1
618 0
619 0
620 0
621 0
622 1
623 0
624 1
625 0
626 1
627 1
628 0
629 0
630 1
631 1
632 0
633 0
634 1
635 1
636 0
637 1
638 1
639 0
640 0
641 1
642 1
643 0
644 2
645 2
646 1
647 0
648 0
649 2
650 1
651 0
652 1
653 1
654 1
655 1
656 0
