10 136
10 138
10 139
10 142
136 730
136 4694
136 8253
136 8958
234 691
234 804
234 805
234 806
234 809
276 1315
292 806
292 1083
292 1084
292 1085
292 1086
292 1088
305 437
305 1103
352 1083
352 1261
352 1267
445 1486
445 1487
445 1490
691 2106
691 2108
691 2109
691 2110
691 2111
705 1659
705 2140
705 2141
717 2182
744 497
744 2232
744 2233
744 2235
1061 2874
1061 2875
1061 2878
1061 2879
1076 352
1076 2022
1076 2890
1076 2891
1076 2892
1084 5795
1085 2921
1086 1330
1086 2052
1086 2916
1086 2918
1086 2920
1117 138
1117 2936
1117 3034
1117 3037
1117 3039
1242 1647
1242 3215
1242 3216
1242 3218
1242 3219
1289 1088
1289 3244
1289 3248
1289 3249
1314 1211
1314 1961
1314 3294
1314 3295
1314 3296
1315 1211
1315 1961
1315 2578
1315 2701
1315 3294
1315 3295
1315 3296
1315 3519
1315 3521
1315 3523
1330 819
1330 1088
1330 2235
1330 2745
1330 3329
1349 3358
1349 3359
1349 3360
1349 3362
1367 1084
1367 1389
1367 3402
1367 3405
1367 3406
1381 1884
1381 2275
1381 3431
1381 3432
1389 3524
1389 3526
1487 3605
1487 3608
1516 456
1516 819
1516 2874
1516 2875
1516 3653
1540 1690
1540 2570
1540 3720
1540 3721
1625 2927
1625 3829
1811 3785
1811 4059
1830 437
1846 1103
1846 2934
1846 3249
1846 4240
1846 4242
1859 4102
1859 4112
1859 4113
1859 4115
1884 804
1884 2344
1884 3830
1884 4121
1884 4124
1888 1037
2022 736
2022 1367
2022 2796
2022 4113
2052 110
2052 437
2052 2892
2052 3130
2052 3785
2061 4500
2061 4501
2061 4502
2063 731
2063 1267
2063 1367
2063 4357
2063 4358
2063 4359
2063 4360
2111 1267
2111 1741
2111 2275
2111 4357
2111 4358
2111 4360
2111 4433
2111 4434
2116 2570
2182 6719
2182 6720
2182 6721
2182 6723
2232 4357
2232 4358
2232 4359
2268 55
2268 4578
2280 2022
2280 2878
2280 3772
2326 276
2326 1701
2326 2550
2326 2878
2326 4640
2399 4738
2448 2061
2448 2275
2448 4433
2527 2275
2527 3037
2527 3130
2550 1714
2552 136
2570 5038
2651 2033
2651 2268
2651 2512
2651 5034
2651 5035
2651 5037
2718 5070
2747 5098
2747 5099
2747 5100
2747 5101
2747 5102
2747 5103
2747 5104
2747 5105
2796 159
2796 5159
2796 5160
2796 5162
2891 234
2891 2550
2891 5245
2891 5246
2927 110
2927 437
2927 1315
2927 1846
2927 2174
2927 3216
2927 3829
2927 4115
3070 456
3070 2745
3070 4112
3070 5759
3070 8015
3070 8343
3130 1884
3130 3165
3215 437
3215 1103
3215 1830
3215 2934
3215 4240
3215 4242
3215 5445
3215 5611
3249 7548
3251 1830
3251 2076
3251 3772
3251 5391
3251 5555
3257 110
3257 3829
3257 4115
3360 5648
3360 5650
3360 5652
3360 5653
3376 110
3376 1830
3376 5677
3402 1244
3402 9091
3402 9165
3406 2878
3406 5699
3406 5700
3492 5784
3523 2076
3523 5833
3542 1267
3542 1741
3542 2116
3542 4113
3542 4358
3542 4359
3542 4863
3605 3890
3605 4194
3605 4819
3605 5255
3605 5845
3605 5846
3605 5847
3653 3987
3653 4599
3653 5895
3653 5896
3687 736
3687 1084
3687 2570
3720 3083
3769 731
3769 2448
3769 5946
3772 159
3772 2936
3772 5274
3772 5498
3890 819
3890 2268
3890 4753
3890 6106
3913 1103
3913 7126
3913 9875
3913 9876
3913 9877
3913 9878
3987 3257
3987 6189
4024 2570
4024 6217
4102 2141
4102 2578
4102 6287
4102 6288
4102 6289
4102 6291
4121 497
4121 731
4121 6321
4121 6322
4150 2701
4150 6345
4150 6346
4150 6347
4194 879
4194 1690
4194 2268
4194 2875
4194 3987
4315 110
4315 292
4315 5134
4335 456
4430 3359
4430 4141
4430 4509
4430 6553
4430 6554
4433 151
4569 5946
4569 6670
4620 5258
4620 6704
4620 6705
4620 6706
4620 6707
4620 6708
4620 6709
4657 819
4657 1714
4657 6318
4746 1027
4746 2140
4746 2570
4753 10834
4819 3674
4829 705
4829 2934
4829 4358
4829 6844
4829 6845
4829 6846
4863 6873
4865 2701
4865 6874
4865 6875
5038 3070
5060 2140
5060 2892
5060 6960
5128 705
5128 6670
5128 6997
5128 6998
5144 1027
5144 7011
5144 7012
5222 1548
5222 1714
5222 2399
5222 7093
5222 7094
5255 6562
5255 7114
5255 7115
5258 4863
5258 5070
5258 5274
5349 730
5349 4113
5349 4321
5349 7019
5349 7163
5352 1701
5352 3295
5352 3913
5512 1741
5512 3257
5512 3758
5512 5274
5531 1659
5560 1487
5647 6670
5683 4141
5683 7376
5683 7377
5683 7378
5710 7394
5744 6106
5744 7403
5744 7407
5744 7408
5812 1741
5895 7497
5897 1843
5897 8585
5897 10633
5897 10654
5897 10656
5900 6691
5900 7498
5900 7500
5900 7501
5946 4115
5946 5784
5946 7536
5972 7549
5972 7550
5972 7552
6088 110
6088 2934
6088 7607
6088 7608
6154 2527
6154 7661
6154 7663
6154 7664
6287 4434
6338 966
6338 1088
6338 1811
6338 7785
6344 5498
6344 7789
6344 7790
6344 7791
6344 7792
6345 7793
6346 7794
6535 5759
6535 7887
6535 7888
6562 717
6562 5560
6562 7904
6638 4315
6691 3329
6691 4863
6691 7955
6691 7958
6707 5543
6707 7965
6707 7966
6719 7971
6723 2434
6723 7975
6723 7976
6723 7977
6723 7978
6727 5160
6748 5560
6748 7986
6748 7987
6748 7988
6748 7989
6748 7990
6758 3669
6801 819
6801 2747
6801 7543
6801 8015
6801 8016
6826 234
6826 2270
6826 6769
6826 8030
6844 6096
6844 6769
6845 705
6845 2934
6875 4753
6875 7887
6875 8074
6942 10288
6942 10289
6998 3296
6998 8122
6998 8144
7019 1367
7019 1647
7019 8571
7019 9547
7126 1852
7126 6873
7126 7706
7126 8236
7126 8237
7126 8238
7161 1261
7161 7925
7161 7955
7161 8257
7161 8258
7201 6217
7201 7887
7282 6758
7282 7024
7282 7887
7374 2718
7374 3890
7374 5710
7374 7697
7374 8373
7374 8374
7374 8375
7394 8383
7403 2718
7403 3669
7403 3890
7403 5710
7403 7549
7403 7697
7403 8373
7403 8374
7408 8238
7408 8387
7408 8388
7408 8389
7427 2927
7548 6769
7549 497
7549 1088
7549 5817
7549 7333
7549 7376
7549 8475
7595 6322
7595 7643
7595 8541
7595 8542
7595 8543
7595 8544
7607 8523
7608 966
7608 3083
7608 6705
7608 8524
7608 8526
7643 3406
7643 6987
7643 8546
7661 55
7661 2116
7661 4689
7661 8144
7661 8554
7706 1634
7706 4240
7724 1037
7724 1134
7724 2140
7724 5878
7724 8524
7724 8597
7775 1767
7775 3216
7775 3688
7775 5543
7775 8624
7775 8625
7791 1487
7791 2570
7791 3402
7791 7282
7791 8585
7794 456
7794 4694
7794 8633
7794 8634
7794 8635
7830 1103
7830 3674
7830 6344
7830 8655
7837 136
7837 445
7837 1211
7837 8657
7837 8658
7837 8659
7888 2116
7888 6338
7888 8411
7888 8471
7888 8690
7888 8691
7953 3890
7953 8753
7955 6860
7955 8754
7955 8755
7955 8757
7966 2927
7966 8762
7989 1767
7989 6217
7989 8772
7989 8774
7990 942
8030 234
8030 8800
8030 8801
8097 1088
8097 1647
8097 8383
8097 8757
8097 8846
8144 1548
8144 1659
8144 5759
8144 8871
8144 8872
8154 2140
8154 4121
8154 4358
8154 5710
8154 8886
8154 8887
8257 55
8257 2552
8257 3674
8258 2718
8258 3890
8258 5710
8258 6720
8258 8375
8258 8941
8258 8943
8351 9007
8373 1244
8375 6638
8375 7661
8375 8793
8375 9013
8388 4819
8388 7543
8388 8484
8388 9023
8484 4335
8484 9069
8484 9070
8494 7966
8516 136
8516 1659
8516 5060
8516 8526
8516 9100
8523 6562
8546 6705
8546 9115
8546 9116
8546 9117
8585 1037
8585 1714
8585 6719
8585 7086
8585 7779
8597 7607
8624 3099
8624 9157
8624 9159
8625 5160
8625 6088
8634 2890
8634 3329
8634 7011
8634 9116
8647 7965
8647 8227
8647 8571
8647 9187
8657 2552
8657 4502
8657 9188
8657 9190
8671 2927
8690 10
8690 1548
8690 6322
8690 8144
8754 9286
8762 159
8762 1625
8762 2022
8762 7643
8762 9289
8762 9290
8774 4358
8774 7971
8873 8546
8920 5600
8920 5878
8920 9110
8920 9115
8920 9398
8943 9414
9007 6705
9047 1134
9047 3829
9047 9117
9047 9330
9058 8074
9073 4297
9073 6088
9073 9512
9073 9513
9100 4694
9100 8634
9100 9535
9100 9537
9100 9538
9110 6531
9110 6874
9110 9544
9110 9546
9116 2512
9116 6154
9116 9553
9131 1486
9131 4315
9131 9547
9131 9563
9187 159
9187 8920
9187 9597
9187 9598
9187 9599
9187 9600
9242 730
9242 2223
9242 3913
9242 7536
9258 2878
9286 234
9286 730
9286 2223
9286 7536
9286 8387
9286 9258
9286 9609
9538 9110
9544 7086
9544 9818
9544 9819
9544 9820
9547 1244
9547 7536
9547 9816
9547 9817
9599 1211
9599 4434
9599 9547
9599 9850
9599 9852
9706 3376
9875 705
9875 3772
9875 4694
9875 4724
9875 7126
9875 7201
9875 10062
9877 42
9877 401
9877 2182
9877 2552
9877 3677
9878 10070
9892 1852
9892 8624
9892 9924
9892 10039
9924 2182
9924 7086
9924 8812
10008 2009
10008 6727
10008 6942
10008 9159
10008 10160
10008 10161
10025 8873
10025 9819
10025 9994
10025 10169
10025 10170
10025 10171
10039 2527
10039 4694
10039 8097
10039 8526
10039 10181
10070 10210
10070 10211
10070 10212
10070 10213
10070 10214
10070 10215
10070 10216
10070 10217
10070 10218
10070 10219
10074 3083
10074 5498
10074 7547
10074 10260
10074 10261
10116 3772
10116 5274
10116 6154
10116 10258
10160 10285
10161 7201
10170 3376
10170 7595
10170 10291
10170 10293
10258 1261
10263 1625
10263 4112
10263 8227
10263 10354
10263 10355
10270 42
10270 1244
10270 3218
10270 7965
10270 9740
10272 7608
10272 10377
10273 5721
10273 7971
10273 10291
10273 10364
10273 10365
10273 10366
10365 1088
10365 5600
10365 7724
10365 9110
10377 5857
10377 9547
10377 10441
10377 10442
10429 7971
10429 9100
10429 10004
10429 10506
10429 10507
10441 9512
10460 2936
10460 4753
10460 7376
10460 10461
10460 10462
10460 10464
10472 1884
10472 8015
10472 9398
10481 5543
10481 7333
10481 10554
10484 2022
10484 3216
10484 4335
10507 744
10507 2111
10507 10570
10507 10571
10507 10572
10507 10573
10507 10574
10507 10575
10507 10576
10539 7012
10539 10263
10539 10600
10554 5897
10554 10441
10574 1634
10574 6531
10574 10288
10574 10628
10575 10354
10628 1634
10628 4059
10628 7847
10628 8633
10628 10659
10654 5128
10654 7012
10654 8351
10654 8543
10654 10684
10654 10685
10684 6758
10700 2344
10700 3772
10700 4819
10700 7971
10700 10588
10700 10716
10766 2233
10766 7887
10766 8625
10766 10789
10766 10790
10766 10791
10784 10810
10790 1884
10790 10695
10790 10813
10790 10814
10790 10815
10810 7724
10815 7847
10815 8580
10815 10831
10836 10841
10841 10289
10841 10845
10841 10846
10841 10847
10841 10849
10841 10850
10845 2878
10845 3218
10845 8625
10845 10293
10846 5391
10846 10790
10846 10862
10846 10863
10849 10865
10863 10877
10874 1634
10874 3251
10874 5543
10874 9711
10874 10875
10874 10876
