0 10
1 10
2 10
3 9
4 9
5 11
6 10
7 11
8 9
9 11
10 11
11 11
12 10
13 9
14 10
15 12
16 12
17 11
18 11
19 11
20 10
21 9
22 11
23 11
24 10
25 9
26 10
27 10
28 10
29 11
30 12
31 12
32 12
33 12
34 11
35 11
36 10
37 9
38 9
39 10
40 9
41 10
42 9
43 9
44 11
45 9
46 11
47 11
48 11
49 10
50 10
51 10
52 9
53 10
54 9
55 11
56 11
57 11
58 10
59 11
60 10
61 9
62 11
63 11
64 11
65 11
66 10
67 10
68 9
69 9
70 9
71 10
72 10
73 9
74 10
75 10
76 9
77 10
78 10
79 10
80 9
81 10
82 9
83 9
84 10
85 9
86 9
87 9
88 9
89 9
90 9
91 9
92 9
93 9
94 9
95 9
96 9
97 9
98 9
99 9
100 9
101 10
102 10
103 9
104 11
105 10
106 11
107 11
108 11
109 11
110 11
111 11
112 11
113 11
114 10
115 10
116 9
117 9
118 9
119 9
120 10
121 9
122 9
123 9
124 9
125 10
126 10
127 9
128 9
129 9
130 9
131 9
132 10
133 9
134 9
135 11
136 11
137 10
138 9
139 9
140 9
141 9
142 9
143 10
144 10
145 10
146 10
147 10
148 9
149 9
150 10
151 10
152 10
153 10
154 10
155 10
156 9
157 9
158 9
159 9
160 9
161 9
162 10
163 9
164 9
165 9
166 9
167 9
168 9
169 9
170 9
171 9
172 9
173 9
174 9
175 9
176 9
177 9
178 9
179 9
180 9
181 9
182 10
183 10
184 9
185 9
186 9
187 9
188 9
189 9
190 10
191 9
192 9
193 9
194 9
195 9
196 9
197 9
198 9
199 9
200 9
201 9
202 9
203 9
204 8
205 3
206 2
207 7
208 7
209 6
210 5
211 0
212 6
213 6
214 5
215 4
216 5
217 4
218 0
219 4
220 3
221 7
222 2
223 1
224 0
225 0
226 2
227 2
228 5
229 1
230 4
231 6
232 5
233 7
234 6
235 6
236 6
237 5
238 4
239 4
240 0
241 0
242 3
243 4
244 5
245 5
246 6
247 6
248 5
249 5
250 4
251 3
252 1
253 0
254 0
255 0
256 3
257 2
258 3
259 3
260 2
261 2
262 1
263 3
264 1
265 0
266 0
267 1
268 1
269 1
270 0
271 3
272 4
273 0
274 4
275 4
276 3
277 2
278 2
279 2
280 1
281 1
282 0
283 5
284 6
285 4
286 5
287 4
288 4
289 4
290 3
291 1
292 3
293 2
294 1
295 0
296 0
297 2
298 0
299 1
300 0
301 3
302 3
303 2
304 2
305 1
306 0
307 3
308 2
309 1
310 1
311 0
312 0
313 1
314 4
315 3
316 3
317 1
318 1
319 0
320 1
321 1
322 0
323 3
324 3
325 3
326 2
327 1
328 2
329 0
330 2
331 0
332 4
333 0
334 1
335 2
336 3
337 2
338 1
339 0
340 0
341 1
342 2
343 2
344 1
345 4
346 1
347 0
348 0
349 0
350 3
351 3
352 1
353 0
354 0
355 0
356 1
357 0
358 1
359 0
360 2
361 1
362 1
363 0
364 0
365 1
366 2
367 2
368 1
369 2
370 2
371 1
372 1
373 2
374 1
375 1
376 2
377 2
378 2
379 1
380 1
381 1
382 0
383 2
384 0
385 1
386 1
387 0
388 1
389 0
390 0
391 7
392 7
393 6
394 5
395 1
396 0
397 3
398 4
399 3
400 3
401 3
402 2
403 2
404 1
405 1
406 1
407 0
408 0
409 0
410 1
411 0
412 1
413 0
414 0
415 1
416 1
417 1
418 1
419 0
420 0
421 0
422 0
423 0
424 1
425 1
426 0
427 0
428 0
429 1
430 3
431 1
432 0
433 1
434 0
435 3
436 2
437 1
438 0
439 0
440 0
441 1
442 0
443 0
444 3
445 2
446 1
447 0
448 0
449 2
450 1
451 0
452 0
453 0
454 0
455 0
456 0
457 1
458 1
459 1
460 1
461 0
462 1
463 2
464 2
465 0
466 1
467 0
468 0
469 1
470 0
471 0
472 3
473 3
474 2
475 0
476 0
477 1
478 1
479 0
480 1
481 0
482 0
483 2
484 1
485 0
486 0
487 1
488 1
489 1
490 0
491 1
492 0
493 0
494 0
495 0
496 0
497 1
498 0
499 1
500 0
501 0
502 0
503 1
504 1
505 0
506 0
507 0
508 0
509 0
510 1
511 0
512 1
513 1
514 0
515 1
516 0
517 1
518 0
519 1
520 1
521 1
522 0
523 0
524 0
525 1
526 0
527 2
528 1
529 0
530 0
531 0
532 0
533 0
534 1
535 0
536 0
537 0
538 1
539 0
540 0
541 0
542 0
543 1
544 1
545 1
546 0
547 0
548 1
549 0
550 0
551 0
552 1
553 1
554 0
555 0
556 0
557 3
558 3
559 2
560 1
561 0
562 0
563 0
564 1
565 1
566 2
567 1
568 0
569 2
570 2
571 1
572 0
573 1
574 1
575 0
576 0
577 0
578 1
579 0
580 0
581 1
582 0
583 2
584 1
585 1
586 1
587 0
588 0
589 0
590 0
591 0
592 0
593 0
594 1
595 0
596 0
597 0
598 0
599 0
600 0
601 0
602 0
603 0
604 0
605 0
606 0
607 0
608 1
609 0
610 1
611 0
612 0
613 0
614 0
