0 14
1 14
2 7
3 15
4 15
5 15
6 14
7 1
8 15
9 14
10 10
11 14
12 15
13 14
14 14
15 15
16 14
17 15
18 14
19 14
20 14
21 14
22 14
23 19
24 14
25 15
26 15
27 15
28 15
29 14
30 14
31 14
32 14
33 14
34 18
35 14
36 15
37 15
38 15
39 15
40 16
41 15
42 14
43 14
44 14
45 14
46 15
47 15
48 16
49 15
50 14
51 14
52 14
53 15
54 14
55 14
56 14
57 14
58 15
59 15
60 15
61 15
62 15
63 14
64 15
65 14
66 14
67 14
68 14
69 14
70 14
71 14
72 14
73 14
74 14
75 15
76 15
77 15
78 14
79 15
80 14
81 15
82 15
83 14
84 14
85 14
86 14
87 14
88 14
89 15
90 18
91 14
92 14
93 14
94 14
95 14
96 15
97 15
98 15
99 14
100 16
101 17
102 19
103 18
104 18
105 17
106 17
107 16
108 16
109 16
110 15
111 15
112 15
113 15
114 14
115 14
116 14
117 14
118 14
119 14
120 14
121 14
122 16
123 16
124 15
125 14
126 15
127 15
128 14
129 14
130 14
131 14
132 14
133 14
134 14
135 14
136 14
137 14
138 14
139 14
140 14
141 14
142 14
143 14
144 14
145 14
146 14
147 14
148 14
149 14
150 14
151 14
152 14
153 14
154 15
155 15
156 15
157 14
158 14
159 14
160 15
161 14
162 14
163 14
164 14
165 14
166 14
167 14
168 14
169 14
170 15
171 15
172 14
173 14
174 14
175 14
176 14
177 14
178 14
179 14
180 14
181 14
182 15
183 14
184 14
185 13
186 2
187 1
188 0
189 7
190 6
191 1
192 1
193 4
194 0
195 0
196 5
197 3
198 3
199 2
200 11
201 3
202 3
203 3
204 3
205 2
206 2
207 4
208 3
209 2
210 13
211 12
212 2
213 4
214 3
215 2
216 1
217 0
218 1
219 3
220 3
221 4
222 3
223 2
224 1
225 1
226 1
227 0
228 2
229 2
230 1
231 12
232 1
233 0
234 6
235 6
236 6
237 5
238 13
239 3
240 6
241 6
242 5
243 2
244 9
245 9
246 8
247 2
248 6
249 6
250 5
251 5
252 5
253 4
254 3
255 1
256 0
257 9
258 9
259 8
260 8
261 8
262 7
263 2
264 2
265 2
266 1
267 2
268 2
269 2
270 2
271 1
272 7
273 1
274 1
275 0
276 12
277 2
278 1
279 2
280 1
281 1
282 0
283 0
284 2
285 0
286 0
287 0
288 6
289 2
290 2
291 2
292 1
293 0
294 13
295 13
296 12
297 1
298 0
299 7
300 0
301 1
302 2
303 2
304 0
305 12
306 12
307 11
308 10
309 1
310 0
311 12
312 12
313 12
314 11
315 1
316 1
317 0
318 1
319 0
320 6
321 0
322 1
323 0
324 4
325 4
326 3
327 5
328 5
329 5
330 5
331 4
332 3
333 3
334 2
335 0
336 2
337 1
338 12
339 12
340 11
341 12
342 12
343 12
344 12
345 11
346 10
347 9
348 2
349 1
350 0
351 5
352 5
353 4
354 4
355 3
356 2
357 2
358 2
359 1
360 3
361 3
362 3
363 3
364 2
365 1
366 0
367 4
368 3
369 1
370 0
371 0
372 9
373 3
374 3
375 3
376 2
377 3
378 2
379 2
380 2
381 2
382 2
383 1
384 0
385 2
386 1
387 2
388 1
389 0
390 1
391 7
392 0
393 1
394 1
395 0
396 0
397 1
398 1
399 1
400 0
401 0
402 1
403 3
404 0
405 6
406 0
407 8
408 8
409 8
410 8
411 9
412 10
413 9
414 8
415 7
416 0
417 2
418 1
419 3
420 1
421 0
422 1
423 0
424 4
425 3
426 4
427 0
428 0
429 1
430 1
431 0
432 1
433 3
434 3
435 3
436 2
437 1
438 1
439 0
440 3
441 2
442 1
443 2
444 1
445 0
446 0
447 1
448 1
449 1
450 0
451 7
452 8
453 9
454 8
455 8
456 7
457 7
458 6
459 2
460 3
461 3
462 2
463 1
464 0
465 2
466 3
467 3
468 3
469 3
470 2
471 1
472 2
473 1
474 3
475 3
476 2
477 2
478 2
479 1
480 0
481 3
482 2
483 4
484 4
485 6
486 6
487 6
488 5
489 6
490 5
491 6
492 6
493 5
494 5
495 5
496 4
497 4
498 3
499 2
500 1
501 1
502 1
503 0
504 1
505 0
506 1
507 1
508 0
509 2
510 1
511 0
512 2
513 2
514 2
515 1
516 0
517 2
518 2
519 1
520 0
521 2
522 1
523 0
524 1
525 1
526 1
527 2
528 1
529 0
530 1
531 0
532 2
533 0
534 0
535 0
536 2
537 1
538 0
539 0
540 1
541 1
542 0
543 3
544 2
545 1
546 0
547 0
548 1
549 3
550 2
551 1
552 2
553 1
554 0
555 2
556 1
557 0
558 0
559 1
560 0
561 4
562 1
563 1
564 1
565 0
566 1
567 0
568 0
569 0
570 1
571 0
572 2
573 2
574 1
575 0
576 1
577 0
578 5
579 5
580 6
581 5
582 4
583 1
584 0
585 1
586 0
587 1
588 4
589 3
590 0
591 0
592 1
593 0
594 4
595 0
596 0
597 1
598 0
599 0
600 0
601 4
602 3
603 0
604 0
605 2
606 2
607 2
608 1
609 0
610 1
611 1
612 0
613 1
614 1
615 1
616 0
617 1
618 0
