4 0
19 519
51 520
53 86
54 80
69 1
70 2
71 3
72 4
73 519
78 518
81 525
89 519
115 519
125 519
144 534
145 78
146 79
167 519
185 519
188 5
190 519
191 375
193 409
196 515
219 535
220 112
235 542
237 519
250 268
255 544
260 28
261 519
266 519
267 403
269 404
271 405
274 406
279 325
304 545
313 106
330 92
335 519
337 67
348 519
391 546
397 519
398 326
403 327
404 328
410 181
412 61
427 554
432 359
433 519
445 559
453 519
470 183
471 184
472 519
476 519
490 516
492 517
506 519
507 563
513 407
514 526
516 533
530 564
536 570
538 126
559 185
562 519
575 573
579 250
599 574
600 360
608 65
609 66
610 519
612 452
613 100
614 101
615 519
616 352
617 179
627 575
649 102
665 527
681 481
699 171
722 519
723 519
750 398
775 107
778 108
779 109
780 110
783 111
790 519
791 519
797 313
798 519
810 463
812 123
813 536
815 34
816 539
817 540
818 541
820 519
824 93
827 301
834 134
835 576
847 519
874 7
875 143
882 578
924 543
927 519
928 399
929 396
930 277
932 229
935 519
936 165
939 166
940 68
955 519
958 581
959 401
960 35
962 402
966 144
977 24
978 25
980 27
983 519
992 519
996 14
1011 71
1012 72
1013 73
1017 519
1026 519
1039 274
1040 582
1041 38
1042 519
1054 122
1065 585
1072 519
1075 156
1079 550
1101 594
1111 519
1132 278
1175 74
1178 371
1186 519
1190 595
1197 519
1200 519
1202 519
1203 519
1239 596
1246 519
1247 492
1248 124
1251 29
1253 493
1261 55
1262 519
1299 529
1319 519
1328 598
1333 599
1350 245
1351 246
1355 247
1366 64
1383 180
1390 59
1394 60
1415 619
1416 410
1440 408
1441 275
1446 519
1448 552
1452 457
1457 553
1461 519
1475 10
1490 555
1491 11
1493 558
1495 650
1501 306
1507 62
1510 63
1511 519
1513 519
1531 490
1534 77
1535 85
1543 665
1549 519
1553 98
1563 519
1564 196
1566 197
1567 198
1574 216
1582 269
1583 666
1586 519
1592 519
1605 519
1607 519
1613 479
1614 142
1615 560
1616 36
1617 561
1618 562
1639 519
1643 32
1646 673
1649 530
1650 531
1651 532
1664 519
1673 129
1683 680
1689 571
1694 376
1696 565
1697 519
1698 569
1746 519
1749 681
1763 519
1764 178
1766 519
1767 435
1768 519
1772 684
1799 519
1801 172
1803 572
1855 173
1861 75
1862 103
1866 685
1867 625
1885 451
1886 15
1903 519
1904 519
1933 687
1936 136
1939 688
1954 261
1976 12
1984 660
1996 139
1997 51
2006 698
2021 700
2044 548
2055 566
2060 113
2074 56
2082 702
2115 135
2117 704
2118 708
2121 167
2122 168
2125 169
2126 170
2131 709
2143 710
2146 714
2160 519
2166 519
2175 389
2195 519
2196 519
2197 519
2198 348
2199 368
2201 369
2204 519
2205 370
2217 39
2237 217
2251 222
2253 397
2257 590
2262 519
2272 468
2283 613
2291 519
2292 716
2302 717
2306 519
2307 293
2308 294
2309 519
2321 208
2322 209
2327 721
2340 519
2345 430
2351 538
2352 267
2353 519
2356 519
2357 519
2370 725
2371 299
2372 99
2373 300
2389 519
2390 288
2391 377
2408 726
2412 519
2424 729
2432 431
2437 519
2440 519
2443 519
2451 210
2453 374
2467 364
2471 323
2477 732
2481 8
2484 145
2491 251
2506 519
2516 735
2532 519
2546 519
2547 138
2549 577
2551 125
2564 505
2580 519
2584 279
2601 337
2606 223
2628 736
2629 482
2630 484
2632 57
2633 519
2636 190
2638 276
2642 224
2643 225
2644 226
2645 227
2648 228
2659 602
2674 42
2679 159
2682 164
2686 89
2694 378
2698 583
2710 519
2711 579
2712 580
2713 289
2715 519
2717 504
2719 400
2722 586
2728 270
2730 81
2739 20
2740 21
2742 22
2743 23
2745 26
2751 737
2756 519
2768 738
2769 519
2784 519
2802 329
2803 69
2804 519
2809 739
2812 281
2825 52
2826 53
2827 54
2828 519
2833 740
2845 114
2846 115
2847 116
2848 117
2849 119
2850 120
2852 121
2860 741
2862 519
2869 519
2871 745
2880 584
2881 83
2894 549
2895 284
2896 411
2942 697
2967 252
2968 519
2969 37
2970 282
2971 591
2972 592
2973 593
2974 464
2977 519
2979 467
2996 519
3006 519
3013 747
3020 748
3030 751
3035 622
3038 219
3040 752
3044 253
3046 753
3052 755
3056 508
3076 157
3086 519
3091 262
3108 70
3109 519
3119 214
3120 188
3121 519
3122 519
3134 627
3137 477
3138 478
3139 519
3140 519
3147 160
3148 161
3150 162
3151 163
3154 519
3167 519
3178 705
3186 521
3191 759
3214 491
3221 456
3225 519
3226 763
3235 764
3263 519
3266 437
3273 528
3275 765
3277 248
3289 766
3304 350
3305 519
3306 436
3307 465
3311 519
3315 768
3320 206
3344 519
3345 501
3366 357
3370 722
3411 333
3418 519
3433 772
3485 519
3497 617
3498 618
3510 773
3531 519
3534 519
3535 381
3536 519
3538 551
3540 9
3541 13
3557 130
3576 494
3578 519
3580 353
3592 659
3614 519
3615 557
3629 621
3630 649
3635 648
3643 310
3644 454
3646 455
3651 519
3660 211
3673 76
3680 519
3685 774
3688 84
3692 662
3693 663
3695 664
3699 519
3700 432
3701 433
3707 87
3709 88
3710 96
3712 97
3719 547
3725 194
3726 195
3732 652
3770 131
3771 132
3774 133
3792 295
3800 192
3801 193
3831 519
3832 519
3834 507
3836 440
3840 667
3841 672
3856 519
3857 519
3864 351
3873 587
3882 158
3888 674
3891 675
3892 679
3897 44
3899 519
3905 519
3906 202
3909 568
3920 776
3934 780
3936 781
3944 783
3949 519
3962 519
3963 127
3965 33
3966 212
3968 519
3969 303
3983 784
3986 519
3998 412
4000 519
4001 419
4003 149
4008 174
4009 175
4010 176
4011 177
4013 519
4016 519
4018 682
4021 683
4081 311
4092 47
4100 567
4107 787
4116 624
4117 382
4123 788
4139 519
4140 519
4148 789
4151 458
4155 792
4165 689
4170 796
4183 686
4223 519
4224 794
4233 425
4243 706
4258 354
4265 48
4266 49
4267 50
4295 16
4296 699
4297 218
4298 285
4299 519
4302 58
4304 330
4324 799
4341 428
4349 19
4352 519
4363 801
4364 651
4366 221
4369 519
4370 802
4377 46
4380 701
4384 803
4390 459
4412 814
4413 199
4415 703
4416 105
4418 349
4420 519
4421 707
4429 334
4438 670
4469 711
4470 712
4472 713
4486 361
4489 519
4494 519
4503 203
4532 600
4563 335
4567 588
4568 589
4572 280
4579 6
4584 519
4585 817
4593 611
4594 612
4604 715
4609 519
4611 519
4613 460
4614 290
4615 291
4616 292
4618 43
4623 104
4626 819
4635 207
4642 718
4644 719
4645 720
4667 429
4676 537
4681 519
4682 519
4684 271
4686 272
4687 519
4696 509
4704 824
4707 723
4708 724
4716 831
4719 150
4720 519
4723 286
4725 287
4727 833
4732 140
4745 519
4758 151
4760 273
4765 519
4778 728
4779 519
4794 834
4795 423
4796 424
4824 362
4825 363
4827 730
4828 731
4846 302
4866 835
4867 836
4869 519
4903 519
4904 453
4917 254
4919 137
4924 355
4925 356
4932 837
4942 838
4946 519
4965 441
4970 260
4972 839
4973 497
4980 845
4990 846
4995 373
4997 483
5000 30
5006 519
5009 17
5017 847
5020 462
5021 232
5022 601
5051 305
5066 519
5078 848
5092 849
5115 312
5123 519
5135 519
5154 296
5156 519
5158 470
5167 336
5168 519
5170 347
5173 519
5180 853
5187 862
5200 442
5203 443
5226 118
5228 519
5235 742
5236 744
5240 866
5247 870
5248 82
5255 875
5256 519
5285 878
5296 690
5298 696
5319 466
5321 40
5325 338
5334 818
5342 519
5343 182
5347 880
5353 41
5354 220
5355 519
5356 746
5357 798
5360 215
5361 749
5362 141
5363 473
5364 750
5366 146
5370 754
5372 519
5376 519
5385 519
5388 426
5415 881
5416 519
5426 767
5428 882
5430 444
5431 519
5435 446
5436 447
5437 519
5438 448
5440 519
5441 390
5443 449
5445 450
5447 519
5451 186
5452 187
5453 519
5454 242
5455 243
5457 244
5458 883
5471 626
5472 519
5473 489
5500 230
5502 886
5506 756
5507 757
5508 758
5510 892
5511 320
5538 255
5539 258
5540 519
5553 653
5565 304
5566 147
5583 893
5584 471
5610 760
5620 661
5626 189
5628 191
5637 894
5642 519
5658 45
5718 365
5722 895
5723 331
5724 332
5729 769
5730 770
5731 771
5746 899
5773 438
5774 439
5788 614
5789 616
5800 519
5801 379
5802 380
5805 623
5806 648
5831 324
5836 519
5837 519
5839 658
5841 154
5864 556
5870 620
5884 346
5885 901
5899 367
5905 676
5919 155
5932 902
5938 90
5939 91
5940 95
5951 307
5952 308
5953 309
5961 200
5963 903
5969 522
5970 523
5971 524
6001 910
6015 913
6036 128
6041 519
6043 876
6053 519
6054 506
6061 237
6062 671
6074 391
6082 264
6083 519
6084 519
6085 265
6086 266
6090 519
6105 519
6108 519
6109 677
6110 678
6114 916
6115 201
6126 648
6133 775
6151 777
6152 778
6153 779
6166 782
6177 917
6182 213
6186 256
6194 920
6201 762
6204 519
6205 417
6208 519
6211 388
6240 414
6259 921
6300 519
6301 786
6342 152
6343 153
6357 791
6358 480
6362 925
6363 795
6389 793
6390 395
6445 932
6448 933
6451 383
6453 315
6471 18
6474 519
6481 800
6533 519
6534 804
6536 813
6537 427
6542 934
6557 669
6587 469
6600 94
6620 805
6673 249
6692 603
6693 606
6695 607
6696 610
6697 815
6698 816
6716 861
6731 263
6750 519
6751 298
6755 935
6756 31
6764 820
6765 821
6766 822
6767 823
6783 283
6785 829
6788 830
6789 642
6791 498
6792 832
6803 840
6805 936
6807 387
6815 519
6816 421
6817 422
6822 519
6827 727
6836 939
6842 519
6854 940
6877 475
6878 476
6898 148
6907 694
6909 946
6928 519
6930 322
6935 297
6947 461
6986 519
7001 472
7021 872
7027 953
7032 608
7042 496
7046 850
7047 851
7048 852
7107 743
7110 863
7111 865
7112 869
7114 873
7115 874
7125 877
7129 954
7139 695
7146 385
7156 955
7165 879
7167 485
7171 654
7173 519
7175 319
7176 366
7183 691
7192 519
7195 519
7198 797
7205 445
7206 734
7209 474
7216 519
7225 956
7228 885
7242 887
7243 888
7244 891
7250 259
7252 257
7257 495
7319 643
7333 957
7338 519
7347 231
7348 234
7354 958
7356 502
7358 503
7361 960
7397 413
7413 961
7429 632
7440 648
7441 647
7454 655
7455 656
7456 657
7465 790
7468 962
7479 900
7483 343
7484 344
7486 345
7488 785
7490 633
7499 963
7529 807
7565 964
7572 904
7573 909
7577 911
7578 912
7590 314
7593 235
7594 236
7615 519
7618 855
7626 384
7632 914
7633 915
7637 976
7662 977
7686 918
7687 919
7691 418
7693 896
7694 761
7709 241
7734 321
7738 980
7743 971
7775 981
7781 984
7783 926
7796 923
7797 924
7800 204
7801 513
7849 950
7850 931
7862 386
7886 358
7891 806
7892 812
7898 985
7900 992
7901 668
7908 951
7916 952
7934 827
7937 995
7960 609
7962 604
7963 500
7964 605
7967 854
7968 860
7987 692
7989 997
8003 828
8012 420
8030 1000
8041 937
8043 499
8044 938
8056 1002
8085 1005
8094 629
8095 693
8096 941
8098 944
8099 945
8102 597
8103 486
8134 316
8136 317
8143 1006
8165 871
8179 519
8185 975
8207 372
8219 205
8220 867
8221 868
8222 415
8225 864
8253 1007
8266 318
8280 238
8283 239
8284 240
8293 1009
8297 487
8298 488
8302 884
8303 856
8311 889
8312 890
8333 809
8334 810
8338 1014
8355 233
8362 1018
8364 959
8365 1019
8398 630
8399 631
8408 340
8432 341
8433 342
8435 644
8438 416
8446 1022
8490 519
8491 907
8493 908
8521 1023
8547 922
8555 857
8568 942
8608 978
8609 979
8615 825
8616 969
8617 970
8626 982
8627 983
8637 808
8649 1028
8661 1029
8663 929
8664 930
8681 905
8693 811
8699 991
8704 1031
8717 966
8725 967
8733 826
8734 994
8751 1032
8763 968
8765 859
8772 996
8780 510
8781 511
8800 998
8801 999
8817 1001
8820 434
8829 1037
8838 1003
8839 1004
8840 943
8854 638
8859 1042
8861 1043
8924 1008
8938 841
8947 1044
8962 1049
8977 519
8989 635
8994 1013
9008 1015
9009 1016
9011 1017
9031 339
9044 1020
9045 927
9046 1021
9111 615
9120 1050
9132 897
9133 898
9152 648
9153 640
9154 641
9160 1053
9172 1024
9173 1025
9174 1026
9175 987
9176 1027
9195 636
9196 928
9204 1054
9227 986
9228 990
9233 1055
9236 1030
9248 947
9249 948
9251 949
9259 965
9263 1056
9266 993
9276 1058
9285 858
9311 1059
9318 1036
9321 1060
9334 637
9337 1038
9339 1039
9340 1040
9342 1041
9353 392
9434 1045
9435 1046
9436 1047
9437 1048
9446 634
9448 1010
9449 1011
9450 1012
9461 519
9489 972
9490 974
9531 1061
9570 628
9582 1051
9583 1052
9586 1062
9603 1064
9608 1065
9616 988
9617 989
9634 1067
9636 1057
9652 1069
9658 733
9659 1072
9662 1033
9663 1034
9664 1035
9727 973
9736 1073
9756 1079
9775 1080
9845 1081
9853 639
9855 1063
9887 1066
9888 1082
9897 1068
9903 1070
9904 1071
9906 1084
9964 1086
9976 1075
9977 1077
9978 1078
9987 1087
10030 519
10031 842
10032 843
10034 844
10036 1088
10096 1083
10141 1085
10145 1074
10146 1076
10153 645
10154 646
10175 512
10176 519
10258 1089
10294 519
10314 1093
10321 1100
10327 1106
10330 1108
10336 1111
10356 1101
10375 514
10387 1092
10392 1099
10397 1105
10398 1107
10405 1109
10407 1110
10410 1114
10411 1112
10412 1113
10414 906
10466 1115
10473 1090
10475 1091
10478 1094
10480 1098
10482 1102
10485 1103
10486 1104
10514 1116
10516 1117
10532 1121
10550 1095
10551 1096
10552 1097
10585 1123
10598 1120
10606 1125
10608 1124
10638 1122
10651 1118
10652 1119
10673 1126
10760 1127
10763 393
10764 394
10805 1132
10821 1128
10822 1129
10823 1130
10824 1131
