12 7
23 1304
29 1305
38 1307
40 0
41 1
42 2
43 3
44 4
47 5
49 6
51 1308
53 1309
65 60
71 164
80 1301
83 1301
101 1313
109 1301
110 677
111 1302
116 1303
117 350
118 1301
122 1295
124 380
125 1301
126 1306
128 249
166 1317
167 1301
185 1301
197 56
203 57
204 58
205 59
216 785
221 9
226 452
228 399
229 1301
230 183
231 1301
232 270
234 96
235 517
237 526
239 1301
241 158
249 156
255 1329
257 186
266 510
269 533
273 1301
286 1301
296 304
301 961
302 783
314 1301
315 1301
318 1312
323 432
329 151
330 14
347 1301
352 1301
362 453
365 660
368 511
369 1301
372 518
376 574
378 371
384 661
385 1301
387 1301
392 1205
393 598
397 39
415 1292
417 1293
418 1294
420 360
422 361
423 285
424 369
425 370
426 379
432 239
433 245
434 246
435 247
436 18
437 248
442 1330
455 215
457 1331
471 155
474 169
476 1301
477 381
478 886
479 467
484 1343
492 1344
497 217
498 1301
503 144
504 1346
530 1347
533 1301
535 641
536 1350
539 424
548 1351
556 1353
571 1301
575 1357
583 733
586 1371
588 1372
599 1314
600 1016
602 1315
606 1095
607 1316
608 105
609 106
611 1301
612 1245
613 184
614 185
616 175
617 1301
625 1348
627 66
629 539
630 725
635 534
640 148
649 197
654 1301
658 771
668 1339
669 1301
678 104
681 1321
688 1301
691 90
700 152
711 10
718 704
750 142
758 365
777 32
779 165
784 8
791 1301
793 1172
796 67
798 1301
800 501
801 176
802 502
804 91
805 92
806 93
807 94
808 95
810 512
812 477
813 513
815 145
816 514
817 515
818 516
819 321
821 521
822 525
832 1301
842 1395
844 388
864 1320
869 492
874 240
882 1401
883 426
885 327
886 195
895 448
898 586
909 201
911 1301
915 906
916 912
922 1406
924 1328
926 698
927 1326
928 1301
929 135
931 27
932 395
935 1301
937 180
949 202
957 396
960 146
973 232
978 171
985 1301
991 535
992 1301
995 536
996 218
1001 274
1003 1301
1012 506
1013 420
1016 143
1019 509
1029 1091
1034 1407
1037 108
1039 190
1041 416
1044 172
1046 486
1052 1434
1059 1373
1074 149
1075 150
1076 1301
1077 219
1079 1301
1080 1193
1081 1194
1102 55
1108 406
1120 642
1121 1301
1124 643
1125 241
1126 644
1129 585
1131 645
1133 646
1134 647
1135 256
1136 177
1138 648
1139 649
1144 705
1151 1301
1155 322
1156 257
1158 1301
1162 1044
1163 1045
1166 1037
1167 359
1170 1310
1172 1301
1173 1311
1175 204
1193 1435
1202 333
1203 1301
1207 356
1216 211
1217 662
1221 385
1230 599
1233 220
1237 935
1238 936
1239 345
1240 621
1242 773
1243 1301
1244 19
1247 366
1248 35
1258 1301
1260 153
1261 154
1262 1301
1264 68
1265 1166
1266 617
1270 503
1271 504
1272 415
1273 505
1274 1301
1292 1438
1305 1301
1311 1301
1313 1301
1323 72
1325 234
1328 1301
1332 1301
1334 1301
1335 1291
1337 1180
1339 1301
1350 36
1351 37
1355 38
1365 20
1372 1440
1376 1085
1379 1301
1380 1441
1382 1301
1385 587
1392 1444
1403 792
1406 187
1408 282
1412 283
1413 284
1415 1445
1416 1446
1418 1447
1424 382
1427 367
1431 368
1434 372
1435 374
1436 375
1437 376
1438 377
1441 378
1445 362
1446 1423
1460 244
1486 1448
1488 1455
1496 542
1512 1301
1517 1457
1527 466
1539 157
1540 163
1543 168
1561 1301
1562 61
1563 1164
1566 865
1567 1165
1569 1376
1573 1340
1575 831
1576 1341
1577 1342
1578 920
1606 173
1607 1301
1609 174
1612 40
1616 147
1625 1459
1627 1176
1632 271
1634 221
1637 1460
1660 101
1668 62
1673 63
1679 1461
1680 1255
1681 837
1684 1088
1686 1089
1687 1090
1689 527
1690 159
1691 637
1693 638
1694 639
1695 640
1696 1349
1699 522
1700 549
1714 799
1722 107
1731 357
1737 663
1738 1352
1739 78
1740 402
1742 1462
1747 12
1752 226
1757 1301
1759 363
1763 1301
1766 1301
1773 279
1777 209
1778 1086
1779 1087
1780 1327
1781 1301
1784 1345
1788 1463
1798 46
1800 1354
1801 1250
1802 64
1803 1355
1804 1356
1807 601
1814 1301
1817 111
1824 336
1830 478
1834 1360
1836 188
1837 1369
1838 1370
1840 671
1853 1464
1858 987
1862 1136
1872 842
1879 1034
1881 1466
1888 109
1889 110
1890 1301
1891 413
1892 762
1893 1301
1912 800
1913 1301
1914 971
1930 1467
1934 667
1936 250
1962 665
1965 1468
1973 300
1977 196
1989 1301
1990 1092
1991 1093
1992 1094
1994 334
1997 1285
2002 1301
2004 1470
2015 210
2016 1333
2017 1301
2018 786
2019 1336
2020 1184
2021 1338
2028 1301
2029 588
2044 1301
2049 1402
2059 414
2062 1471
2069 15
2070 16
2072 17
2073 103
2078 1301
2080 591
2081 592
2082 1301
2083 597
2085 1301
2101 1472
2102 1301
2103 1473
2106 79
2109 80
2110 81
2112 89
2123 940
2132 267
2149 1475
2150 634
2188 97
2190 275
2203 1301
2204 423
2226 98
2230 412
2237 303
2249 136
2250 137
2253 138
2255 140
2256 141
2259 318
2263 364
2271 986
2273 1476
2277 1478
2285 326
2296 1527
2307 1050
2308 1070
2315 1301
2331 1301
2335 1528
2339 793
2340 1301
2344 286
2345 1301
2346 1301
2348 1358
2353 200
2358 523
2360 524
2367 1202
2375 23
2376 519
2377 520
2382 1157
2383 1301
2386 1028
2400 1532
2410 729
2413 1318
2418 1534
2424 1536
2430 1388
2431 170
2432 1251
2434 1389
2435 1393
2436 1394
2453 383
2456 384
2458 387
2460 1538
2461 1301
2471 1066
2476 1539
2477 1542
2490 1548
2492 1301
2493 130
2494 1301
2500 1549
2505 814
2506 317
2525 1183
2541 670
2547 259
2548 1399
2549 1400
2550 1168
2551 1319
2553 1137
2558 189
2559 194
2574 1551
2580 1301
2587 400
2588 864
2600 1301
2604 907
2605 910
2606 389
2607 911
2609 1403
2610 1404
2611 1405
2614 1449
2632 469
2633 1325
2634 1301
2636 1286
2642 390
2643 391
2644 392
2645 393
2648 394
2652 24
2654 25
2657 26
2659 1301
2662 1301
2665 407
2669 1181
2678 337
2679 328
2680 1301
2681 1301
2687 1557
2691 1301
2707 405
2711 1558
2712 1559
2713 1046
2730 678
2738 1301
2745 208
2751 75
2753 1301
2754 1150
2762 507
2764 222
2769 1301
2772 881
2774 1301
2780 1560
2784 1561
2786 604
2788 605
2789 1301
2790 1301
2791 1301
2800 508
2807 353
2815 1567
2819 1301
2822 530
2824 546
2828 682
2833 1414
2834 1415
2835 1431
2836 674
2838 1432
2839 1433
2840 1212
2852 1568
2853 884
2873 540
2881 1246
2885 968
2887 178
2888 179
2889 1167
2891 1171
2893 1301
2895 125
2902 1569
2903 1151
2908 1182
2909 1192
2911 203
2924 340
2927 1301
2938 21
2939 22
2940 30
2941 31
2943 45
2944 54
2946 635
2947 1570
2982 308
2984 547
2987 537
2988 538
2989 1301
2990 358
2996 1359
3003 82
3008 255
3015 1572
3024 1374
3032 606
3047 1301
3049 567
3050 794
3051 795
3052 1301
3053 796
3054 1575
3056 280
3066 1301
3077 528
3079 529
3080 1035
3081 1036
3083 160
3090 490
3099 479
3100 1259
3109 1301
3119 227
3128 1301
3134 1301
3137 1203
3138 1204
3140 1301
3149 330
3150 331
3151 332
3153 1301
3156 1579
3157 236
3163 1071
3169 351
3184 741
3196 1301
3202 1581
3218 607
3221 871
3224 1436
3227 531
3228 532
3229 1583
3235 1584
3245 1301
3247 1301
3253 495
3254 33
3257 939
3258 134
3259 1437
3266 1252
3272 937
3277 568
3281 803
3283 272
3284 273
3285 1301
3286 277
3288 1334
3301 572
3303 573
3304 342
3313 541
3316 1096
3320 1261
3322 233
3327 1335
3331 1287
3332 1288
3333 1289
3334 1301
3336 1301
3340 212
3342 1300
3354 338
3357 1587
3361 1198
3365 1588
3367 1591
3368 1595
3376 1598
3397 1439
3398 223
3403 1601
3413 1301
3417 1153
3418 1301
3419 543
3422 1154
3433 1607
3437 666
3439 859
3446 224
3457 1624
3473 1301
3475 1221
3476 1301
3478 213
3480 1442
3481 1301
3482 1196
3483 1443
3485 1301
3491 1631
3492 129
3502 1301
3504 1301
3507 112
3513 13
3514 348
3521 1632
3525 969
3527 373
3529 1301
3535 1421
3536 1422
3551 664
3575 1635
3578 1301
3584 263
3593 817
3595 11
3596 1450
3597 1451
3598 889
3599 1453
3600 1454
3631 83
3633 832
3635 1636
3654 268
3656 1301
3657 726
3658 216
3660 991
3661 1456
3669 577
3672 686
3674 548
3676 1577
3679 1301
3681 954
3682 126
3683 736
3689 1638
3693 166
3695 167
3696 214
3704 929
3706 908
3708 1001
3711 397
3719 1152
3720 161
3721 162
3724 480
3725 1162
3726 1163
3729 1301
3734 1641
3738 320
3748 1018
3752 1301
3754 1131
3755 454
3758 1159
3759 1160
3760 918
3761 1301
3762 1161
3770 198
3776 1072
3786 1396
3787 41
3792 1208
3809 191
3819 1642
3821 1222
3823 1645
3825 1458
3828 1231
3829 683
3832 1301
3836 1253
3837 1420
3839 780
3849 1228
3857 1504
3862 65
3863 99
3864 100
3865 948
3881 1301
3884 801
3888 1646
3890 1301
3897 1301
3902 636
3904 398
3908 231
3910 1301
3920 1652
3926 1654
3934 1658
3942 589
3954 622
3963 69
3966 602
3968 1301
3984 225
3987 1301
3988 947
3990 595
3992 352
3997 1301
3998 998
4001 999
4003 70
4008 1659
4026 1660
4027 1661
4031 1102
4032 742
4039 1417
4056 433
4058 600
4063 818
4066 1301
4067 1301
4068 821
4079 1361
4082 1368
4088 730
4092 1281
4100 288
4105 1002
4107 1663
4114 1664
4115 684
4118 1465
4119 1073
4123 1665
4131 71
4133 590
4139 1301
4141 386
4142 551
4143 1254
4155 1301
4156 1301
4158 1248
4159 113
4160 1249
4169 269
4170 1667
4223 1301
4235 1599
4239 1668
4246 1301
4254 1301
4263 1301
4265 1282
4266 1283
4267 1284
4272 1074
4273 349
4274 355
4275 1301
4278 1469
4291 1669
4293 962
4294 966
4295 732
4296 1337
4297 846
4302 679
4305 763
4306 1079
4307 949
4317 1670
4324 1271
4331 410
4338 1301
4339 1280
4341 485
4344 1301
4345 1179
4351 1332
4352 1428
4356 1301
4363 1672
4364 1673
4367 102
4375 1301
4376 727
4377 455
4380 84
4381 596
4383 85
4387 731
4396 1674
4400 114
4401 121
4402 1301
4405 840
4416 1677
4417 1301
4418 618
4439 1681
4440 86
4441 87
4442 88
4460 1550
4464 1474
4486 614
4489 1682
4493 1683
4506 1685
4507 1390
4508 563
4509 564
4510 565
4511 566
4532 919
4558 139
4574 775
4581 1477
4583 1301
4585 1688
4592 292
4593 1623
4597 323
4598 324
4599 325
4600 1479
4608 1480
4610 1526
4611 1301
4614 1047
4615 1048
4616 1049
4617 977
4618 1195
4620 1694
4621 1505
4623 967
4624 1216
4630 603
4644 1695
4650 984
4655 1019
4657 1301
4659 281
4661 1155
4662 1156
4665 481
4667 500
4668 1120
4669 1121
4671 1122
4677 199
4679 464
4680 465
4681 1301
4682 571
4692 1698
4696 696
4699 1201
4700 1189
4702 1529
4703 737
4704 1702
4708 1603
4714 1027
4716 1704
4717 254
4719 769
4727 740
4731 1301
4741 1530
4742 1531
4743 1397
4747 1029
4750 650
4753 1301
4765 1301
4768 728
4774 1301
4775 708
4776 1533
4780 1535
4783 1375
4784 1388
4785 1386
4786 1387
4789 411
4797 1391
4798 822
4799 1392
4803 235
4811 1301
4818 1537
4819 561
4820 562
4827 1540
4828 1541
4834 1709
4837 1301
4845 1543
4846 278
4847 1544
4848 1546
4849 181
4850 1547
4852 1301
4853 695
4854 1301
4856 943
4864 1301
4865 1301
4869 307
4870 316
4871 544
4872 545
4874 1617
4886 1592
4907 1571
4915 668
4916 127
4917 669
4919 258
4921 1398
4922 685
4926 229
4927 930
4938 192
4939 193
4944 1272
4946 1301
4948 261
4949 1714
4951 293
4952 294
4958 1177
4962 34
4964 836
4965 1266
4966 839
4968 909
4970 616
4971 230
4986 1322
4994 1323
4995 1324
5001 770
5004 482
5005 483
5006 1301
5007 354
5017 624
5018 468
5020 922
5021 923
5022 924
5028 578
5042 329
5043 1301
5044 1301
5045 983
5050 1301
5053 339
5055 1301
5056 1552
5057 1556
5084 1715
5088 297
5090 1130
5091 1135
5092 1301
5093 1139
5109 1723
5113 73
5114 74
5115 1724
5122 1726
5130 1301
5131 1207
5135 1301
5136 1098
5138 931
5139 1301
5140 934
5151 1727
5154 632
5157 1051
5158 680
5171 613
5173 1301
5174 631
5183 1562
5184 1565
5185 1566
5186 417
5187 1738
5192 1301
5193 675
5195 676
5200 681
5203 1267
5204 1413
5205 1429
5207 1211
5208 1430
5209 1032
5213 403
5218 882
5219 883
5221 1229
5236 1739
5245 1169
5246 1170
5248 738
5249 1173
5250 1174
5251 1175
5260 1190
5262 709
5266 926
5268 1191
5273 341
5293 43
5294 44
5297 430
5300 28
5301 29
5303 856
5308 1740
5317 491
5319 1639
5322 228
5325 205
5331 49
5350 1000
5351 957
5357 904
5358 905
5363 845
5370 758
5372 344
5373 1301
5374 347
5375 1573
5377 781
5378 1574
5379 1126
5380 1647
5382 1741
5391 625
5392 1481
5396 242
5397 1742
5402 1743
5405 295
5407 1024
5424 1744
5427 1301
5428 1745
5430 1209
5433 1128
5434 759
5435 265
5436 1268
5438 1269
5445 1270
5446 1301
5453 1301
5458 1487
5460 1099
5461 1100
5462 1101
5471 575
5473 1206
5484 1115
5488 848
5489 1578
5511 651
5512 1746
5519 1301
5521 425
5523 843
5530 1580
5541 1582
5542 1129
5543 746
5550 608
5551 609
5552 610
5554 612
5558 493
5559 494
5560 457
5562 938
5565 1075
5576 776
5578 802
5579 276
5588 1751
5589 1301
5597 1752
5620 1290
5621 404
5622 1301
5624 1298
5625 1299
5628 1710
5630 1301
5642 1425
5644 1278
5646 1585
5647 1586
5658 1197
5659 1589
5660 1590
5661 993
5664 456
5665 1593
5666 1594
5675 756
5676 1596
5677 1597
5683 1756
5692 552
5697 1600
5699 48
5707 898
5709 576
5710 899
5712 1301
5719 1378
5729 1604
5730 1605
5731 1606
5735 766
5761 925
5772 734
5774 735
5775 1158
5780 1625
5781 944
5782 1629
5783 1630
5786 1097
5791 1301
5792 1114
5796 760
5797 761
5798 765
5799 945
5800 1301
5819 1111
5820 691
5827 1757
5828 1633
5829 1634
5831 1068
5832 1301
5835 76
5837 1301
5843 1452
5857 1015
5873 1711
5878 791
5884 1301
5897 1301
5898 266
5899 615
5900 1301
5902 946
5911 1301
5912 1109
5913 1021
5914 1110
5916 488
5917 1563
5918 1576
5921 1637
5926 1301
5940 1301
5943 774
5948 1640
5953 1262
5964 1017
5973 1301
5974 894
5975 895
5985 777
5986 1076
5987 1077
5988 1078
5998 1760
6001 1301
6002 1301
6005 319
6007 434
6017 1301
6018 970
6031 1132
6033 489
6035 1761
6050 427
6051 1643
6052 1644
6054 1263
6057 1418
6060 1419
6061 262
6065 778
6066 779
6072 1219
6077 1301
6082 1483
6084 1484
6085 1485
6086 1486
6087 1301
6088 1503
6093 553
6097 1301
6102 653
6103 1215
6104 1301
6105 1427
6106 659
6111 50
6117 1005
6121 1762
6122 1301
6132 1650
6133 1651
6135 1763
6140 878
6141 1653
6148 757
6151 1655
6152 1656
6153 1657
6175 1765
6177 1766
6180 290
6181 593
6182 594
6190 942
6199 857
6200 1301
6202 1301
6203 995
6214 941
6224 1416
6227 1769
6248 1773
6254 782
6255 784
6256 1301
6257 1301
6258 819
6259 820
6260 401
6264 115
6265 1257
6266 1362
6267 1365
6268 1366
6270 1367
6275 1030
6276 1774
6299 287
6301 1662
6304 1301
6311 1125
6312 858
6332 1776
6334 289
6335 1784
6338 1301
6340 1301
6349 550
6357 299
6359 1247
6363 1666
6368 335
6388 1792
6402 658
6403 1022
6404 1023
6405 1301
6406 1301
6411 1707
6423 927
6424 928
6425 1793
6428 1105
6435 296
6436 963
6437 964
6438 965
6451 1424
6456 1031
6460 408
6461 409
6465 1225
6466 1301
6467 1178
6474 1795
6475 1264
6476 1265
6477 972
6479 1217
6480 1185
6481 1671
6510 122
6511 123
6513 124
6514 133
6516 1301
6517 116
6518 117
6520 118
6521 119
6522 120
6525 441
6537 484
6538 1676
6539 182
6542 1301
6557 1060
6558 1678
6559 1679
6561 1680
6562 1301
6563 994
6573 747
6577 974
6584 1363
6587 797
6600 569
6603 1798
6607 1800
6616 1802
6627 251
6633 1811
6635 1684
6673 570
6683 499
6689 291
6692 1608
6693 1611
6694 1614
6695 1615
6696 1622
6697 1686
6698 1687
6702 975
6703 976
6704 1689
6705 714
6706 1690
6708 1691
6709 1692
6710 1693
6711 913
6716 1737
6723 1816
6748 463
6749 42
6751 476
6752 1696
6753 1301
6754 1697
6758 584
6759 1199
6760 1200
6761 1186
6762 1187
6763 1188
6764 1699
6765 1700
6766 1701
6771 1819
6778 1301
6779 343
6782 253
6786 47
6787 1301
6788 1703
6790 1602
6791 739
6794 1301
6799 833
6807 932
6815 1301
6816 1006
6817 1014
6818 1279
6820 1777
6822 1301
6825 1301
6826 1388
6834 1301
6840 1820
6841 560
6848 1301
6852 1829
6854 1708
6859 749
6860 1545
6863 694
6871 955
6872 956
6874 1258
6875 1301
6876 1260
6877 305
6878 306
6879 1616
6898 260
6902 1712
6903 1713
6907 1832
6909 1835
6911 440
6913 834
6915 835
6928 1064
6930 1065
6935 623
6947 921
6948 958
6953 1301
6954 901
6955 1553
6956 1554
6957 1555
6961 1837
6963 838
6974 1301
6985 1725
6988 472
6989 473
6990 474
6994 1149
7001 237
7003 933
7004 458
7007 997
7012 699
7027 1838
7031 719
7032 1210
7034 238
7042 1301
7043 630
7050 1841
7054 1564
7058 1842
7063 1843
7072 1058
7073 1408
7074 1409
7075 1410
7076 1411
7077 1412
7086 700
7089 1852
7100 1853
7101 1301
7106 1234
7107 902
7112 1825
7129 1854
7135 428
7136 301
7138 429
7160 1301
7161 1866
7169 346
7183 1830
7185 1003
7188 1007
7189 77
7195 1301
7197 764
7198 903
7199 1301
7205 264
7209 744
7215 51
7220 847
7221 498
7222 1868
7225 1869
7238 1039
7241 1870
7244 1873
7255 1301
7257 619
7265 611
7271 1747
7272 1748
7273 1749
7274 1750
7275 302
7287 554
7299 1876
7309 1877
7315 583
7316 950
7317 951
7320 1020
7328 620
7330 1218
7331 470
7332 1296
7333 1297
7334 787
7342 1879
7346 1847
7347 206
7350 1273
7351 1276
7352 1277
7354 1880
7361 873
7368 992
7375 1884
7376 1753
7377 1754
7378 1755
7389 52
7390 53
7395 754
7396 755
7405 1009
7424 1885
7425 1626
7426 900
7427 1627
7428 1512
7429 1491
7430 1628
7433 1301
7446 431
7447 687
7448 688
7449 689
7450 690
7452 1301
7453 1301
7465 298
7468 1886
7482 207
7483 1301
7484 1084
7485 451
7486 866
7488 1517
7490 1492
7496 870
7498 985
7499 1301
7500 989
7501 990
7506 1778
7511 1040
7512 1106
7513 1107
7515 1108
7520 487
7521 1067
7524 1301
7528 1890
7532 750
7549 1892
7553 1301
7563 879
7565 1301
7566 1758
7568 1759
7571 243
7572 798
7573 1301
7576 1506
7579 1112
7602 1896
7603 877
7605 1897
7606 1500
7607 1301
7608 1502
7609 788
7610 789
7611 1789
7613 652
7618 1729
7621 626
7622 627
7623 628
7626 1426
7627 1301
7634 1004
7636 1033
7637 1301
7638 1043
7639 1301
7645 1648
7646 1649
7647 128
7675 1764
7682 1899
7690 1903
7691 1907
7692 1911
7703 1767
7704 1768
7712 1377
7713 1771
7714 1772
7719 1913
7723 841
7724 1301
7725 850
7726 790
7727 1301
7728 1256
7730 1364
7732 1916
7734 1062
7735 916
7738 1919
7752 807
7777 1779
7778 252
7780 1780
7781 1783
7783 1775
7785 475
7786 914
7787 915
7796 1301
7800 421
7805 1921
7812 1790
7813 1791
7817 1924
7820 579
7824 860
7825 861
7827 863
7828 745
7834 1706
7836 812
7838 1103
7839 1104
7846 1213
7858 1301
7862 1794
7876 1928
7878 132
7881 1220
7883 1301
7893 1675
7894 1119
7901 1059
7904 849
7905 1914
7907 973
7912 1796
7913 1052
7914 1797
7916 1799
7917 953
7920 1801
7921 1731
7922 1808
7923 1809
7924 555
7925 1810
7929 1931
7937 1943
7959 1621
7960 827
7962 1609
7963 1214
7964 1610
7967 1728
7968 1736
7975 1812
7976 1813
7977 1814
7978 1815
7986 459
7987 460
7988 461
7990 462
7999 1818
8004 768
8005 1301
8006 876
8007 1301
8021 1013
8030 1385
8036 896
8039 897
8048 556
8049 557
8050 558
8051 559
8052 1944
8054 1821
8055 1822
8056 1828
8062 748
8066 692
8067 693
8069 1950
8074 892
8085 1952
8093 1954
8094 1488
8095 1831
8096 1833
8099 1834
8102 917
8105 1063
8112 309
8113 310
8114 311
8115 312
8116 313
8117 314
8118 315
8123 1836
8124 1516
8129 1138
8140 471
8150 996
8152 1908
8158 1301
8167 1956
8169 1301
8172 629
8180 1839
8181 1840
8183 706
8185 1301
8200 1844
8201 1845
8202 1705
8203 1846
8204 1851
8214 804
8216 1230
8217 823
8218 1233
8219 422
8220 1823
8221 1824
8225 1301
8227 1957
8230 1959
8232 1718
8250 1482
8257 1855
8258 1865
8263 1301
8265 1301
8280 772
8283 1056
8284 1057
8289 1061
8293 1929
8300 1867
8303 1733
8304 496
8305 497
8311 1871
8312 1872
8318 1116
8326 1301
8335 1874
8336 1875
8338 1499
8339 580
8340 581
8341 582
8342 447
8343 1946
8349 1963
8351 1301
8352 1878
8356 1274
8358 1275
8359 1848
8364 872
8365 1964
8366 1127
8370 1881
8371 1882
8372 1883
8376 751
8377 752
8378 753
8384 1008
8398 1489
8399 1490
8400 1507
8402 1508
8403 1509
8404 1511
8406 1947
8407 1113
8408 1081
8413 1010
8416 1960
8423 435
8432 1082
8433 1083
8434 449
8435 450
8437 869
8438 988
8441 1301
8444 1965
8460 880
8461 1301
8462 1887
8463 1888
8464 1889
8475 1891
8490 1301
8491 1301
8492 1301
8493 826
8513 1966
8520 1895
8523 1301
8524 844
8525 1501
8526 805
8527 1786
8528 1787
8529 1788
8534 767
8538 1025
8539 1026
8540 1301
8543 716
8546 1969
8547 1069
8551 1382
8553 862
8558 1971
8565 1898
8567 1973
8572 1901
8573 1902
8574 1909
8575 1910
8577 1301
8581 1906
8591 1770
8592 1912
8593 828
8594 829
8596 830
8597 1301
8606 1915
8608 1917
8609 1918
8616 1975
8617 1976
8620 806
8623 442
8626 1781
8627 1782
8629 1123
8631 418
8640 1920
8645 1945
8646 1922
8648 1923
8668 1978
8673 1980
8675 1301
8677 1926
8678 1927
8681 131
8687 743
8696 1117
8697 1118
8713 952
8717 1301
8718 1807
8720 701
8721 1958
8727 1930
8730 1981
8734 1942
8735 1301
8737 959
8744 1054
8749 1301
8751 1982
8758 1618
8759 1619
8760 1620
8763 1936
8764 1721
8765 1735
8773 1301
8777 1817
8778 1301
8779 808
8780 854
8781 855
8784 446
8795 1011
8796 1012
8800 1379
8801 1380
8802 1384
8813 437
8817 1826
8818 1827
8819 443
8820 419
8821 1301
8823 1301
8826 1949
8838 1951
8839 1124
8841 1953
8861 1515
8873 1983
8876 1148
8878 885
8879 887
8880 1301
8881 890
8882 891
8885 1991
8888 1992
8896 1999
8897 1301
8918 1849
8919 1850
8924 1232
8930 1716
8931 1717
8932 1041
8936 1510
8938 2000
8939 1038
8941 1856
8942 1857
8943 1859
8944 1864
8951 2003
8968 1785
8977 1730
8978 1732
8986 439
8989 1494
8994 1498
8998 2004
9004 1301
9005 1961
9006 1962
9007 715
9014 809
9021 1514
9031 1080
9036 851
9038 852
9040 853
9041 867
9042 868
9047 2006
9049 2007
9058 893
9079 2008
9081 815
9082 816
9083 1301
9094 2018
9095 1984
9098 1893
9099 1894
9115 1967
9117 1968
9119 1970
9120 2019
9127 1972
9128 1900
9131 1525
9135 1904
9136 1905
9144 1520
9151 1974
9152 1301
9153 1301
9154 702
9165 2009
9175 2020
9178 1055
9181 2025
9194 2026
9207 1979
9210 1925
9211 1977
9224 2029
9243 2030
9259 1301
9261 1803
9262 1806
9265 1932
9266 1933
9267 1941
9274 1053
9276 1994
9283 1719
9284 1720
9285 1734
9293 1301
9294 875
9296 444
9297 445
9303 1381
9304 1383
9309 2033
9311 1301
9312 655
9313 960
9314 1301
9315 982
9316 1301
9317 1948
9319 1301
9330 2005
9356 1519
9357 1518
9359 2010
9360 2011
9361 2012
9362 2013
9363 2017
9365 2034
9367 2036
9371 2035
9376 888
9378 1301
9379 1989
9380 1990
9387 1996
9388 1997
9389 1998
9395 1140
9404 2040
9405 2042
9412 1862
9413 1863
9414 1858
9418 2043
9420 2044
9424 2002
9429 2045
9446 1493
9447 438
9448 1495
9449 1496
9450 1497
9461 2046
9466 2047
9471 1513
9472 720
9476 2049
9490 1301
9505 2001
9512 2050
9526 824
9527 825
9541 2053
9542 2054
9544 2058
9547 1523
9563 1524
9565 2060
9570 633
9583 2061
9586 2062
9592 2021
9593 2022
9595 2023
9596 2024
9612 2027
9613 2028
9620 2064
9630 1804
9631 1805
9632 1934
9633 1938
9634 1940
9636 1993
9647 874
9661 1301
9665 1141
9669 672
9673 656
9683 2066
9687 703
9688 2014
9689 2015
9690 2016
9697 2067
9698 2069
9703 1985
9704 710
9705 1987
9706 1988
9710 1133
9711 1134
9725 2041
9727 1042
9728 2037
9729 2038
9730 2039
9740 1995
9749 2070
9756 2075
9758 2077
9779 2048
9785 2078
9801 2079
9804 2051
9805 2052
9812 2080
9816 1521
9817 1522
9818 2055
9819 2056
9820 2057
9824 2084
9825 2086
9826 2087
9834 2098
9843 2100
9845 2104
9847 2103
9853 654
9854 2105
9855 1227
9856 2106
9858 2059
9870 2063
9872 1223
9873 1224
9883 1935
9884 1937
9887 1939
9893 2109
9894 2125
9898 2134
9905 1301
9908 2137
9910 2142
9926 2145
9928 2068
9931 2149
9938 2153
9946 2156
9960 2107
9964 2160
9968 2161
9972 1986
9976 2071
9977 2073
9978 2074
9984 2076
9990 2150
9994 2090
10006 2162
10014 1722
10015 2081
10016 2083
10017 2085
10022 1301
10024 2089
10025 2097
10028 2099
10030 2164
10035 2101
10036 2102
10066 2167
10072 2111
10073 2124
10079 2108
10081 436
10083 2132
10084 2133
10086 978
10087 979
10088 980
10089 981
10093 2135
10094 2136
10096 2168
10097 2138
10098 2139
10099 2140
10100 2141
10112 2143
10113 2144
10116 2147
10117 2148
10126 2154
10127 2155
10128 1301
10133 2172
10139 2152
10140 2195
10141 2159
10146 2072
10147 2196
10155 2197
10164 2082
10168 2088
10169 2091
10170 2095
10171 2096
10172 707
10173 713
10175 2163
10186 2198
10192 1226
10203 1301
10204 2165
10205 2166
10222 2065
10224 2112
10225 2120
10226 2121
10227 2122
10228 2123
10229 2110
10235 2126
10237 2127
10238 2130
10240 2131
10244 2200
10252 2201
10258 2146
10263 2171
10268 2202
10270 2203
10271 2178
10272 2194
10276 2158
10280 2208
10284 2209
10290 2151
10291 2092
10292 2093
10293 2094
10297 711
10299 712
10306 2210
10313 1236
10321 2211
10325 1860
10330 2212
10335 2113
10336 2117
10337 2119
10349 2215
10351 2199
10354 2169
10355 2170
10357 2128
10358 2129
10361 2175
10362 2176
10363 2177
10367 2157
10368 2207
10374 1861
10377 2193
10386 1235
10394 810
10395 811
10397 2229
10398 1301
10402 2118
10403 2231
10405 2114
10406 2115
10407 2116
10408 1612
10409 1613
10410 2234
10411 2232
10412 2233
10414 813
10420 2173
10421 2174
10431 2206
10440 2179
10441 2180
10442 2181
10443 2192
10445 2236
10450 2237
10456 2238
10457 2239
10460 2246
10461 2240
10462 2241
10463 2244
10464 2245
10466 2247
10477 721
10481 2249
10482 2216
10483 2226
10485 2227
10486 2228
10487 1301
10490 2230
10498 2252
10500 2256
10503 2257
10507 2189
10509 2258
10514 2259
10519 2182
10521 2191
10522 1955
10523 2235
10524 2204
10525 2205
10535 2242
10537 2243
10539 2261
10540 2262
10551 2253
10554 2248
10557 2225
10558 1237
10560 1238
10561 1301
10565 2250
10568 2251
10569 2255
10570 2183
10571 2184
10572 2185
10573 2186
10575 2187
10576 2188
10583 2263
10590 2265
10592 722
10593 2190
10600 2260
10609 2031
10610 2032
10618 2219
10619 2224
10622 1142
10625 2254
10626 2214
10633 697
10635 2270
10643 2264
10644 723
10654 1301
10655 1301
10656 724
10658 2217
10660 2218
10661 2223
10663 1301
10664 1145
10665 1146
10666 1147
10670 1143
10672 2213
10678 2266
10679 2269
10684 717
10685 718
10686 2221
10687 2222
10691 1144
10701 2268
10707 2220
10713 673
10722 2267
10723 2279
10727 2280
10730 2285
10743 2272
10744 2273
10745 2278
10746 2289
10748 2282
10749 2283
10750 2284
10760 2290
10771 2295
10773 2305
10774 2277
10775 2274
10776 2288
10777 2281
10784 2307
10792 2291
10793 2292
10794 2293
10795 2294
10796 2298
10797 2304
10799 2271
10800 2275
10801 2276
10802 2286
10803 2287
10805 1301
10806 1243
10807 1244
10810 2306
10817 2296
10818 2297
10821 1239
10822 1240
10823 1241
10824 1242
10827 2322
10830 2323
10834 657
10836 2321
10841 2320
10844 2310
10845 2311
10846 2315
10847 2316
10849 2318
10850 2319
10855 2302
10856 2303
10859 2308
10861 2309
10862 2312
10863 2314
10865 2317
10866 2299
10867 2300
10868 2301
10874 2326
10875 2324
10876 2325
10877 2313
