0 14
1 14
2 14
3 14
4 13
5 13
6 13
7 13
8 12
9 4
10 4
11 3
12 1
13 7
14 9
15 9
16 9
17 11
18 10
19 10
20 9
21 9
22 9
23 9
24 9
25 9
26 16
27 16
28 16
29 15
30 9
31 10
32 10
33 9
34 9
35 9
36 9
37 10
38 10
39 10
40 11
41 11
42 11
43 11
44 11
45 11
46 11
47 11
48 11
49 10
50 10
51 9
52 9
53 9
54 9
55 10
56 9
57 9
58 9
59 9
60 9
61 9
62 9
63 13
64 15
65 16
66 17
67 16
68 15
69 16
70 17
71 16
72 16
73 16
74 15
75 15
76 14
77 14
78 13
79 12
80 12
81 12
82 11
83 10
84 10
85 9
86 9
87 9
88 9
89 9
90 9
91 9
92 9
93 9
94 10
95 9
96 9
97 9
98 9
99 9
100 9
101 9
102 9
103 9
104 11
105 11
106 11
107 10
108 10
109 9
110 9
111 11
112 12
113 12
114 12
115 12
116 12
117 12
118 12
119 11
120 11
121 10
122 10
123 9
124 9
125 10
126 10
127 10
128 10
129 9
130 9
131 8
132 0
133 2
134 3
135 4
136 3
137 4
138 9
139 10
140 9
141 9
142 8
143 3
144 2
145 7
146 2
147 2
148 1
149 1
150 1
151 1
152 0
153 2
154 1
155 3
156 2
157 4
158 4
159 3
160 1
161 2
162 1
163 0
164 7
165 7
166 6
167 9
168 9
169 9
170 9
171 8
172 5
173 4
174 4
175 4
176 4
177 3
178 1
179 2
180 2
181 1
182 8
183 0
184 3
185 3
186 2
187 3
188 4
189 3
190 3
191 3
192 2
193 7
194 6
195 2
196 2
197 3
198 3
199 2
200 2
201 2
202 6
203 5
204 1
205 0
206 2
207 2
208 2
209 2
210 2
211 1
212 3
213 1
214 2
215 2
216 1
217 5
218 3
219 3
220 2
221 3
222 2
223 2
224 1
225 0
226 2
227 2
228 2
229 2
230 1
231 0
232 1
233 2
234 0
235 1
236 1
237 6
238 6
239 6
240 6
241 5
242 3
243 4
244 4
245 4
246 4
247 5
248 5
249 4
250 3
251 2
252 2
253 1
254 2
255 4
256 5
257 7
258 7
259 9
260 9
261 9
262 9
263 8
264 8
265 7
266 7
267 6
268 10
269 10
270 10
271 9
272 9
273 8
274 7
275 7
276 6
277 5
278 5
279 4
280 4
281 3
282 3
283 4
284 3
285 2
286 1
287 1
288 0
289 4
290 2
291 1
292 1
293 1
294 1
295 2
296 2
297 1
298 1
299 3
300 2
301 5
302 8
303 7
304 7
305 7
306 7
307 6
308 6
309 6
310 5
311 5
312 4
313 5
314 5
315 6
316 6
317 5
318 5
319 4
320 4
321 5
322 4
323 3
324 2
325 1
326 0
327 1
328 1
329 0
330 1
331 1
332 2
333 0
334 4
335 0
336 4
337 2
338 3
339 5
340 4
341 3
342 3
343 2
344 1
345 1
346 2
347 2
348 2
349 1
350 0
351 2
352 4
353 4
354 3
355 3
356 3
357 2
358 2
359 2
360 1
361 2
362 1
363 3
364 3
365 2
366 1
367 0
368 5
369 2
370 1
371 3
372 2
373 3
374 4
375 3
376 2
377 2
378 1
379 2
380 1
381 0
382 1
383 4
384 1
385 0
386 1
387 1
388 3
389 0
390 2
391 1
392 3
393 1
394 1
395 0
396 1
397 0
398 1
399 0
400 0
401 3
402 2
403 0
404 4
405 4
406 3
407 1
408 0
409 3
410 3
411 2
412 3
413 2
414 3
415 2
416 1
417 0
418 4
419 5
420 5
421 6
422 6
423 6
424 5
425 4
426 3
427 1
428 0
429 2
430 1
431 1
432 1
433 0
434 2
435 1
436 0
437 2
438 0
439 1
440 1
441 0
442 1
443 1
444 2
445 1
446 0
447 1
448 1
449 0
450 1
451 0
452 1
453 1
454 0
455 0
456 1
457 0
458 2
459 2
460 1
461 0
462 1
463 1
464 0
465 2
466 0
467 0
468 1
469 0
470 1
471 0
472 2
473 0
474 1
475 0
476 4
477 2
478 2
479 1
480 0
481 0
482 3
483 1
484 0
485 1
486 1
487 0
488 1
489 4
490 4
491 3
492 1
493 0
494 3
495 2
496 2
497 2
498 3
499 2
500 2
501 1
502 1
503 0
504 2
505 2
506 2
507 1
508 1
509 0
510 1
511 0
512 1
513 0
514 1
515 1
516 0
517 1
518 1
519 0
520 0
521 2
522 1
523 1
524 0
525 1
526 0
527 0
528 1
529 2
530 2
531 1
532 1
533 0
534 1
535 0
536 3
537 1
538 1
539 2
540 1
541 1
542 1
543 1
544 0
545 0
546 1
547 0
548 1
549 2
550 0
551 2
552 1
553 3
554 3
555 4
556 3
557 3
558 2
559 1
560 1
561 1
562 0
563 1
564 0
565 0
566 0
567 1
568 0
569 0
570 1
571 0
572 1
573 1
574 2
575 0
576 0
577 0
578 1
579 0
580 2
581 1
582 3
583 2
584 1
585 2
586 2
587 1
588 0
589 1
590 1
591 1
592 0
593 3
594 2
595 0
596 1
597 0
598 1
599 1
600 0
601 1
602 0
603 1
604 1
605 2
606 2
607 1
608 1
609 1
610 0
611 0
612 1
613 1
614 0
615 0
616 2
617 1
618 1
619 0
620 0
621 0
622 1
623 1
624 0
625 1
626 0
627 0
628 2
629 1
630 0
631 1
632 0
633 1
634 1
635 0
636 0
637 1
638 0
639 1
640 0
641 0
642 1
643 1
644 0
645 1
646 1
647 0
648 1
649 0
650 0
651 2
652 1
653 1
654 0
655 0
656 1
657 0
