18 0
20 1296
21 1300
30 181
31 82
37 215
45 60
46 1296
50 1
52 2
54 1296
55 260
56 1295
58 1296
61 1296
62 1298
63 191
64 1299
67 139
68 140
70 95
73 1296
81 1296
89 1296
90 1296
92 1296
94 1296
106 1296
114 180
123 1303
127 1296
129 1296
130 1296
131 1296
132 1296
133 1296
135 860
138 42
140 62
145 3
146 4
147 1296
148 1296
150 722
153 1296
158 1296
164 96
165 1296
168 1296
169 182
170 1296
171 1296
172 132
173 133
174 164
175 1296
179 1297
180 1296
182 246
183 520
186 40
187 1296
188 661
189 1296
190 480
191 662
192 1296
193 421
196 422
202 151
209 108
213 1296
219 295
220 1296
222 159
223 1296
227 1304
238 1296
244 1296
253 1307
254 1296
259 1153
260 1296
261 1296
262 1296
263 1296
264 1296
265 1296
267 1296
270 1296
271 1151
272 1296
274 1152
276 1296
277 1296
279 189
280 1296
281 1296
282 110
283 1080
284 875
285 1308
299 1296
304 1296
305 1296
308 1296
317 1296
343 187
344 214
345 1296
346 1296
348 46
349 1296
354 1312
356 1296
375 1296
386 23
394 848
405 1296
406 1301
407 51
408 1296
409 1296
410 1296
411 1296
412 1296
414 1302
427 1296
429 1296
446 1296
447 1296
449 206
450 170
452 1168
453 1296
459 63
462 64
463 1296
464 1296
468 1296
470 458
473 1296
475 1313
483 1306
486 1296
493 1296
495 1296
505 97
506 1314
507 1318
512 1296
516 1296
521 5
522 6
523 7
524 1296
525 1289
526 1296
527 1296
529 1291
531 1296
537 72
538 239
540 87
541 721
542 124
543 54
545 158
546 320
549 1293
551 65
552 723
553 154
554 632
555 1294
562 1296
565 1296
566 1296
567 1296
568 1296
569 1296
574 1296
590 1296
591 1296
592 418
594 17
595 1296
596 1296
601 1296
610 1296
615 1296
618 88
619 89
620 1296
621 1296
622 26
623 1188
624 342
628 1296
631 1296
632 1296
633 1296
634 52
636 135
638 118
639 1296
646 18
647 1296
648 1296
651 1261
652 679
663 71
666 1319
673 1327
674 1296
675 1296
676 976
677 319
679 98
682 977
686 73
687 141
689 663
692 1296
693 1296
694 219
695 47
696 1296
697 220
698 1296
699 1296
702 1296
704 1329
707 255
715 165
717 1296
719 1296
721 1296
722 1296
723 1296
726 166
730 735
733 576
735 119
738 338
745 762
753 1296
754 1296
755 818
757 451
760 56
761 138
762 1296
763 1296
764 126
765 1296
766 727
767 1120
774 1296
776 1296
778 1255
780 1256
781 209
782 212
785 41
790 1296
792 1296
794 1296
795 385
797 179
803 99
820 1296
823 1296
826 1296
827 1296
830 1296
831 1296
835 1296
837 1296
839 1084
847 1296
851 1296
853 1296
855 1296
859 1330
867 1296
877 48
887 852
888 759
889 37
890 1296
893 1296
894 398
897 1296
901 1296
902 1296
904 1296
905 546
906 1296
908 552
910 457
914 321
920 1296
925 1296
933 8
936 9
938 1296
939 425
940 211
941 1296
942 386
944 387
945 241
946 1296
948 247
951 248
956 1296
958 1296
959 131
961 1296
962 1150
963 200
966 240
972 1331
977 1296
979 296
981 847
982 167
983 190
984 1296
986 109
987 1296
988 1296
989 1296
1004 544
1005 196
1007 279
1008 1296
1011 711
1014 423
1017 1296
1020 19
1021 1296
1022 553
1023 1200
1024 1296
1025 1296
1027 24
1028 25
1030 1296
1031 1296
1032 1278
1033 74
1035 1077
1036 521
1038 1078
1042 1296
1043 1079
1045 192
1047 369
1049 680
1051 1296
1053 1296
1054 1296
1055 127
1056 271
1057 1296
1058 1296
1063 1332
1067 1334
1072 1296
1073 1296
1083 794
1095 43
1103 483
1104 484
1109 1296
1111 1296
1112 1296
1116 1296
1117 1296
1119 20
1122 1305
1128 1296
1130 1296
1132 11
1145 1336
1148 128
1149 1246
1150 334
1152 1296
1153 1296
1154 1296
1160 207
1164 1296
1168 1296
1169 1296
1171 1296
1184 1296
1185 1296
1186 1296
1194 1296
1195 1337
1198 1296
1206 184
1208 185
1209 186
1210 160
1212 213
1219 178
1220 270
1222 227
1223 1296
1224 1296
1225 195
1226 481
1227 547
1228 1296
1229 1296
1231 1296
1234 1296
1241 1296
1250 29
1253 44
1254 45
1255 1296
1256 452
1257 453
1259 230
1268 482
1285 1340
1289 1342
1291 1296
1294 1346
1296 581
1299 1296
1300 1310
1301 1311
1302 919
1303 920
1306 1296
1314 1296
1315 1296
1316 562
1318 1296
1322 1296
1329 21
1331 22
1333 1347
1340 276
1347 1296
1353 1296
1354 1296
1357 1296
1358 1189
1359 1296
1360 1190
1362 49
1366 50
1371 1273
1373 1296
1374 1296
1377 941
1381 1296
1383 1119
1388 1296
1390 284
1391 1296
1393 1296
1394 963
1396 1296
1409 1296
1410 1296
1411 624
1414 1296
1417 234
1419 27
1425 1348
1429 251
1430 1296
1433 1296
1439 618
1440 85
1443 1296
1448 1296
1449 368
1450 1296
1451 419
1452 476
1453 1296
1454 1296
1456 1296
1457 776
1461 1296
1463 1349
1468 580
1469 312
1472 1296
1473 259
1494 1296
1495 1296
1497 1166
1498 1167
1501 33
1502 583
1503 1296
1504 1296
1505 1135
1506 233
1507 228
1509 14
1510 229
1511 1296
1514 777
1522 947
1524 948
1525 1296
1528 1296
1529 1296
1530 406
1533 13
1534 1296
1535 1296
1536 1296
1537 1296
1538 1296
1542 1350
1544 1296
1545 1296
1547 256
1549 1296
1550 273
1551 1296
1552 1296
1553 1296
1554 631
1556 1352
1564 1296
1572 1353
1580 743
1582 205
1583 12
1584 204
1585 1296
1586 1296
1589 1296
1591 1356
1595 1296
1597 1296
1598 317
1599 405
1601 1296
1603 30
1608 1296
1613 121
1614 1296
1615 1315
1617 1316
1618 1317
1619 1296
1622 1296
1623 289
1628 373
1629 374
1631 1091
1635 1134
1639 1296
1642 1357
1643 1296
1644 66
1646 1358
1649 597
1650 598
1651 599
1652 1296
1662 1290
1663 1296
1664 1296
1665 1296
1666 31
1667 122
1669 1296
1671 853
1672 854
1674 67
1675 1296
1678 257
1682 1364
1683 1370
1697 1296
1701 155
1703 156
1707 157
1710 462
1712 1378
1715 1386
1716 725
1720 1296
1723 253
1726 1292
1728 57
1729 388
1750 1296
1760 1296
1761 1203
1762 1296
1765 1296
1768 1296
1770 664
1772 1296
1774 1296
1776 1296
1785 1296
1791 1296
1799 1296
1806 15
1808 1296
1811 1392
1823 183
1826 1296
1827 1296
1829 1069
1831 375
1833 910
1835 1296
1841 1296
1842 1296
1843 316
1844 1296
1846 605
1847 1296
1848 129
1850 1296
1854 38
1855 39
1856 1296
1861 123
1863 651
1867 1296
1870 633
1873 410
1874 411
1875 412
1876 413
1877 414
1878 415
1880 416
1882 417
1883 1296
1884 1296
1885 883
1886 188
1887 1296
1903 1296
1904 1296
1905 1296
1906 1047
1908 1048
1909 1296
1910 16
1911 1050
1916 90
1917 91
1918 92
1922 93
1923 94
1925 1296
1926 1252
1928 1296
1937 1296
1939 1296
1941 494
1943 1296
1944 333
1945 1296
1946 1296
1947 225
1949 299
1950 111
1951 112
1952 114
1954 115
1956 116
1957 117
1958 1296
1959 1296
1960 523
1961 524
1967 1296
1971 1296
1972 1042
1974 1296
1983 572
1984 1394
1986 53
2006 1296
2008 106
2009 107
2011 1296
2012 1170
2013 134
2022 1296
2026 1395
2030 1284
2032 1320
2033 645
2034 1296
2035 1325
2036 1326
2038 275
2039 1296
2043 1296
2046 974
2047 975
2048 292
2056 1296
2060 1257
2071 1296
2074 335
2094 1296
2096 1296
2097 737
2098 1296
2099 1296
2104 1075
2105 1076
2107 1296
2113 79
2114 1235
2115 911
2117 1296
2118 1296
2120 1296
2121 55
2122 221
2124 1296
2126 1004
2128 1296
2130 1296
2131 1296
2137 1296
2139 1328
2143 1296
2144 1296
2146 1296
2151 1296
2157 1296
2162 1399
2166 1296
2170 1019
2175 1296
2179 643
2180 539
2181 1296
2184 1277
2185 1109
2186 849
2187 1110
2189 855
2191 1296
2192 1296
2194 856
2195 1296
2196 1296
2197 1296
2198 32
2199 1111
2200 1112
2201 864
2205 460
2206 1296
2211 555
2217 235
2218 1401
2223 635
2224 337
2231 1296
2234 1296
2239 1296
2240 969
2245 432
2247 1296
2251 828
2252 301
2257 1296
2258 533
2265 1296
2266 1274
2268 1296
2270 1275
2272 120
2276 459
2278 1296
2279 783
2280 1296
2281 1296
2282 795
2283 1296
2284 1147
2287 726
2290 491
2292 1403
2293 1406
2294 136
2295 137
2297 272
2304 336
2306 1407
2309 1296
2310 102
2313 1409
2321 1296
2322 1265
2324 1296
2325 587
2326 1296
2327 1296
2328 1296
2329 590
2330 591
2332 168
2334 384
2336 1296
2342 1296
2351 1296
2352 1286
2354 1296
2356 1296
2361 1296
2364 1296
2365 1296
2366 1007
2368 1296
2369 904
2370 1296
2371 805
2372 857
2373 907
2374 909
2380 1296
2384 778
2385 1296
2388 1296
2389 1296
2391 746
2392 851
2393 1296
2394 486
2396 208
2397 1082
2398 399
2401 1083
2402 617
2403 1296
2408 1296
2411 571
2412 1296
2415 1086
2425 1296
2428 1137
2433 1296
2437 1296
2440 1296
2441 1254
2443 1296
2455 1296
2457 313
2463 1296
2466 262
2467 1296
2474 100
2483 1296
2484 1296
2485 1296
2486 1296
2487 1296
2497 1296
2510 1296
2513 310
2515 1412
2517 1296
2518 1296
2519 1121
2528 1296
2535 1413
2536 1414
2537 1417
2545 507
2546 1428
2554 34
2555 35
2556 36
2564 426
2566 567
2567 808
2568 75
2579 1296
2582 397
2583 487
2584 1296
2586 545
2589 876
2590 738
2591 1201
2592 350
2593 1202
2595 1296
2596 548
2597 550
2598 551
2603 1296
2608 68
2612 1430
2618 1296
2620 1296
2626 1296
2627 1056
2628 1296
2629 61
2637 1296
2641 1431
2649 474
2651 1362
2655 1434
2660 1296
2671 10
2672 1296
2673 332
2674 1296
2675 1296
2676 1288
2683 1296
2693 274
2700 1296
2705 249
2708 250
2710 1296
2714 1410
2715 1296
2719 130
2720 1296
2722 492
2723 1148
2724 1149
2727 1296
2732 515
2736 1440
2741 1296
2742 1046
2744 1296
2746 1043
2748 674
2749 1044
2755 1296
2757 1441
2758 242
2759 243
2760 245
2763 1296
2766 1133
2767 1070
2779 1296
2792 1296
2802 1442
2803 469
2808 404
2809 1296
2811 1296
2812 1296
2813 297
2814 1197
2816 1296
2817 1199
2821 28
2823 1296
2826 83
2827 1171
2829 1296
2841 288
2844 510
2845 361
2846 1258
2847 1259
2848 216
2849 557
2850 1260
2851 450
2857 169
2858 238
2860 1296
2862 1296
2866 280
2868 901
2869 1296
2871 1296
2872 1104
2875 563
2878 201
2882 1296
2883 1296
2884 1333
2896 669
2897 1296
2901 1296
2905 995
2926 951
2942 1296
2953 1296
2962 682
2974 1172
2975 265
2977 1296
2979 1173
2993 1296
2995 1296
3000 1296
3002 258
3006 1296
3010 394
3011 1443
3012 281
3013 1445
3020 1296
3030 1447
3033 1335
3034 226
3035 1296
3036 569
3038 999
3039 1000
3040 806
3046 1296
3058 1296
3060 344
3061 1296
3062 431
3063 1296
3065 1296
3067 433
3074 945
3075 325
3076 210
3082 859
3085 101
3086 1296
3087 1296
3088 1296
3089 573
3093 1296
3094 1296
3096 218
3106 1296
3107 125
3108 1008
3113 1448
3114 331
3116 69
3117 1034
3120 364
3123 104
3124 105
3125 1296
3126 1296
3127 1296
3131 1296
3132 1296
3133 1449
3143 1296
3144 1296
3152 1089
3154 1296
3158 175
3159 176
3160 177
3167 1296
3168 568
3170 1296
3172 787
3174 1296
3175 1279
3176 957
3178 1296
3179 1296
3180 1281
3181 1296
3186 424
3187 699
3188 978
3189 784
3190 979
3191 1296
3192 980
3193 1296
3197 1296
3198 882
3199 1296
3200 1038
3203 285
3207 1351
3210 1296
3215 1296
3216 217
3231 501
3237 1219
3238 1338
3239 420
3240 1263
3241 1339
3242 194
3244 1341
3248 1233
3249 601
3250 659
3252 566
3256 1296
3263 1296
3265 1344
3267 1345
3273 1005
3279 1309
3280 881
3289 1450
3294 525
3295 526
3296 527
3297 1296
3298 1296
3302 1452
3309 1158
3310 475
3311 1296
3314 456
3317 1296
3318 1296
3321 850
3335 473
3337 1296
3343 1296
3349 314
3350 315
3351 1296
3355 1296
3356 1296
3359 376
3363 1456
3371 1174
3372 471
3373 1296
3375 1296
3380 1457
3387 1296
3399 1296
3400 1296
3401 1099
3406 1459
3408 298
3409 940
3415 1460
3421 1296
3424 779
3431 1117
3432 1118
3434 932
3435 197
3436 1296
3443 1296
3449 252
3460 283
3461 286
3463 287
3464 1296
3465 1296
3466 493
3467 86
3469 1296
3471 1296
3474 80
3479 1296
3493 389
3495 390
3496 391
3501 1296
3503 1296
3505 1176
3506 1177
3512 1262
3518 592
3528 84
3534 1296
3537 1296
3538 943
3540 668
3541 944
3543 400
3545 401
3550 775
3552 1296
3557 1296
3573 1461
3574 959
3576 1040
3579 619
3580 351
3581 1296
3582 1194
3583 1296
3587 232
3592 1296
3603 1462
3609 1463
3614 1296
3616 1296
3617 1296
3618 1296
3626 1296
3628 1159
3629 1296
3632 1163
3634 1164
3637 1296
3644 231
3646 574
3647 1464
3664 198
3665 1296
3666 1276
3670 648
3671 1071
3673 377
3675 1296
3678 1296
3684 1296
3690 1296
3691 902
3694 1466
3697 1296
3698 1296
3699 1296
3700 564
3701 565
3702 1296
3703 290
3707 277
3709 278
3710 1296
3712 966
3716 1296
3717 1041
3723 602
3740 1296
3741 293
3742 1296
3743 1296
3744 800
3745 202
3747 203
3749 981
3750 1296
3751 982
3763 1296
3765 1296
3766 1354
3768 1355
3769 1321
3782 1296
3783 517
3784 518
3785 519
3791 868
3793 393
3795 1296
3802 1296
3803 782
3804 409
3805 1296
3806 1296
3807 1296
3811 673
3812 193
3822 1469
3826 1296
3827 1296
3830 500
3831 1296
3833 1296
3834 514
3838 1296
3840 1107
3841 1296
3843 915
3846 522
3861 1296
3866 634
3867 1296
3868 657
3875 1296
3878 1296
3879 1296
3882 1162
3885 237
3886 1363
3887 1296
3889 1365
3891 1366
3892 1369
3899 1296
3901 1296
3905 1296
3906 983
3911 291
3914 984
3927 1377
3928 461
3933 1296
3935 1379
3936 1296
3937 1385
3939 724
3947 1296
3948 713
3949 1296
3959 1296
3962 1420
3977 502
3978 503
3979 504
3980 505
3981 506
3982 1296
3985 1296
3986 1296
3989 1296
3995 1296
3999 1296
4007 1470
4013 1296
4014 829
4015 356
4016 1296
4018 768
4021 769
4022 770
4023 967
4025 968
4029 863
4034 1296
4041 658
4042 676
4047 928
4048 1296
4050 1251
4059 1387
4060 1391
4061 382
4069 1061
4070 1062
4071 1063
4072 1064
4073 1065
4074 1066
4075 1067
4076 1068
4077 1296
4078 1296
4086 1296
4087 707
4090 1090
4104 646
4106 1272
4108 1296
4110 665
4117 367
4122 1296
4124 867
4127 1296
4128 1296
4129 1296
4130 821
4137 1296
4140 1296
4145 408
4146 801
4147 1296
4148 1296
4149 1296
4151 537
4152 1296
4153 1049
4164 1187
4165 755
4166 1296
4185 488
4186 489
4187 490
4188 402
4189 1296
4194 1296
4195 660
4196 916
4198 113
4201 1296
4205 1296
4206 222
4207 223
4208 224
4212 1296
4222 1472
4227 380
4228 381
4229 161
4230 162
4231 163
4232 1296
4237 1475
4240 603
4241 604
4242 171
4243 584
4244 1296
4245 1296
4247 586
4249 1296
4257 1012
4258 1393
4279 1296
4282 654
4300 352
4301 793
4303 1296
4304 1322
4309 1476
4313 1296
4315 1296
4316 327
4318 1296
4319 328
4320 329
4321 330
4322 1323
4323 1324
4327 454
4328 1296
4343 1477
4346 434
4347 1116
4353 1296
4365 1097
4366 896
4369 1296
4370 992
4384 1478
4385 1481
4389 267
4393 1169
4394 1296
4397 575
4399 1074
4404 1296
4408 76
4409 77
4410 78
4413 81
4414 1108
4415 739
4420 1296
4421 1236
4423 1296
4424 1241
4427 403
4430 1296
4436 455
4438 1296
4451 1483
4452 142
4453 143
4454 144
4455 145
4456 146
4457 147
4458 148
4463 622
4469 360
4470 905
4471 1296
4472 927
4483 822
4485 1398
4491 1296
4492 1296
4494 1296
4495 1296
4499 1296
4502 714
4503 986
4504 1296
4513 1296
4514 1114
4515 1115
4522 1488
4529 427
4530 1296
4535 1400
4536 1296
4540 1154
4541 1155
4543 1156
4546 1296
4548 58
4549 59
4550 1296
4552 1296
4553 407
4555 1296
4559 538
4567 1227
4568 1296
4571 1296
4572 152
4573 153
4576 1296
4578 261
4579 266
4584 1296
4586 1296
4587 1296
4588 1296
4589 1296
4590 774
4594 1146
4604 1402
4605 1014
4606 1405
4607 785
4619 1296
4622 1408
4626 1489
4631 1296
4635 1264
4638 1271
4639 763
4640 588
4641 1296
4642 589
4643 1296
4645 1296
4654 300
4656 1165
4660 1296
4664 1296
4675 1296
4676 1296
4686 1268
4687 1296
4688 1296
4689 898
4693 1490
4695 1296
4697 934
4705 1296
4707 906
4709 1296
4712 1491
4718 1296
4720 1296
4726 1244
4729 1296
4730 1245
4745 1296
4748 933
4749 757
4751 1296
4757 442
4758 443
4760 444
4766 1085
4767 666
4771 1492
4778 1494
4781 1242
4782 345
4795 1105
4796 1106
4800 1296
4804 1296
4807 1500
4810 908
4813 1296
4815 732
4816 1296
4822 1296
4823 485
4825 649
4835 892
4840 846
4843 625
4851 570
4860 993
4861 1296
4866 1296
4867 1501
4875 1296
4876 1411
4877 1157
4879 302
4880 303
4881 304
4882 305
4883 306
4884 307
4885 308
4887 309
4912 917
4913 1415
4914 1416
4923 1425
4924 1426
4925 1427
4936 1296
4937 1296
4940 558
4941 559
4942 1296
4943 560
4945 561
4953 549
4954 472
4961 970
4963 971
4967 1092
4972 1296
4973 477
4974 1429
4976 684
4980 1296
4981 1296
4982 294
4989 677
4990 1296
5002 268
5008 1296
5024 1432
5025 1296
5027 1433
5029 1296
5030 498
5031 781
5034 1359
5035 1360
5036 282
5037 1361
5039 1287
5054 675
5067 1296
5080 1296
5081 1296
5082 1296
5083 1269
5085 1270
5086 1296
5087 1436
5089 1439
5106 1045
5107 1296
5108 930
5110 931
5118 528
5119 1296
5120 681
5121 244
5123 1502
5125 340
5133 1249
5134 318
5144 1503
5149 1296
5150 1296
5152 1296
5153 531
5156 1296
5172 1296
5180 1507
5181 1296
5189 1296
5212 639
5223 1296
5226 556
5228 1508
5233 1296
5234 1296
5235 1103
5239 1145
5241 1296
5247 1509
5252 1296
5253 667
5256 1296
5259 758
5270 1296
5282 1296
5285 1296
5296 756
5298 1296
5299 766
5302 1296
5307 1512
5321 516
5333 708
5334 709
5342 1296
5343 529
5346 733
5347 1296
5348 734
5349 1296
5352 1513
5353 626
5355 479
5356 1444
5359 1515
5361 636
5362 236
5364 1446
5366 372
5369 269
5381 343
5385 1296
5388 712
5393 322
5394 323
5395 324
5398 1516
5410 1296
5411 1081
5412 1296
5414 647
5415 1296
5416 1296
5418 1247
5419 1248
5421 1191
5422 1192
5423 1296
5431 1296
5437 1517
5439 593
5442 1296
5447 1296
5451 362
5452 363
5459 1524
5464 830
5479 445
5480 1296
5481 1037
5483 958
5485 1296
5490 172
5491 173
5492 174
5493 996
5494 997
5495 1087
5496 1088
5498 751
5502 1296
5503 1296
5506 495
5507 496
5508 497
5509 1296
5510 1296
5513 339
5516 1296
5520 1296
5540 1498
5548 616
5549 1529
5553 1296
5556 1538
5561 683
5566 470
5567 1343
5569 1296
5574 1280
5586 1539
5592 809
5594 1296
5596 1451
5609 1540
5611 1001
5612 1296
5613 729
5614 1296
5619 1243
5632 1296
5633 1266
5634 1267
5636 1296
5637 1296
5638 1129
5639 1296
5640 1009
5641 1285
5643 392
5654 1453
5655 1454
5656 1455
5657 1237
5667 1020
5669 199
5672 326
5673 1296
5679 861
5682 1296
5691 1541
5694 1296
5695 536
5700 1458
5711 730
5715 509
5722 1542
5732 1296
5733 742
5734 1296
5736 1543
5747 1296
5748 960
5749 961
5751 962
5755 1296
5762 1545
5765 1296
5766 814
5767 885
5770 1296
5773 1160
5790 1175
5801 914
5805 1548
5807 1373
5810 554
5811 1296
5824 1549
5834 1039
5836 1296
5838 1296
5839 1296
5840 366
5841 357
5849 820
5860 1296
5863 1296
5865 1296
5866 1140
5867 1143
5868 1144
5869 254
5870 1161
5872 637
5881 1296
5882 1296
5883 844
5885 1296
5901 1296
5906 1130
5907 873
5910 540
5922 1296
5923 353
5924 354
5925 1296
5929 1465
5930 797
5931 798
5932 1296
5934 731
5935 1296
5938 964
5939 965
5941 1296
5942 1296
5945 1296
5946 1296
5951 656
5954 750
5955 1296
5957 752
5958 753
5959 754
5960 378
5963 1296
5965 383
5968 1296
5969 428
5970 429
5971 430
5978 1553
5983 1296
5984 1555
5989 435
5990 436
5991 437
5992 438
5993 439
5994 440
5995 311
5996 441
6008 1296
6009 994
6021 670
6022 671
6023 672
6032 1011
6041 1296
6042 1296
6043 1296
6044 813
6045 1467
6046 1468
6053 1559
6063 370
6067 511
6068 512
6069 513
6071 1296
6076 1296
6078 463
6079 464
6080 465
6081 466
6083 1560
6089 534
6090 1296
6091 1234
6092 1006
6098 1296
6099 1229
6100 938
6107 508
6108 685
6109 1367
6110 1368
6116 1196
6137 1296
6138 1371
6139 1376
6142 1520
6143 1296
6146 946
6149 596
6155 1380
6156 1381
6157 1382
6158 1383
6159 1384
6168 1296
6169 1296
6178 1419
6184 1296
6187 985
6188 998
6189 924
6194 1296
6195 839
6198 692
6206 1296
6208 1561
6211 686
6212 1563
6216 1564
6221 1296
6228 845
6234 1566
6238 1296
6241 1250
6242 1296
6244 1296
6251 1388
6252 1389
6253 1390
6262 594
6273 623
6274 815
6284 1568
6286 1571
6297 1573
6303 1296
6305 1576
6310 925
6319 1296
6320 866
6323 1296
6328 817
6331 532
6333 819
6336 1296
6341 1577
6342 912
6343 913
6344 1296
6348 921
6354 615
6355 1296
6356 1296
6365 922
6380 799
6382 1296
6384 862
6385 1013
6387 1471
6392 1296
6393 1096
6394 1296
6396 1123
6397 1124
6399 1473
6400 1474
6401 1098
6421 1296
6442 858
6443 1296
6444 1296
6445 1296
6446 595
6448 395
6449 1296
6453 1296
6457 1296
6458 1296
6459 1296
6462 1035
6472 942
6490 1479
6492 1480
6497 687
6498 688
6499 689
6501 690
6502 691
6519 1296
6532 1296
6550 1238
6551 1296
6552 1240
6553 1002
6554 1003
6556 1296
6564 1396
6565 1482
6566 893
6568 1578
6569 678
6578 926
6581 1579
6586 1397
6588 1204
6590 1296
6592 1218
6593 700
6594 701
6595 702
6596 703
6597 704
6598 705
6599 706
6613 346
6617 741
6621 747
6628 1580
6632 923
6637 1113
6638 1296
6640 1017
6641 1484
6642 1485
6643 1296
6644 1486
6645 1487
6648 1584
6651 1136
6655 1253
6662 1296
6664 1296
6675 652
6677 1296
6678 807
6684 467
6685 468
6686 792
6687 1296
6688 1296
6707 1296
6712 894
6713 895
6714 1296
6722 1296
6730 627
6732 629
6733 630
6734 1296
6745 1195
6746 1018
6750 1585
6756 903
6757 796
6768 1282
6769 530
6770 1283
6772 886
6780 1586
6783 740
6784 1296
6785 1296
6795 989
6796 990
6797 991
6810 355
6811 1296
6812 935
6827 1493
6830 1296
6831 1132
6835 1499
6838 823
6839 1296
6843 1296
6849 1296
6870 780
6881 650
6891 1424
6904 1296
6926 1296
6927 1587
6931 1510
6937 1588
6966 1059
6967 1060
6968 1589
6972 1057
6975 1435
6983 1296
6984 1296
6998 1592
7000 1594
7010 1595
7018 365
7020 1296
7021 872
7035 1596
7036 1597
7038 1296
7039 1296
7041 653
7046 1504
7047 1505
7048 1506
7061 1198
7062 1296
7070 1598
7113 1296
7119 1015
7123 745
7124 1599
7125 1055
7128 1296
7130 1296
7137 1600
7139 761
7141 1601
7144 764
7145 765
7146 1205
7147 1511
7163 736
7165 582
7166 1514
7170 840
7171 1296
7172 1602
7176 710
7191 1193
7192 1296
7200 1296
7206 1296
7211 1523
7217 499
7218 1036
7219 889
7223 1603
7228 1296
7232 1296
7234 1232
7235 620
7240 1296
7242 949
7243 1296
7250 478
7251 1497
7253 1525
7254 1528
7260 1530
7261 1531
7263 1533
7264 1537
7266 1296
7270 1296
7321 728
7325 1604
7335 1296
7337 1021
7338 1296
7339 1051
7341 447
7356 1053
7358 1054
7369 1296
7372 358
7373 359
7374 1296
7382 535
7397 786
7401 1296
7402 939
7403 1296
7404 1296
7409 1296
7410 1296
7411 956
7412 1296
7413 1296
7415 1544
7416 1052
7420 1607
7423 371
7434 1608
7438 1547
7442 1372
7454 719
7455 720
7456 149
7463 396
7466 1139
7467 1141
7469 1142
7471 150
7472 1296
7473 695
7476 842
7477 843
7479 1058
7489 1610
7494 1611
7507 1612
7522 1296
7531 824
7533 1613
7534 1296
7535 836
7536 837
7538 833
7539 748
7540 749
7542 1296
7544 744
7548 600
7558 1552
7559 1374
7564 1554
7574 760
7581 1010
7584 1375
7590 812
7591 103
7593 1556
7594 1557
7596 1558
7597 1296
7599 1619
7620 1621
7651 349
7652 987
7653 988
7654 1518
7655 1519
7661 1296
7662 1296
7672 1296
7680 1418
7681 1296
7685 1521
7686 838
7695 1230
7696 1562
7697 888
7699 1296
7700 1296
7706 1565
7708 628
7715 1093
7716 1072
7717 1094
7718 1095
7733 1623
7737 1567
7741 1570
7747 1572
7758 606
7759 607
7760 608
7761 609
7762 610
7763 611
7764 612
7765 613
7766 614
7767 1574
7768 1575
7769 865
7772 1624
7782 952
7788 70
7789 802
7790 803
7792 804
7795 621
7806 341
7808 1296
7814 834
7816 1138
7818 1122
7823 1625
7830 1296
7837 1630
7849 1296
7850 1296
7855 1631
7856 972
7857 973
7859 1423
7874 1296
7879 1632
7884 1296
7885 1296
7902 1634
7908 1296
7909 1296
7910 1127
7911 1217
7915 1296
7918 1637
7927 1581
7928 1582
7930 1583
7934 1296
7948 1296
7953 542
7954 543
7955 1646
7969 897
7979 1016
7992 448
7993 449
8003 1025
8027 1534
8031 1650
8034 1131
8045 826
8046 827
8060 1296
8064 1651
8070 1296
8076 1652
8087 1032
8098 1296
8104 1296
8120 1296
8127 1296
8128 874
8132 929
8137 1296
8138 1296
8139 1026
8143 1591
8146 1593
8155 1653
8164 870
8165 871
8174 696
8175 1296
8182 831
8192 1656
8223 1102
8228 1296
8239 810
8240 811
8272 1657
8279 1658
8290 887
8294 1522
8302 1030
8306 825
8310 832
8316 1495
8317 1496
8319 693
8321 1526
8322 1527
8328 1535
8329 1536
8330 1532
8333 1296
8347 446
8348 1296
8362 1662
8373 890
8374 891
8375 1296
8379 936
8380 937
8381 1296
8382 1296
8385 1664
8387 1638
8390 1296
8391 955
8393 1228
8395 1605
8396 1606
8397 950
8405 585
8436 1609
8448 1666
8457 1296
8459 1296
8471 694
8479 1550
8481 1551
8487 1667
8500 1669
8502 715
8503 716
8504 717
8505 718
8506 1614
8508 1615
8509 1616
8510 1617
8511 1618
8531 1620
8548 347
8550 348
8552 1296
8554 899
8559 1296
8560 379
8568 1296
8582 1231
8587 1671
8589 1672
8607 1622
8614 1569
8621 1676
8628 1296
8642 1296
8643 1028
8656 1296
8657 1627
8658 1628
8659 1629
8662 953
8665 1422
8667 1677
8670 1296
8688 767
8694 1678
8695 1296
8700 1296
8701 1296
8702 642
8704 1296
8705 1296
8706 655
8707 1649
8711 1633
8712 1216
8714 1180
8715 1635
8716 1636
8719 1680
8722 1100
8723 1101
8732 1296
8733 1024
8750 1033
8753 541
8754 1644
8755 1645
8782 1682
8783 1681
8786 1685
8793 1296
8824 1178
8825 1179
8827 918
8829 1686
8831 1031
8840 835
8852 1223
8853 1224
8854 1296
8855 1226
8859 1692
8860 1693
8863 1296
8864 1296
8866 1590
8874 1695
8889 869
8890 577
8898 1296
8903 1696
8907 1654
8909 1655
8925 1296
8937 1073
8950 1699
8954 1703
8962 1296
8965 1705
8987 1706
9008 1659
9009 1660
9010 1661
9013 900
9015 1663
9017 697
9024 1296
9037 1707
9048 1665
9055 1296
9086 771
9089 1668
9096 1220
9101 1708
9129 1709
9130 1712
9137 1670
9155 1675
9167 1715
9169 1027
9190 1626
9193 1296
9195 1296
9197 1421
9200 1717
9202 1296
9203 1221
9204 1296
9205 1222
9208 816
9212 1719
9213 1718
9222 772
9223 773
9229 1181
9231 1182
9232 1183
9234 638
9235 1296
9236 644
9237 640
9239 1648
9242 1720
9248 1206
9249 1207
9250 1296
9251 1215
9258 1639
9260 1679
9263 1721
9271 1022
9272 1023
9279 1296
9286 1643
9288 1724
9305 841
9318 1296
9324 1647
9332 1683
9333 1684
9334 1225
9337 1687
9338 1688
9340 1689
9341 1690
9342 1691
9343 1725
9346 1727
9352 1729
9353 789
9354 1728
9355 1184
9372 1694
9390 1296
9400 1742
9422 1697
9423 1698
9432 1702
9434 877
9435 878
9436 879
9437 880
9438 1704
9443 1743
9459 1642
9473 954
9491 578
9492 579
9501 1029
9519 1746
9528 1748
9529 884
9543 1750
9560 1711
9561 1211
9562 1751
9567 1754
9571 1673
9572 1674
9589 1714
9603 1755
9606 1716
9608 1756
9618 641
9623 1212
9624 1296
9625 1213
9626 1214
9629 1296
9638 788
9639 1732
9644 1722
9645 1723
9652 1759
9659 1762
9660 1763
9662 1208
9663 1209
9664 1210
9667 1296
9668 1764
9685 1726
9712 698
9720 1737
9721 1741
9726 1765
9737 1700
9739 1701
9761 1640
9762 1641
9771 1769
9772 1770
9775 1772
9784 1733
9791 1745
9792 1710
9798 1747
9814 1749
9828 1778
9829 1752
9830 1753
9836 263
9842 1713
9844 1779
9851 1780
9857 1781
9871 1782
9891 1731
9896 1757
9897 1758
9900 1185
9903 1760
9904 1761
9947 1783
9950 1788
9952 1794
9959 1740
9970 1771
9979 1734
9980 1735
9982 1736
9987 1767
9988 1768
9997 1744
10020 1774
10021 1777
10031 1125
10032 1126
10033 1296
10034 1128
10040 264
10043 1796
10051 1797
10069 1800
10071 1730
10129 1784
10131 1786
10132 1787
10134 1789
10135 1793
10136 1738
10138 1739
10142 1801
10145 1802
10149 1766
10156 1296
10159 1296
10165 1773
10166 1775
10167 1776
10185 1795
10194 1803
10206 1798
10207 1239
10209 1799
10236 1805
10251 1806
10265 1790
10266 1791
10267 1792
10283 1186
10295 1807
10314 1812
10326 1814
10345 1815
10347 1804
10378 1817
10381 1819
10387 1811
10396 1813
10417 1822
10437 1823
10444 1816
10448 1404
10458 1824
10459 1818
10468 1825
10474 1809
10475 1810
10480 1827
10484 1828
10496 1820
10497 1821
10501 1296
10530 1829
10532 1833
10546 1808
10552 1826
10562 1834
10580 1835
10594 1838
10598 1832
10629 1839
10639 1785
10642 1842
10645 1836
10646 1837
10651 1830
10652 1831
10680 1841
10696 1845
10702 1840
10706 1846
10708 1437
10709 1438
10714 1844
10726 1852
10731 1843
10736 1855
10742 1858
10752 1848
10753 1851
10757 1860
10761 1853
10762 1854
10763 790
10764 791
10768 1856
10769 1857
10770 1546
10778 1861
10780 1862
10781 1847
10782 1849
10783 1850
10786 1859
10787 1863
10798 1866
10809 1867
10819 1864
10820 1865
