1 7
8 13
11 0
12 5
16 6
30 8
32 9
34 10
35 11
36 12
40 1
43 2
44 3
49 4
103 14
106 55
115 81
166 23
195 94
203 95
205 15
227 105
253 149
269 150
273 156
278 82
281 164
286 223
301 224
310 71
314 234
343 27
344 34
346 41
347 54
350 152
397 78
398 79
399 28
404 80
483 112
542 64
554 46
560 72
596 225
600 16
605 20
606 21
607 22
618 235
635 151
676 246
702 87
703 91
707 93
716 256
742 257
755 258
777 210
789 272
793 96
794 103
795 104
837 161
848 273
878 107
886 115
888 116
892 148
900 117
906 305
909 131
916 319
922 103
931 254
946 153
949 132
967 154
995 155
1007 320
1012 165
1073 220
1074 221
1077 135
1079 196
1081 222
1089 321
1119 106
1120 226
1121 229
1124 230
1125 231
1131 232
1139 233
1154 279
1158 328
1171 103
1197 68
1201 341
1206 24
1208 25
1209 26
1214 32
1215 33
1227 274
1231 39
1233 40
1237 42
1238 43
1239 44
1240 45
1241 53
1308 343
1350 69
1351 70
1352 76
1355 77
1364 344
1391 315
1396 346
1406 113
1410 355
1500 359
1546 365
1581 110
1582 111
1636 333
1642 366
1719 259
1742 367
1832 177
1838 368
1861 369
1866 370
1895 17
1897 18
1901 19
1912 371
1922 172
1952 372
1953 180
1967 373
2004 375
2044 193
2045 245
2101 376
2129 88
2134 89
2136 90
2176 247
2177 255
2192 62
2236 308
2313 268
2316 269
2317 270
2318 271
2320 167
2327 198
2333 100
2334 101
2335 102
2370 379
2412 159
2413 160
2416 389
2425 277
2487 390
2490 404
2497 286
2516 120
2558 114
2565 251
2571 73
2572 65
2574 145
2575 146
2576 147
2596 275
2597 293
2598 294
2600 303
2601 304
2604 316
2605 318
2609 97
2610 98
2611 99
2634 130
2652 248
2654 249
2657 250
2658 253
2662 426
2663 428
2684 170
2730 237
2753 429
2763 289
2772 181
2780 430
2783 108
2798 252
2854 438
2865 300
2871 443
2893 447
2894 195
2898 30
2911 133
2948 454
2977 85
2978 437
2987 227
2988 228
3001 455
3022 453
3040 278
3047 326
3049 327
3074 47
3114 123
3119 63
3121 67
3128 457
3133 459
3142 329
3143 50
3146 340
3153 144
3162 31
3176 310
3181 186
3186 35
3188 36
3190 37
3192 38
3196 405
3200 51
3203 52
3229 281
3284 356
3287 342
3316 350
3341 182
3366 194
3368 463
3370 74
3371 75
3375 347
3382 464
3458 287
3463 309
3465 314
3467 348
3501 349
3502 352
3504 141
3505 353
3506 354
3574 86
3593 460
3639 183
3641 357
3642 358
3681 211
3694 466
3697 410
3702 468
3719 188
3736 171
3739 109
3780 139
3790 334
3791 377
3821 391
3825 236
3908 296
3911 407
3941 122
3944 239
4016 469
4033 336
4082 396
4093 473
4094 264
4123 199
4197 176
4215 179
4217 178
4227 380
4247 136
4254 475
4269 29
4278 374
4329 243
4332 244
4333 184
4336 142
4341 191
4345 192
4465 265
4505 61
4545 306
4547 307
4619 266
4622 267
4637 476
4642 187
4644 197
4665 124
4701 240
4707 378
4722 477
4757 157
4760 158
4801 381
4802 134
4804 138
4805 382
4806 299
4807 386
4808 387
4809 388
4845 397
4847 398
4848 401
4849 402
4850 403
4860 282
4861 285
4916 137
4953 276
4955 292
4966 302
4968 317
4971 295
5004 125
5005 126
5006 129
5040 427
5047 166
5048 169
5054 83
5120 288
5126 448
5136 399
5234 441
5235 442
5249 444
5250 445
5251 446
5273 322
5293 478
5306 449
5307 452
5310 435
5321 84
5328 436
5346 283
5359 480
5360 66
5373 324
5374 325
5388 189
5441 481
5450 484
5460 392
5461 400
5462 456
5466 487
5470 458
5474 330
5475 331
5476 173
5477 332
5478 339
5481 48
5483 49
5484 143
5495 162
5496 163
5513 185
5520 488
5540 384
5541 280
5664 461
5666 462
5725 335
5727 489
5748 311
5749 312
5751 313
5786 351
5792 140
5869 92
5880 440
5921 219
5929 465
5930 408
5931 409
5934 467
5966 59
5968 219
5980 490
6148 491
6164 121
6166 238
6186 290
6194 494
6266 393
6268 394
6270 395
6277 261
6279 262
6280 263
6285 503
6292 118
6295 470
6297 471
6298 472
6306 509
6358 168
6362 513
6368 474
6375 174
6376 175
6417 406
6454 241
6455 242
6459 514
6474 516
6533 517
6537 190
6544 425
6615 519
6624 56
6626 57
6627 58
6630 60
6712 420
6770 520
6771 521
6787 510
6813 260
6832 297
6833 298
6835 385
6853 524
6854 526
6870 284
6885 528
6904 291
6914 530
6930 127
6931 128
6963 301
7021 501
7032 479
7071 337
7146 450
7147 451
7148 434
7168 323
7206 119
7207 482
7208 483
7213 485
7214 486
7224 338
7238 345
7250 383
7254 533
7258 416
7431 534
7478 439
7524 219
7529 200
7530 219
7553 535
7558 538
7563 205
7570 504
7624 539
7667 540
7669 425
7686 492
7687 493
7690 544
7729 547
7740 502
7754 505
7755 507
7756 508
7796 511
7797 512
7803 550
7862 515
7892 552
7919 518
7939 201
7960 525
8005 411
8056 555
8058 522
8059 523
8069 557
8084 527
8101 529
8164 499
8165 500
8168 560
8210 561
8252 432
8254 433
8309 360
8321 531
8322 532
8362 564
8458 568
8460 206
8461 219
8465 219
8467 218
8479 536
8480 537
8513 569
8525 541
8572 543
8601 545
8602 546
8622 506
8637 551
8638 548
8639 549
8645 556
8673 570
8710 542
8719 572
8749 425
8817 553
8819 554
8865 574
8868 219
8877 418
8888 496
8889 497
8890 498
8891 558
8893 559
8894 207
8901 578
8903 579
8940 431
8942 580
8951 583
9004 415
9008 562
9009 563
9061 586
9084 565
9085 566
9087 567
9147 212
9160 590
9260 571
9265 495
9268 591
9275 208
9279 425
9335 594
9347 573
9348 209
9362 423
9368 421
9374 602
9375 417
9391 575
9392 576
9393 577
9400 617
9424 582
9459 414
9460 202
9461 618
9474 620
9505 581
9506 584
9507 585
9536 361
9545 623
9583 589
9607 595
9638 424
9672 624
9678 419
9679 592
9680 593
9684 625
9701 601
9721 607
9722 616
9746 626
9761 412
9762 413
9780 603
9790 619
9810 621
9811 622
9813 425
9855 627
9882 588
9916 598
9951 608
9952 615
9953 610
9959 606
9964 630
10011 636
10013 422
10045 363
10063 635
10067 587
10079 628
10107 596
10108 597
10134 609
10135 614
10136 604
10138 605
10141 629
10155 637
10163 640
10188 362
10197 631
10198 632
10199 634
10207 641
10265 611
10266 612
10267 613
10286 638
10287 639
10322 633
10330 648
10376 650
10381 600
10398 647
10423 203
10424 204
10425 219
10427 217
10451 649
10457 364
10459 599
10487 646
10497 219
10498 215
10499 216
10557 654
10558 642
10560 643
10561 645
10565 213
10568 214
10618 653
10622 644
10635 659
10648 660
10658 651
10660 652
10678 655
10679 658
10701 657
10704 668
10722 656
10730 667
10748 663
10749 665
10750 666
10777 661
10778 662
10779 664
