0 5
1 5
2 5
3 5
4 4
5 4
6 4
7 4
8 3
9 3
10 10
11 11
12 9
13 6
14 7
15 7
16 7
17 7
18 8
19 8
20 9
21 8
22 8
23 8
24 8
25 8
26 7
27 6
28 11
29 6
30 6
31 6
32 5
33 7
34 7
35 7
36 7
37 7
38 7
39 7
40 7
41 7
42 8
43 8
44 7
45 6
46 1
47 6
48 7
49 6
50 7
51 6
52 9
53 8
54 8
55 13
56 8
57 7
58 8
59 8
60 11
61 11
62 12
63 12
64 12
65 12
66 11
67 11
68 10
69 10
70 9
71 8
72 7
73 7
74 7
75 7
76 6
77 5
78 7
79 0
80 2
81 1
82 3
83 2
84 10
85 9
86 10
87 9
88 9
89 8
90 9
91 9
92 9
93 11
94 11
95 10
96 10
97 9
98 8
99 9
100 8
101 11
102 10
103 10
104 10
105 11
106 11
107 11
108 11
109 11
110 10
111 9
112 8
113 8
114 8
115 8
116 8
117 8
118 8
119 8
120 7
121 2
122 1
123 13
124 10
125 6
126 6
127 5
128 5
129 4
130 3
131 3
132 2
133 2
134 6
135 1
136 4
137 1
138 7
139 1
140 0
141 7
142 7
143 6
144 7
145 7
146 7
147 6
148 6
149 7
150 7
151 6
152 5
153 6
154 6
155 6
156 5
157 5
158 4
159 4
160 4
161 2
162 2
163 2
164 1
165 0
166 4
167 1
168 9
169 1
170 0
171 3
172 3
173 3
174 7
175 7
176 7
177 2
178 2
179 1
180 6
181 3
182 1
183 0
184 1
185 1
186 9
187 8
188 7
189 0
190 0
191 1
192 1
193 2
194 2
195 2
196 2
197 1
198 1
199 0
200 1
201 1
202 0
203 2
204 3
205 2
206 2
207 1
208 0
209 13
210 13
211 13
212 13
213 12
214 11
215 10
216 6
217 1
218 1
219 0
220 10
221 6
222 6
223 5
224 4
225 5
226 1
227 2
228 4
229 3
230 3
231 4
232 2
233 2
234 2
235 2
236 1
237 0
238 0
239 1
240 1
241 3
242 3
243 3
244 2
245 0
246 9
247 5
248 1
249 4
250 4
251 3
252 0
253 1
254 0
255 2
256 1
257 1
258 7
259 8
260 3
261 1
262 1
263 1
264 0
265 3
266 2
267 2
268 2
269 2
270 2
271 2
272 2
273 2
274 2
275 1
276 2
277 3
278 2
279 1
280 3
281 2
282 2
283 0
284 4
285 2
286 0
287 6
288 3
289 0
290 1
291 1
292 5
293 1
294 0
295 4
296 4
297 4
298 4
299 3
300 3
301 4
302 4
303 3
304 3
305 2
306 2
307 2
308 4
309 4
310 4
311 4
312 4
313 4
314 4
315 4
316 4
317 4
318 3
319 2
320 1
321 0
322 1
323 2
324 1
325 4
326 4
327 9
328 10
329 10
330 9
331 9
332 8
333 8
334 8
335 7
336 7
337 6
338 3
339 3
340 2
341 1
342 1
343 0
344 1
345 5
346 4
347 1
348 4
349 1
350 1
351 1
352 0
353 5
354 0
355 1
356 1
357 6
358 1
359 2
360 2
361 5
362 6
363 6
364 5
365 4
366 4
367 4
368 3
369 2
370 1
371 1
372 1
373 0
374 1
375 0
376 0
377 2
378 1
379 1
380 1
381 0
382 4
383 2
384 1
385 0
386 2
387 1
388 5
389 6
390 5
391 4
392 4
393 0
394 1
395 1
396 0
397 2
398 4
399 4
400 3
401 1
402 1
403 0
404 0
405 0
406 0
407 3
408 0
409 3
410 1
411 1
412 0
413 4
414 3
415 2
416 1
417 3
418 3
419 3
420 2
421 2
422 2
423 2
424 1
425 1
426 5
427 3
428 4
429 4
430 3
431 3
432 2
433 2
434 1
435 0
436 0
437 2
438 3
439 5
440 4
441 3
442 3
443 5
444 4
445 4
446 5
447 4
448 4
449 3
450 3
451 2
452 3
453 5
454 5
455 4
456 3
457 3
458 3
459 2
460 2
461 1
462 1
463 1
464 1
465 0
466 1
467 1
468 0
469 6
470 5
471 6
472 6
473 5
474 4
475 3
476 2
477 2
478 2
479 4
480 3
481 2
482 2
483 1
484 4
485 2
486 2
487 2
488 2
489 1
490 0
491 3
492 1
493 1
494 1
495 1
496 2
497 2
498 1
499 1
500 0
501 1
502 0
503 2
504 2
505 1
506 0
507 3
508 2
509 1
510 1
511 1
512 3
513 3
514 2
515 2
516 3
517 2
518 1
519 0
520 0
521 0
522 1
523 3
524 3
525 3
526 2
527 3
528 2
529 2
530 2
531 1
532 3
533 0
534 1
535 0
536 2
537 2
538 1
539 1
540 1
541 0
542 5
543 1
544 0
545 3
546 2
547 1
548 1
549 0
550 2
551 0
552 2
553 2
554 5
555 5
556 5
557 4
558 4
559 3
560 2
561 1
562 0
563 5
564 3
565 2
566 2
567 2
568 3
569 3
570 2
571 2
572 1
573 0
574 0
575 2
576 1
577 1
578 0
579 0
580 3
581 1
582 0
583 1
584 0
585 0
586 0
587 1
588 1
589 1
590 2
591 1
592 0
593 1
594 1
595 2
596 1
597 1
598 0
599 1
600 2
601 3
602 1
603 1
604 0
605 1
606 1
607 0
608 1
609 0
610 3
611 2
612 1
613 0
614 2
615 2
616 1
617 0
618 1
619 1
620 1
621 0
622 1
623 2
624 2
625 2
626 2
627 4
628 3
629 2
630 2
631 2
632 1
633 0
634 1
635 1
636 1
637 0
638 0
639 1
640 0
641 0
642 1
643 0
644 1
645 4
646 1
647 0
648 1
649 4
650 4
651 5
652 4
653 3
654 1
655 0
656 1
657 0
658 2
659 3
660 4
661 3
662 2
663 2
664 3
665 2
666 2
667 1
668 0
669 1
670 1
671 0
