12 40
12 41
12 42
12 43
12 44
12 47
12 49
23 109
23 110
23 111
23 116
29 654
38 117
38 118
38 122
38 124
38 125
38 126
65 197
65 203
65 204
65 205
80 232
80 234
80 235
80 237
80 239
83 226
83 228
83 229
83 230
83 231
101 314
101 315
101 318
109 385
109 387
109 392
109 393
118 368
118 369
118 372
118 376
122 415
122 417
122 418
124 420
124 422
124 423
124 424
124 425
124 426
125 471
125 474
125 476
125 477
125 478
125 479
126 957
128 432
128 433
128 434
128 435
128 436
128 437
166 205
166 599
166 600
166 602
166 606
166 607
167 608
167 609
167 611
167 612
167 613
167 614
167 616
167 617
185 3578
221 784
229 362
229 796
229 798
229 800
229 801
229 802
231 1270
231 1271
231 1272
231 1273
231 1274
234 627
234 691
234 804
234 805
234 806
234 807
234 808
235 810
235 812
235 813
235 815
235 816
235 817
235 818
237 296
237 812
237 819
237 821
237 822
239 844
239 911
239 915
239 916
255 864
255 924
255 926
255 927
255 928
255 929
255 931
255 932
266 978
266 1012
266 1013
266 1016
266 1019
273 635
273 991
273 992
273 995
273 996
286 203
286 1074
286 1075
286 1076
286 1077
286 1079
286 1080
286 1081
301 1102
314 535
314 973
314 1120
314 1121
314 1124
314 1125
314 1126
314 1129
314 1131
314 1133
314 1134
314 1135
314 1136
314 1138
314 1139
315 1077
315 1158
315 1162
315 1163
318 669
318 1166
318 1167
318 1170
318 1172
318 1173
347 883
347 1237
347 1238
347 1239
347 1240
347 1242
347 1243
347 1244
352 700
352 1260
352 1261
352 1262
352 1264
352 1265
352 1266
369 80
369 1311
369 1313
385 1747
385 3513
385 4338
385 4339
387 1332
387 1334
387 1335
387 1337
387 1339
397 1248
397 1350
397 1351
397 1355
415 1527
423 221
423 1406
423 1408
423 1412
423 1413
424 758
424 1247
424 1427
424 1431
426 1434
426 1435
426 1436
426 1437
426 1438
426 1441
433 874
433 1125
433 1460
442 1424
442 1700
474 249
474 1539
474 1540
474 1543
476 474
476 1561
476 1562
476 1563
476 1566
476 1567
484 436
484 668
484 1573
484 1575
484 1576
484 1577
484 1578
498 41
498 978
498 1044
498 1606
498 1607
498 1609
504 1780
504 1781
504 1784
533 571
533 1136
533 1681
533 1684
533 1686
533 1687
535 422
535 1632
535 1689
535 1690
535 1691
535 1693
535 1694
535 1695
536 296
536 1441
536 1696
536 1699
556 185
556 315
556 539
556 1694
556 1737
556 1738
556 1739
556 1740
571 669
571 1777
571 1778
571 1779
575 125
575 530
575 1689
575 1798
575 1800
575 1801
575 1802
575 1803
575 1804
586 1332
586 1834
586 1836
586 1837
586 1838
599 874
611 1722
611 1888
611 1889
611 1890
611 1891
611 1892
617 649
617 1912
617 1913
617 1914
630 241
630 608
630 711
630 1817
630 1934
630 1936
649 230
649 613
649 614
649 886
649 1977
654 329
654 1824
654 1989
654 1990
654 1991
654 1992
654 1994
668 1435
668 2015
668 2016
668 2017
668 2018
668 2019
668 2020
668 2021
669 385
669 1777
669 2015
678 330
678 2069
678 2070
678 2072
678 2073
688 898
688 1258
688 2078
688 2080
688 2081
688 2082
688 2083
688 2085
691 1739
691 2106
691 2109
691 2110
691 2112
750 929
750 2249
750 2250
750 2253
750 2255
750 2256
758 205
758 1445
758 1759
758 1777
758 2263
791 992
791 2109
791 2307
791 2308
798 424
798 2340
798 2344
798 2345
821 372
821 1108
821 2072
821 2375
821 2376
821 2377
822 455
822 1699
822 2358
822 2360
832 985
832 2250
832 2331
832 2382
832 2383
842 109
842 2430
842 2431
842 2432
842 2434
842 2435
842 2436
844 2453
844 2456
844 2458
864 128
864 257
864 2413
864 2550
864 2551
882 1441
882 1962
882 2547
882 2548
882 2549
886 257
886 1406
886 1836
886 2558
886 2559
898 2824
911 932
911 957
911 1612
911 3066
911 5028
911 5357
911 5358
916 1406
916 2604
916 2605
916 2606
916 2607
922 617
922 1766
922 2049
922 2609
922 2610
922 2611
924 927
924 928
924 929
924 1158
924 1780
924 2662
924 2665
927 433
927 654
927 681
927 1563
927 2632
927 2633
928 750
928 1075
928 1077
928 1634
928 1997
928 2634
928 2636
931 2375
931 2652
931 2654
931 2657
932 2606
932 2642
932 2643
932 2644
932 2645
932 2648
935 1202
935 1824
935 2678
935 2679
935 2680
935 2681
937 2887
937 2888
985 616
985 801
985 2346
985 2753
985 2754
992 503
992 815
992 960
992 1616
992 2769
992 2772
992 2774
1003 1129
1003 1817
1003 2315
1003 2786
1003 2788
1003 2789
1019 895
1019 2762
1019 2800
1052 625
1052 2833
1052 2834
1052 2835
1052 2836
1052 2838
1052 2839
1052 2840
1076 329
1076 352
1076 1858
1076 2889
1076 2891
1076 2893
1079 1012
1079 2044
1079 2895
1080 241
1080 1260
1080 1337
1080 2669
1080 2908
1080 2909
1102 1244
1102 1365
1102 2938
1102 2939
1102 2940
1102 2941
1102 2943
1102 2944
1121 269
1121 273
1121 2987
1121 2988
1121 2989
1126 2990
1133 1248
1135 435
1135 2070
1135 2188
1135 3008
1151 779
1151 1156
1151 1403
1151 2339
1151 3050
1151 3051
1151 3052
1151 3053
1158 1313
1158 3047
1158 3049
1166 249
1166 1879
1166 3080
1166 3081
1166 3083
1167 1207
1167 1731
1167 2990
1172 185
1172 241
1172 498
1172 649
1172 1689
1172 3077
1172 3079
1193 614
1193 1003
1193 1167
1193 2331
1193 2786
1193 3100
1193 3128
1202 2679
1202 3149
1202 3150
1202 3151
1203 71
1203 286
1203 2367
1203 2458
1203 2506
1203 3137
1203 3138
1203 3140
1242 640
1242 3218
1243 614
1243 1172
1243 1408
1243 1543
1243 2822
1243 3227
1243 3228
1258 885
1258 2680
1258 3910
1258 5899
1258 5900
1258 5902
1262 125
1274 1891
1274 2059
1274 2069
1274 2070
1274 2078
1274 2410
1292 882
1292 3224
1292 3257
1292 3258
1292 3259
1305 41
1305 249
1305 832
1305 1632
1305 3283
1305 3284
1305 3285
1305 3286
1311 1158
1311 1313
1311 3047
1311 3301
1311 3303
1313 2203
1325 3322
1328 296
1328 477
1328 1424
1328 6340
1328 7735
1328 8102
1332 928
1332 1080
1332 1135
1332 1606
1332 3331
1332 3332
1332 3333
1332 3334
1332 3336
1334 503
1334 533
1334 630
1334 801
1334 1029
1334 1781
1339 221
1339 498
1339 1858
1339 3340
1339 3342
1372 600
1372 2853
1372 3397
1372 3398
1379 2764
1379 2885
1379 3417
1379 3418
1379 3419
1379 3422
1380 2259
1380 2888
1380 3272
1380 3446
1382 1798
1382 1817
1382 2102
1382 3473
1382 3475
1382 3476
1392 588
1392 600
1392 2069
1392 3478
1392 3480
1392 3481
1392 3482
1392 3483
1415 1230
1415 2659
1434 378
1435 3527
1446 613
1446 614
1446 3051
1446 3535
1446 3536
1460 5396
1460 7571
1488 2028
1488 2614
1488 3482
1488 3595
1488 3596
1488 3597
1488 3598
1488 3599
1488 3600
1512 365
1512 384
1512 1217
1512 1737
1512 3654
1512 3656
1512 3657
1517 503
1517 1258
1517 1408
1517 3658
1517 3660
1517 3661
1540 241
1540 397
1540 1562
1540 1690
1540 3720
1540 3721
1543 71
1543 779
1543 3693
1543 3695
1561 2431
1561 3481
1561 3758
1561 3759
1561 3760
1561 3761
1561 3762
1563 433
1563 3681
1563 3725
1563 3726
1607 791
1607 3792
1625 504
1625 1872
1625 2927
1625 3825
1625 3828
1625 3829
1660 65
1660 1562
1660 1668
1660 1673
1660 1802
1660 2940
1660 3862
1660 3863
1660 3864
1679 1777
1691 2150
1691 2946
1691 3902
1696 432
1696 625
1696 1039
1696 2840
1696 3277
1696 3809
1739 796
1739 2751
1739 5835
1739 7189
1740 455
1740 1037
1740 1773
1740 3963
1742 347
1742 793
1742 2790
1747 221
1747 711
1747 3595
1752 2764
1752 3398
1752 3446
1752 3984
1757 3987
1757 3988
1757 3990
1763 711
1763 2237
1763 2506
1763 3997
1763 3998
1763 4001
1766 1041
1766 5186
1766 8631
1766 8820
1766 8821
1781 654
1781 3128
1781 3682
1781 4031
1781 4032
1807 393
1807 1230
1807 3151
1807 3398
1807 3984
1807 4056
1807 4058
1814 3593
1814 4063
1814 4066
1814 4067
1814 4068
1824 1994
1824 3083
1824 6368
1830 437
1834 38
1834 436
1834 616
1834 2996
1834 3439
1837 1172
1837 2665
1837 3361
1837 4079
1837 4082
1838 347
1838 793
1840 2541
1840 4100
1881 1824
1881 2346
1881 2819
1881 3837
1881 4118
1881 4119
1888 1037
1890 330
1890 1893
1890 3047
1890 3313
1890 4058
1890 4611
1890 5857
1890 10192
1890 10805
1890 10806
1890 10807
1893 1989
1893 2376
1893 4131
1893 4133
1913 1824
1913 2764
1913 2881
1913 4156
1913 4158
1913 4159
1913 4160
1934 3437
1989 4263
1997 4092
1997 4265
1997 4266
1997 4267
2002 4273
2002 4274
2002 4275
2004 40
2004 203
2004 384
2004 1034
2004 4274
2004 4278
2016 4351
2017 301
2017 1230
2017 1962
2017 2345
2017 4293
2017 4294
2018 216
2018 1527
2018 3184
2018 3672
2018 4302
2019 457
2019 2946
2019 3218
2019 3288
2019 3327
2019 4246
2021 237
2021 613
2021 2340
2021 4295
2021 4296
2021 4297
2028 329
2028 1216
2028 3340
2028 3478
2028 3696
2028 3761
2028 4305
2028 4306
2028 4307
2029 1385
2044 1627
2044 3119
2044 3719
2044 4341
2044 4344
2044 4345
2062 3254
2062 4352
2062 4356
2073 436
2073 1102
2073 1660
2073 2939
2073 3864
2073 4367
2078 649
2078 885
2078 1722
2078 3890
2078 4375
2078 4376
2080 228
2080 2029
2080 3942
2080 4133
2080 4377
2082 3398
2082 3968
2082 4380
2083 3990
2083 4142
2083 4381
2083 4383
2085 71
2085 1274
2085 4088
2085 4387
2101 314
2102 385
2102 3507
2102 3862
2102 4159
2102 4400
2102 4401
2102 4402
2103 931
2103 1575
2103 1965
2103 4387
2103 4405
2112 3003
2112 3631
2112 4380
2112 4383
2112 4440
2112 4441
2112 4442
2149 249
2149 1328
2149 1408
2149 3320
2149 3968
2149 4464
2203 1243
2203 1365
2203 2461
2203 4508
2203 4509
2203 4510
2203 4511
2204 1013
2204 1747
2204 7800
2204 8219
2255 4558
2271 3253
2273 640
2273 1858
2273 3128
2273 3224
2273 4345
2277 1936
2277 2989
2277 3787
2277 3966
2277 4331
2277 4581
2285 819
2285 1155
2285 4597
2285 4598
2285 4599
2296 602
2296 1892
2296 4600
2296 4608
2296 4610
2296 4611
2307 932
2307 2713
2307 4614
2307 4615
2307 4616
2307 4617
2315 640
2315 688
2315 1807
2315 3966
2315 4223
2315 4630
2331 2903
2331 2927
2331 3719
2331 4657
2331 4659
2331 4661
2331 4662
2335 232
2340 1722
2340 3755
2340 4377
2340 4679
2340 4680
2340 4681
2345 812
2345 1830
2345 2634
2345 4341
2345 4583
2345 4665
2345 4667
2346 1136
2346 4417
2346 4668
2346 4669
2346 4671
2348 426
2348 2607
2348 4789
2353 649
2353 3770
2353 4677
2358 3398
2367 1217
2367 2190
2367 2307
2367 2410
2367 3361
2367 4699
2367 4700
2383 347
2383 1891
2383 2946
2383 3304
2383 3997
2383 4714
2400 2016
2400 2888
2400 4702
2400 4741
2400 4742
2410 4696
2410 4768
2413 1077
2413 1233
2413 1634
2413 4293
2418 228
2418 1418
2418 3786
2418 4774
2418 4775
2418 4776
2424 996
2424 1041
2424 1814
2424 2680
2424 4780
2430 1059
2430 3024
2430 4783
2430 4784
2430 4785
2430 4786
2435 347
2435 435
2435 3245
2435 4507
2435 4797
2435 4798
2435 4799
2458 1221
2458 2188
2458 3527
2458 4141
2460 1527
2460 1687
2460 1699
2460 4507
2460 4624
2460 4818
2461 1121
2461 1496
2461 2791
2461 2824
2461 3413
2461 4819
2461 4820
2477 635
2477 3864
2477 3897
2477 4223
2477 4827
2477 4828
2490 3821
2490 4082
2490 4845
2490 4846
2490 4847
2490 4848
2490 4849
2490 4850
2492 1962
2492 2250
2492 2819
2492 3584
2492 4852
2492 4853
2492 4854
2493 3492
2494 241
2494 503
2494 1496
2494 4864
2494 4865
2500 4780
2506 71
2506 4869
2506 4870
2541 1891
2541 1934
2541 2873
2541 4159
2541 4915
2541 4916
2541 4917
2547 4919
2548 185
2548 2903
2548 3786
2548 4158
2548 4743
2548 4921
2548 4922
2550 1714
2551 812
2551 1248
2551 3942
2551 4926
2551 4927
2558 205
2559 784
2559 1039
2559 3631
2559 3809
2559 4938
2559 4939
2574 2634
2574 2665
2574 3153
2574 4169
2574 4460
2574 4921
2580 128
2580 1936
2580 4717
2580 4946
2580 4948
2587 1247
2587 1325
2587 4592
2587 4951
2587 4952
2600 205
2600 812
2600 949
2600 2028
2600 3633
2600 4964
2600 4966
2605 1240
2605 3706
2605 4968
2605 4970
2605 4971
2633 2505
2633 4418
2633 4611
2633 4986
2633 4994
2633 4995
2634 3099
2634 3724
2634 4665
2634 5004
2634 5005
2634 5006
2634 5007
2659 1328
2659 1365
2659 3760
2659 4532
2659 5020
2659 5021
2659 5022
2662 2002
2662 2588
2662 2790
2662 3196
2662 7917
2662 8749
2680 2679
2680 5042
2680 5043
2680 5044
2680 5045
2681 3354
2681 3481
2681 4870
2681 5050
2681 5053
2687 378
2687 1325
2687 1778
2687 2885
2687 5056
2687 5057
2691 232
2691 1836
2691 4155
2691 5589
2691 6202
2691 7136
2738 433
2738 926
2738 5090
2738 5091
2738 5092
2738 5093
2751 1264
2751 3963
2751 4003
2751 4131
2751 5113
2751 5114
2753 8169
2769 640
2769 4223
2769 4377
2769 5135
2774 1203
2774 4958
2774 5130
2774 5131
2780 5136
2789 3032
2789 3218
2789 3247
2789 5171
2789 5173
2789 5174
2790 640
2790 3910
2790 4864
2790 4927
2790 5138
2790 5139
2790 5140
2791 437
2791 1365
2791 2580
2791 2642
2791 3419
2791 4871
2791 4872
2807 3507
2807 4677
2815 1134
2815 1172
2815 1637
2815 3032
2815 3079
2815 5183
2815 5184
2815 5185
2815 5186
2819 235
2819 3354
2819 5192
2819 5193
2819 5195
2828 1261
2828 2632
2828 4302
2828 5158
2828 5200
2833 613
2833 614
2833 1936
2833 2505
2833 4846
2833 5203
2833 5204
2835 602
2835 1962
2835 4039
2835 4662
2835 5205
2835 5207
2835 5208
2836 1108
2836 1840
2836 9669
2836 10713
2840 784
2840 815
2840 5207
2840 5209
2853 2772
2853 5218
2853 5219
2881 5248
2891 234
2891 2550
2891 5245
2891 5246
2893 347
2893 793
2893 5249
2893 5250
2893 5251
2902 1757
2902 2062
2902 2204
2902 4105
2902 5020
2902 5260
2902 5262
2909 1627
2909 2525
2909 4105
2909 4700
2909 5260
2909 5266
2909 5268
2927 110
2927 437
2927 640
2927 2730
2927 2828
2927 3829
2927 4115
2927 4922
2927 5130
2940 931
2940 5300
2940 5301
2943 777
2943 3254
2943 4962
2943 5293
2943 5294
2944 1798
2944 5699
2944 6111
2944 7215
2944 7389
2944 7390
2989 44
2989 629
2989 1328
2989 2112
2989 2230
2989 2873
2989 3313
2989 5396
2996 237
2996 614
2996 2348
2996 4846
3015 1687
3015 1858
3015 3809
3015 4509
3015 4907
3015 5028
3015 5350
3015 5351
3047 2924
3047 5273
3047 5372
3047 5373
3047 5374
3052 627
3052 1247
3052 2807
3052 4380
3052 4611
3052 4681
3052 4837
3052 5370
3054 784
3054 3153
3054 5375
3054 5377
3054 5378
3054 5379
3066 3711
3066 3904
3066 5055
3066 5391
3080 5407
3109 167
3109 216
3109 228
3109 302
3109 376
3109 378
3109 758
3109 1240
3109 1272
3109 1561
3109 1632
3109 1801
3109 1879
3109 1892
3109 2340
3109 2345
3109 2346
3109 2432
3109 2885
3109 2903
3109 3266
3109 3277
3109 3418
3109 3836
3109 4031
3109 4143
3109 4356
3109 4574
3109 4650
3109 4655
3109 4717
3109 4765
3109 4965
3109 5200
3109 5203
3109 5301
3109 5430
3109 5433
3109 5434
3109 5435
3109 5436
3109 5438
3109 5445
3109 5446
3128 3169
3128 3502
3128 5136
3128 5460
3128 5461
3128 5462
3134 118
3134 3090
3134 5372
3134 5471
3140 229
3140 392
3140 1016
3140 3119
3140 5473
3153 397
3153 3504
3153 5484
3156 1019
3156 1800
3156 3676
3156 3755
3156 5488
3156 5489
3196 347
3196 1757
3196 5519
3202 1962
3202 2505
3202 3483
3202 4971
3202 5405
3202 5530
3221 996
3221 1175
3221 1566
3221 1973
3221 5325
3221 7347
3221 7486
3221 7496
3224 3196
3224 3862
3229 1258
3229 1406
3229 4141
3229 5521
3229 5541
3229 5542
3229 5543
3245 796
3245 932
3245 2112
3245 4623
3245 4731
3247 1365
3247 3485
3247 5550
3247 5551
3247 5552
3247 5554
3253 869
3253 4870
3253 5558
3253 5559
3253 5560
3257 110
3257 3272
3257 3829
3257 4115
3257 5562
3281 1912
3281 3884
3281 5297
3281 5578
3285 669
3285 1001
3285 1156
3285 2190
3285 2941
3285 5579
3301 4682
3334 1722
3334 2285
3334 3336
3334 4765
3334 5620
3334 5621
3334 5622
3336 1155
3336 1258
3336 4088
3342 122
3342 1962
3342 5297
3342 5624
3342 5625
3357 2017
3357 2456
3357 3157
3357 3529
3357 5644
3357 5646
3357 5647
3365 5521
3367 40
3367 4659
3367 5375
3367 5658
3367 5659
3367 5660
3367 5661
3368 44
3368 1376
3368 1862
3368 2490
3368 2654
3368 2784
3368 3593
3368 4853
3368 4886
3368 5664
3368 5665
3368 5666
3376 110
3376 167
3376 1830
3376 2662
3376 4655
3376 5676
3376 5677
3403 700
3403 949
3403 1102
3403 3327
3403 4235
3403 4376
3403 5697
3413 2707
3413 2924
3413 4441
3413 4774
3413 5707
3413 5709
3413 5710
3418 750
3418 3485
3418 5712
3433 1936
3433 4708
3433 5131
3433 5729
3433 5730
3433 5731
3457 973
3457 1134
3457 2505
3457 4574
3457 4593
3457 4662
3457 4703
3473 124
3473 2659
3473 3839
3473 5622
3473 5761
3476 1739
3476 2250
3476 2893
3476 3821
3476 4032
3476 9872
3476 9873
3481 498
3481 832
3481 1609
3481 4293
3481 5775
3485 691
3485 2085
3485 2353
3485 4295
3485 5772
3485 5774
3491 812
3491 960
3491 1527
3491 2476
3491 5218
3491 5780
3491 5781
3491 5782
3491 5783
3502 301
3502 606
3502 3316
3502 4611
3502 4775
3502 5675
3502 5786
3504 909
3504 949
3504 2911
3504 5791
3504 5792
3521 4058
3529 3052
3529 3446
3529 5434
3529 5796
3529 5797
3529 5798
3536 479
3536 2853
3536 3446
3536 3758
3536 5799
3536 5800
3575 1151
3575 1155
3575 4003
3575 5828
3575 5829
3578 455
3578 1777
3578 3658
3578 3963
3578 5006
3578 5831
3578 5832
3597 812
3597 5391
3599 819
3599 1323
3599 1376
3599 2367
3599 3674
3599 5843
3635 185
3635 266
3635 3134
3635 9152
3635 9153
3635 9154
3656 3551
3656 3584
3656 5897
3656 5898
3657 630
3676 669
3676 4088
3676 5916
3676 5917
3676 5918
3679 700
3679 1376
3679 5911
3679 5912
3679 5913
3679 5914
3689 226
3689 2840
3689 3418
3689 3711
3689 5351
3689 5921
3708 393
3720 3083
3729 791
3729 1155
3729 1242
3729 1691
3729 4951
3729 5943
3734 1680
3734 1699
3734 2460
3734 2909
3734 5319
3734 5948
3738 2259
3738 2493
3738 6005
3748 329
3748 600
3748 1962
3748 2885
3748 2946
3748 5964
3752 167
3752 4331
3752 4789
3752 5973
3752 5974
3752 5975
3761 185
3761 478
3761 1527
3761 2308
3761 2853
3761 3163
3761 3776
3761 4119
3761 4272
3761 5565
3761 5735
3761 5985
3761 5986
3761 5987
3761 5988
3823 1788
3823 2634
3823 3376
3823 4306
3823 6050
3823 6051
3823 6052
3832 1041
3832 2471
3832 2494
3832 3320
3832 5953
3832 6054
3837 985
3837 6057
3837 6060
3839 1039
3839 1616
3839 5576
3839 5985
3839 6065
3839 6066
3857 2938
3857 6082
3857 6084
3857 6085
3857 6086
3857 6087
3857 6088
3863 234
3863 2188
3863 2226
3881 750
3881 1016
3881 5837
3881 6102
3881 6103
3881 6104
3888 931
3888 1052
3888 5488
3888 6031
3888 6105
3890 819
3890 1077
3890 1272
3890 3738
3890 4753
3890 6106
3897 286
3897 422
3897 1041
3897 4618
3897 5664
3908 1077
3908 1233
3908 1634
3908 1752
3908 2888
3908 3119
3908 4926
3908 4971
3910 1323
3910 3704
3910 6077
3920 801
3920 1416
3920 2852
3920 4886
3920 5380
3920 6132
3920 6133
3926 935
3926 1780
3926 2383
3926 4235
3926 5192
3926 5973
3926 6140
3926 6141
3934 2711
3934 2712
3934 2713
3934 4615
3934 5620
3934 6151
3934 6152
3934 6153
3968 812
3968 935
3968 5589
3968 6180
3968 6181
3968 6182
3987 3257
3987 4611
3987 4775
3987 6190
3988 204
3988 4856
3988 5781
3988 5799
3988 5902
3997 649
3997 3738
3997 5622
3997 6199
3997 6200
3997 6202
3997 6203
4026 2769
4026 5699
4027 2346
4027 4798
4027 6311
4039 1934
4039 6093
4039 6224
4066 3284
4066 3839
4066 4680
4066 5377
4066 6254
4066 6255
4066 6256
4066 6257
4067 791
4067 1243
4067 6258
4067 6259
4067 6260
4082 5460
4082 5792
4082 6264
4082 6265
4082 6266
4082 6267
4082 6268
4082 6270
4100 433
4100 1039
4100 4659
4100 6299
4107 492
4107 2580
4107 4039
4107 4965
4107 5192
4107 6301
4114 393
4114 2386
4114 5303
4114 6199
4114 6312
4139 688
4139 937
4139 1858
4139 2226
4139 4970
4139 5453
4139 6077
4142 1700
4142 6349
4155 613
4155 614
4155 649
4155 1305
4155 4846
4155 5088
4155 6357
4156 2367
4156 2927
4156 3277
4156 6097
4156 6359
4170 812
4170 5707
4170 5953
4170 6363
4223 992
4223 3897
4223 4811
4223 5658
4223 5916
4223 6260
4239 812
4239 3738
4239 3926
4239 4159
4246 2691
4246 5913
4246 6402
4246 6403
4246 6404
4254 5303
4254 5985
4254 6199
4254 6312
4254 6368
4254 6405
4254 6406
4263 1382
4263 1817
4263 6465
4274 117
4274 608
4274 3169
4274 3398
4274 3992
4274 5007
4275 1167
4275 3473
4275 5020
4275 5266
4275 6423
4275 6424
4291 1773
4291 4951
4291 4952
4291 6435
4294 302
4294 1126
4294 3598
4294 6299
4294 6436
4294 6437
4294 6438
4324 1230
4324 4486
4324 4719
4324 5357
4324 6456
4331 241
4331 2665
4331 2938
4331 4948
4331 5405
4331 6460
4331 6461
4338 109
4338 678
4338 3109
4338 5433
4341 6537
4344 1248
4344 1272
4344 4958
4344 5358
4344 6466
4344 6467
4352 1135
4352 1777
4352 2633
4352 6105
4356 1151
4356 1680
4356 3832
4356 4293
4356 5562
4356 6405
4356 6475
4356 6476
4356 6477
4363 3966
4363 4003
4363 4142
4363 6480
4363 6481
4364 1266
4364 1807
4364 2188
4364 2226
4364 4765
4375 1512
4401 6264
4401 6517
4401 6518
4401 6520
4401 6521
4401 6522
4402 6510
4402 6511
4402 6513
4402 6514
4402 6516
4416 1862
4416 3776
4416 4305
4416 4623
4416 6479
4416 6538
4417 937
4417 4849
4417 6539
4417 6542
4439 3674
4439 3904
4439 6558
4439 6559
4439 6561
4439 6562
4439 6563
4464 2285
4489 810
4489 996
4489 1151
4489 4008
4489 5973
4489 6105
4489 6587
4493 1699
4493 1914
4493 2505
4493 6600
4506 1151
4506 4783
4506 5985
4506 6097
4506 6106
4506 6635
4583 12
4583 1046
4583 5916
4583 6033
4583 6304
4583 6683
4585 627
4585 2204
4585 2636
4585 6697
4585 6698
4592 1802
4592 3056
4592 4100
4592 6180
4592 6689
4593 985
4593 1151
4593 2881
4593 6692
4593 6693
4593 6694
4593 6695
4593 6696
4610 3904
4610 5262
4610 5392
4610 9131
4610 9296
4611 5372
4611 5899
4611 6338
4617 2824
4617 4623
4617 6018
4617 6577
4617 6702
4617 6703
4620 1258
4620 6704
4620 6705
4620 6706
4620 6708
4620 6709
4620 6710
4644 978
4644 1079
4655 3322
4655 3748
4655 4274
4657 221
4657 819
4657 1379
4657 1714
4657 6102
4657 6778
4657 6779
4679 5664
4679 6748
4679 6749
4681 185
4681 2895
4681 5837
4681 6338
4681 6751
4682 397
4682 1075
4682 3277
4682 4919
4682 6600
4682 6673
4692 1202
4692 4743
4692 6752
4692 6753
4692 6754
4699 237
4699 1962
4699 6428
4699 6758
4699 6759
4699 6760
4700 2020
4700 4846
4700 6480
4700 6761
4700 6762
4700 6763
4704 3169
4704 4621
4704 6600
4704 6764
4704 6765
4704 6766
4708 71
4708 3492
4708 5248
4708 6007
4708 6790
4716 812
4716 1699
4716 5203
4716 6786
4716 6787
4716 6788
4717 6627
4717 6749
4717 6782
4727 2431
4727 3682
4727 5248
4727 6791
4731 1763
4731 5350
4731 5562
4731 5799
4731 6794
4753 1766
4753 4056
4753 9673
4753 10834
4765 476
4765 6117
4765 6815
4765 6816
4765 6817
4774 6825
4780 1460
4780 2505
4780 2824
4780 3254
4780 5799
4783 4143
4784 985
4784 2188
4784 2226
4784 6826
4811 216
4811 3482
4811 3598
4811 5200
4811 6815
4811 6834
4819 2984
4819 3674
4819 4142
4819 5113
4819 6627
4819 6841
4834 1323
4834 1527
4834 1936
4834 4239
4834 6477
4834 6708
4834 6854
4837 1830
4837 3658
4837 4681
4837 5675
4837 6148
4848 71
4848 3754
4848 5136
4848 5461
4848 6627
4848 6859
4848 6860
4852 2927
4852 6822
4852 6863
4854 1562
4854 3047
4854 3881
4854 4696
4864 2662
4864 4803
4864 6256
4864 6871
4864 6872
4865 1824
4865 6087
4865 6265
4865 6689
4865 6874
4865 6875
4865 6876
4869 128
4869 296
4869 6877
4869 6878
4870 2982
4870 8112
4870 8113
4870 8114
4870 8115
4870 8116
4870 8117
4870 8118
4874 347
4874 796
4874 3672
4874 3862
4874 6879
4919 1156
4926 5322
4946 1135
4946 2547
4946 3908
4946 5135
4946 6898
4949 4396
4949 5873
4949 6214
4949 6902
4949 6903
4958 329
4964 5301
4964 6799
4964 6911
4964 6913
4964 6915
4966 1681
4966 1700
4966 6963
5006 497
5006 1323
5006 5427
5006 6928
5006 6930
5007 2807
5017 330
5017 397
5017 1616
5017 3277
5017 3954
5017 6935
5020 1578
5020 1606
5020 6947
5043 128
5043 935
5043 1747
5043 3047
5043 3514
5043 4864
5043 4870
5043 5351
5043 5558
5043 6948
5044 8823
5050 6753
5055 228
5055 2587
5055 6260
5055 6689
5055 6953
5055 6954
5057 6955
5057 6956
5057 6957
5088 1773
5088 4592
5088 4951
5088 4952
5088 5405
5088 6435
5091 3754
5091 6031
5091 9710
5091 9711
5092 128
5092 433
5092 627
5092 1039
5092 1862
5092 4719
5092 6974
5109 1616
5109 1759
5109 7728
5109 8232
5109 8764
5109 9376
5109 10014
5113 1323
5122 122
5122 1108
5122 3119
5122 6985
5130 479
5130 1328
5130 3711
5130 5018
5130 6988
5130 6989
5130 6990
5135 960
5135 3157
5135 3881
5135 7001
5139 296
5139 5973
5139 6807
5139 7003
5139 7004
5151 1151
5173 433
5173 1039
5173 4486
5173 4611
5173 4970
5173 7042
5173 7043
5184 2492
5184 4088
5184 5917
5184 7054
5185 477
5185 478
5185 2190
5185 2941
5185 5579
5185 7012
5187 815
5187 1365
5187 3235
5187 6683
5187 6716
5192 973
5192 1323
5192 4131
5192 6822
5192 7072
5193 2836
5204 6841
5204 7073
5204 7074
5204 7075
5204 7076
5204 7077
5205 548
5205 1126
5205 3837
5205 4352
5207 658
5207 5430
5207 7031
5207 7032
5207 7034
5209 117
5209 627
5209 3446
5209 3514
5209 4747
5209 6275
5209 6456
5221 1616
5236 2204
5236 3281
5236 4682
5236 5192
5236 7106
5236 7107
5293 397
5293 1612
5293 3787
5293 6749
5297 3984
5297 3992
5297 6050
5297 7135
5297 7136
5297 7138
5308 4870
5357 7107
5357 7198
5372 3304
5372 3864
5372 6779
5373 205
5373 1239
5373 1382
5373 1632
5373 7169
5382 3881
5402 167
5402 1408
5402 3661
5402 7107
5402 7185
5424 4143
5424 4352
5424 8773
5427 7199
5428 1247
5428 1681
5428 1840
5428 3052
5428 5857
5428 7195
5435 7205
5446 1714
5446 4324
5446 5427
5446 5644
5446 6818
5453 1575
5453 1934
5453 2769
5453 3354
5453 4003
5453 4405
5453 5363
5453 5800
5453 7209
5458 1416
5488 5154
5488 6878
5488 7220
5488 7221
5512 296
5512 3257
5512 3758
5512 5884
5512 6018
5519 819
5519 885
5519 1616
5519 2230
5519 2873
5519 3439
5519 3865
5519 4307
5519 6405
5519 6600
5519 7315
5519 7316
5519 7317
5554 7265
5588 498
5588 4511
5588 4743
5588 6140
5588 7271
5588 7272
5588 7273
5588 7274
5589 1973
5589 3862
5589 4659
5589 5791
5589 7136
5589 7275
5597 3584
5621 4159
5622 1722
5622 1890
5622 2285
5622 3336
5622 3660
5622 7368
5624 3077
5624 6148
5624 6514
5624 7007
5624 7331
5624 7332
5624 7333
5625 4143
5628 2636
5630 2828
5630 3729
5630 4659
5630 6479
5630 7328
5630 7330
5642 1446
5642 2895
5642 5372
5642 6451
5642 6859
5644 205
5644 4944
5644 7350
5644 7351
5644 7352
5665 5832
5676 5621
5683 424
5683 4141
5683 4239
5683 6255
5683 6451
5683 7376
5683 7377
5683 7378
5699 6786
5712 3683
5712 4703
5712 4727
5712 6405
5712 7395
5712 7396
5772 241
5772 583
5772 2083
5772 5916
5772 7315
5782 937
5782 1323
5782 1722
5782 7425
5782 7426
5782 7427
5782 7428
5782 7429
5782 7430
5791 5884
5791 7433
5798 1892
5798 4305
5798 7197
5800 874
5800 2237
5800 4297
5800 6822
5819 2190
5820 3672
5820 6779
5820 7446
5820 7447
5820 7448
5820 7449
5820 7450
5827 2836
5831 2471
5831 6275
5831 7521
5832 1019
5832 5140
5832 7452
5837 1607
5837 2017
5837 4003
5837 5154
5837 6935
5837 6994
5837 7453
5873 1217
5873 2836
5873 4811
5873 5628
5873 6203
5873 6584
5873 7453
5873 7488
5884 1175
5884 5325
5884 7347
5884 7482
5884 7483
5884 7484
5884 7485
5884 7486
5897 2492
5897 10633
5897 10654
5897 10655
5897 10656
5900 2002
5900 4650
5900 7498
5900 7499
5900 7500
5900 7501
5911 1334
5911 2017
5911 2984
5911 6428
5911 7511
5911 7512
5911 7513
5911 7515
5916 7520
5921 7524
5926 6017
5926 8538
5926 8539
5926 8540
5940 330
5940 3413
5940 3787
5940 6600
5940 7532
5973 911
5973 1752
5973 2230
5973 4274
5973 7553
5998 2082
5998 3525
5998 6479
5998 7565
5998 7566
5998 7568
6001 1151
6001 2643
6001 3056
6001 6587
6001 7572
6001 7573
6002 3881
6002 7579
6017 1365
6017 2132
6017 3654
6017 4169
6017 4246
6017 5407
6035 5798
6077 1121
6077 3529
6077 3997
6077 5735
6077 6787
6077 7265
6077 7603
6084 167
6084 796
6084 874
6084 5800
6084 6403
6087 3908
6087 5589
6087 7334
6087 7609
6087 7610
6088 110
6088 1802
6088 7606
6088 7607
6088 7608
6097 3758
6097 5630
6097 6072
6097 8623
6097 8687
6102 1230
6102 4131
6102 6786
6102 7613
6104 5017
6104 5391
6104 6338
6104 7621
6104 7622
6104 7623
6105 2453
6105 5642
6105 7626
6105 7627
6106 6402
6111 5331
6117 2730
6117 3708
6117 3829
6117 4105
6117 5550
6117 7185
6117 7634
6122 1037
6122 3584
6122 4717
6122 5435
6122 5898
6122 5926
6122 7636
6122 7637
6122 7638
6122 7639
6132 614
6132 885
6132 1872
6132 2607
6132 3254
6132 5621
6132 7315
6132 7645
6132 7646
6135 4160
6175 4617
6175 5589
6175 6461
6175 6822
6175 7453
6175 7675
6177 71
6177 330
6177 750
6177 4623
6177 5837
6180 4846
6180 6334
6190 1562
6190 2123
6190 4951
6190 5916
6190 6214
6200 808
6200 4511
6200 5192
6200 5661
6200 6050
6200 6563
6200 6711
6200 7007
6202 937
6202 4731
6202 5154
6202 5621
6202 6935
6202 7609
6227 821
6227 4160
6227 6135
6227 7703
6227 7704
6248 204
6248 819
6248 5550
6248 7712
6248 7713
6248 7714
6255 302
6255 2895
6256 234
6256 239
6256 2018
6256 6087
6256 7726
6256 7727
6257 1575
6257 2600
6257 4405
6257 7723
6257 7724
6257 7725
6265 630
6265 1632
6265 4088
6265 4870
6265 7728
6267 1752
6267 3910
6267 6584
6267 7483
6267 7730
6276 812
6276 7724
6276 7734
6276 7735
6299 423
6299 1408
6299 2344
6301 1216
6301 3032
6301 6696
6301 7488
6301 7800
6304 1248
6304 1759
6304 2634
6304 3090
6304 5317
6304 5884
6304 7221
6332 7783
6335 864
6335 1041
6335 2888
6335 6820
6335 7506
6335 7777
6335 7778
6335 7780
6335 7781
6338 1527
6338 3514
6338 5130
6338 7785
6340 42
6340 239
6340 1747
6340 5791
6340 6711
6340 7786
6340 7787
6357 7465
6363 51
6363 185
6363 630
6363 804
6363 1382
6388 5090
6388 6711
6388 7513
6388 7611
6388 7812
6388 7813
6405 6466
6405 7209
6405 7828
6406 3439
6406 4417
6406 7824
6406 7825
6406 7827
6411 239
6411 4317
6411 4441
6411 7389
6411 7834
6425 1836
6425 3253
6425 6203
6425 7836
6428 796
6428 2984
6428 4659
6428 5521
6428 7838
6428 7839
6451 608
6451 821
6451 3119
6451 7734
6466 7858
6474 237
6474 397
6474 812
6474 5136
6474 6787
6474 7862
6479 44
6479 801
6479 996
6479 1323
6479 4624
6514 2895
6514 3682
6514 4916
6514 7647
6514 7878
6516 3258
6516 5050
6516 6097
6516 7334
6516 7571
6516 7881
6538 7893
6542 2250
6542 2353
6542 3153
6542 7894
6557 7901
6562 5453
6562 5488
6562 5560
6562 7904
6577 1914
6577 4486
6577 6018
6577 6477
6577 7907
6584 5550
6603 3047
6603 5322
6603 6461
6603 7912
6603 7913
6603 7914
6607 2002
6607 2588
6607 3151
6607 4727
6607 7916
6607 7917
6616 185
6616 1632
6616 6479
6616 7920
6616 7921
6633 2819
6633 6066
6633 6311
6633 7922
6633 7923
6633 7924
6633 7925
6693 330
6693 1962
6693 3966
6693 5589
6693 7962
6693 7963
6693 7964
6694 796
6694 1311
6694 6874
6694 8773
6694 10408
6694 10409
6696 4874
6696 5325
6696 7032
6696 7136
6696 7483
6696 7484
6696 7486
6696 7959
6696 7960
6716 329
6716 1003
6716 1233
6716 2345
6716 4123
6716 7967
6716 7968
6723 1334
6723 2434
6723 2893
6723 5297
6723 7714
6723 7975
6723 7976
6723 7977
6723 7978
6748 5560
6748 7004
6748 7986
6748 7987
6748 7988
6748 7990
6753 3881
6758 3669
6758 7315
6762 4655
6762 5797
6771 2634
6771 3100
6771 3681
6771 4665
6771 7999
6778 1175
6778 5884
6778 7136
6778 7486
6778 7496
6782 7778
6787 2662
6787 8004
6787 8005
6787 8006
6794 895
6794 2132
6794 2888
6794 4765
6794 5857
6794 7727
6794 7858
6794 8007
6815 1763
6815 2819
6815 4032
6815 4870
6815 5621
6817 8021
6822 1325
6822 4803
6822 5135
6822 7034
6822 7195
6822 7197
6825 1108
6825 7160
6825 8036
6825 8039
6826 234
6826 1569
6826 2430
6826 4682
6826 7712
6826 8030
6834 203
6834 2873
6834 5301
6834 6627
6834 7483
6841 5692
6841 6093
6841 7287
6841 7924
6841 8048
6841 8049
6841 8050
6841 8051
6848 8577
6852 5044
6852 5659
6852 8054
6852 8055
6852 8056
6854 600
6854 5157
6854 5319
6854 6411
6854 7032
6854 7238
6854 7960
6859 2836
6859 5396
6859 5543
6859 6573
6859 8062
6863 614
6863 1739
6863 5820
6863 8066
6863 8067
6875 117
6875 1627
6875 1879
6875 4753
6875 8074
6876 1217
6876 1934
6876 3100
6876 3681
6876 4665
6907 819
6907 5154
6907 7183
6907 7453
6907 7987
6907 8094
6907 8095
6909 1858
6909 3322
6909 4696
6909 7783
6909 8096
6909 8099
6928 1408
6928 1673
6928 3654
6928 5511
6928 7197
6928 7734
6928 8105
6953 385
6953 1740
6953 5213
6953 5621
6953 5940
6953 6257
6953 7426
6961 1382
6961 4293
6961 6260
6961 6822
6961 8123
6961 8124
6974 65
6974 1334
6974 1973
6974 2553
6974 7042
6974 8129
6988 2632
6988 7331
6988 8140
6989 3864
7007 3056
7007 6203
7007 8150
7027 629
7027 973
7027 5642
7027 6477
7027 7916
7027 7999
7027 8099
7042 996
7042 1266
7042 4418
7042 7257
7042 7328
7042 7483
7042 7883
7042 8172
7050 5940
7050 6257
7050 6771
7050 6815
7050 6953
7050 7453
7050 8180
7050 8181
7063 6181
7075 101
7075 3119
7075 5358
7089 931
7089 2029
7089 4141
7089 5579
7089 8200
7089 8201
7089 8202
7089 8203
7089 8204
7100 1836
7100 4874
7100 5044
7100 5088
7100 7433
7101 1872
7101 3109
7101 5523
7106 3711
7106 3849
7106 5221
7106 8216
7106 8217
7106 8218
7107 323
7112 810
7112 1997
7112 8140
7112 8220
7112 8221
7129 83
7129 185
7129 266
7129 3578
7129 5884
7129 7483
7129 9152
7129 9154
7135 2230
7160 3752
7160 8263
7161 1261
7161 4574
7161 7925
7161 8257
7161 8258
7195 2580
7195 6061
7195 6122
7195 8280
7195 8283
7195 8284
7199 497
7199 996
7199 3908
7199 4159
7199 5192
7199 5350
7199 6557
7199 8172
7199 8289
7221 3253
7221 8304
7221 8305
7222 1239
7222 1673
7222 1973
7222 5018
7222 5798
7222 7272
7222 8051
7222 8300
7225 2996
7225 3446
7225 4970
7225 6357
7225 7894
7244 330
7244 397
7244 6935
7244 7963
7244 7964
7244 8225
7244 8311
7244 8312
7255 296
7255 539
7255 5521
7255 8326
7299 1151
7299 2204
7299 4272
7299 6840
7299 8218
7299 8335
7299 8336
7299 8338
7309 2188
7309 4511
7309 7752
7315 5028
7315 7820
7315 8339
7315 8340
7315 8341
7320 1798
7342 1077
7342 2226
7342 6521
7342 8351
7342 8352
7351 2230
7351 2607
7351 2873
7351 4307
7351 4383
7351 8339
7351 8340
7351 8356
7351 8358
7354 437
7354 804
7354 5325
7354 7027
7354 8359
7361 432
7361 2588
7361 3221
7361 4486
7361 8364
7375 3669
7375 6180
7375 6577
7375 8340
7375 8370
7375 8371
7375 8372
7395 796
7395 1408
7395 6859
7395 7532
7395 8376
7395 8377
7395 8378
7405 2456
7405 2828
7405 3865
7405 6065
7405 7188
7405 8384
7424 3483
7427 2927
7428 101
7428 658
7428 1408
7428 2984
7428 3119
7428 4486
7428 4574
7428 7576
7428 8400
7428 8402
7428 8403
7428 8404
7429 3966
7429 5350
7429 7320
7429 8094
7429 8398
7429 8399
7433 1890
7433 3679
7433 5819
7433 6002
7433 8407
7433 8408
7452 1158
7452 3281
7452 3966
7452 7796
7452 8413
7453 2840
7453 2889
7453 5589
7453 6017
7453 7846
7453 7963
7453 8225
7453 8423
7483 2745
7483 8265
7483 8408
7483 8432
7483 8433
7485 437
7485 497
7485 6911
7485 8342
7485 8434
7485 8435
7496 2431
7496 8304
7496 8437
7499 1262
7499 2271
7499 2644
7499 2836
7499 4139
7499 6573
7499 8438
7506 8342
7524 3418
7524 6077
7524 6140
7524 7255
7524 7563
7524 8460
7524 8461
7528 2029
7528 3595
7528 4141
7528 8462
7528 8463
7528 8464
7549 497
7549 1930
7549 7333
7549 7376
7549 7606
7549 7647
7549 8475
7553 1612
7553 3418
7553 7524
7553 8364
7553 8461
7565 658
7565 1262
7565 2984
7565 8280
7565 8490
7573 8491
7573 8492
7573 8493
7602 4803
7602 4870
7602 5560
7602 8520
7605 2840
7605 3881
7605 6766
7605 7138
7606 71
7606 8338
7607 8523
7608 3083
7608 6705
7608 8437
7608 8524
7608 8525
7608 8526
7611 3711
7611 6573
7611 7883
7611 8527
7611 8528
7611 8529
7618 3998
7626 2453
7626 2745
7627 1334
7627 3525
7627 7106
7627 8376
7627 8534
7637 221
7637 1166
7637 8185
7639 315
7639 2307
7639 5157
7639 7913
7639 8744
7639 9178
7682 2607
7682 2815
7682 4727
7682 5136
7682 5303
7682 6607
7682 7917
7682 8565
7690 1077
7690 7521
7690 8525
7690 8572
7690 8573
7691 8581
7692 1325
7692 1800
7692 2204
7692 4141
7692 5391
7692 8152
7692 8574
7692 8575
7703 2738
7703 6778
7703 8551
7713 8591
7719 239
7719 1486
7719 1893
7719 3761
7719 3821
7719 5184
7719 8592
7724 1037
7724 1134
7724 1973
7724 5878
7724 7101
7724 8524
7724 8597
7727 5878
7727 6001
7727 7960
7727 8593
7727 8594
7727 8596
7732 2123
7732 3492
7732 6848
7732 7905
7732 8606
7734 2873
7738 909
7738 1041
7738 2078
7738 2432
7738 3529
7738 8608
7738 8609
7752 3281
7752 5675
7752 8214
7752 8526
7752 8620
7781 53
7781 1239
7781 3890
7781 5319
7781 6878
7781 8626
7781 8627
7783 8629
7787 329
7787 5405
7796 1039
7796 2600
7796 3056
7796 8280
7796 8547
7805 1136
7805 1175
7805 5488
7805 8606
7805 8640
7817 257
7817 1408
7817 7521
7817 8631
7817 8646
7817 8648
7827 8553
7834 8202
7836 1714
7836 2541
7836 7752
7836 8779
7836 9014
7836 10394
7836 10395
7858 700
7858 2819
7858 3184
7858 4003
7858 4032
7858 6122
7858 8687
7876 1075
7876 1323
7876 5550
7876 8677
7876 8678
7878 2493
7878 8681
7883 1240
7883 10128
7894 2123
7894 3706
7894 6007
7894 7511
7894 8318
7894 8696
7894 8697
7917 8713
7922 600
7922 5424
7922 8717
7922 8718
7922 8720
7929 241
7929 266
7929 807
7929 1778
7929 4142
7929 8293
7929 8727
7937 869
7937 1039
7937 1240
7937 1248
7937 1934
7937 8734
7959 83
7959 266
7959 6334
7959 7894
7959 8758
7959 8759
7959 8760
7960 2730
7968 3525
7968 6479
7968 7858
7968 8303
7968 8764
7968 8765
7999 296
7999 1700
7999 2553
7999 2946
7999 4142
7999 4169
7999 8777
8004 1264
8004 1527
8004 1562
8004 5301
8004 8534
8004 8687
8005 8778
8007 239
8007 1151
8007 3247
8007 4655
8007 7320
8007 8779
8021 7405
8021 8413
8021 8795
8021 8796
8030 234
8030 1607
8030 5135
8030 5719
8030 8800
8030 8801
8030 8802
8052 8813
8056 600
8056 1233
8056 1673
8056 3864
8056 7112
8056 7783
8056 8817
8056 8818
8056 8819
8069 205
8069 5699
8069 6841
8069 8596
8069 8645
8069 8826
8085 3966
8085 4798
8085 6190
8085 7783
8085 8781
8085 8838
8085 8839
8093 1166
8093 2873
8093 3881
8093 4383
8093 6525
8093 7468
8093 8648
8093 8841
8124 812
8124 4621
8124 6557
8124 7428
8124 8861
8158 125
8158 2853
8158 8214
8158 8878
8158 8879
8158 8880
8158 8881
8158 8882
8167 2002
8167 2889
8167 7446
8167 10022
8167 10522
8169 6190
8169 8629
8169 8744
8169 8781
8169 8839
8169 8897
8185 8717
8185 9490
8201 1699
8201 1763
8201 2285
8201 8623
8204 1134
8204 4383
8204 7346
8204 8304
8204 8359
8204 8918
8204 8919
8218 3828
8218 5195
8218 6479
8218 8924
8225 669
8225 3151
8225 8932
8230 1632
8230 4617
8230 6117
8230 6405
8230 6985
8230 8721
8232 1441
8232 6557
8232 8759
8232 8897
8232 8930
8232 8931
8257 3674
8257 4610
8257 5350
8257 5363
8258 3890
8258 5710
8258 8941
8258 8942
8258 8943
8258 8944
8263 669
8265 669
8265 2028
8265 2541
8265 5331
8293 1616
8293 2453
8293 3934
8293 7468
8293 7488
8293 8924
8293 8968
8303 1416
8303 5913
8303 7618
8303 8977
8303 8978
8326 883
8326 3578
8326 5297
8326 7446
8326 8813
8326 8986
8338 2665
8338 2943
8338 5458
8338 8185
8338 8989
8338 8994
8342 1634
8342 2112
8342 6525
8342 8623
8342 8784
8349 4383
8349 8185
8349 8416
8349 9004
8349 9005
8349 9006
8351 2188
8351 8675
8351 9007
8365 167
8372 7488
8404 8936
8408 9031
8434 895
8435 8342
8437 4380
8437 8526
8437 9041
8437 9042
8441 796
8441 4066
8441 5916
8441 9036
8441 9038
8441 9040
8444 2989
8461 329
8461 8158
8461 9058
8490 3056
8490 3729
8490 4574
8490 4696
8490 8441
8490 8780
8490 8781
8491 2580
8491 7836
8491 8681
8491 10414
8492 614
8492 1323
8492 2505
8492 9081
8492 9082
8492 9083
8513 203
8513 378
8513 1872
8513 6994
8513 7032
8520 204
8520 1041
8520 1527
8520 3711
8520 9098
8520 9099
8523 6562
8527 378
8527 1699
8527 3245
8527 7075
8527 7963
8527 8968
8528 869
8528 4380
8528 4970
8528 6007
8528 8939
8528 9042
8540 583
8540 1001
8540 2383
8540 2386
8540 5209
8546 6705
8546 9115
8546 9117
8558 1248
8558 1738
8558 5084
8558 7225
8558 8342
8558 9040
8558 9119
8567 376
8567 1244
8567 1274
8567 3247
8567 3635
8567 9127
8572 832
8572 2753
8572 6787
8572 9128
8573 2018
8573 4610
8573 9131
8574 1699
8574 2456
8574 2580
8574 4380
8574 4703
8574 4818
8574 8876
8577 6311
8577 8773
8577 8876
8581 7003
8581 8185
8581 8596
8581 9135
8581 9136
8597 7607
8616 3748
8616 7185
8616 8763
8616 9151
8617 83
8617 185
8617 266
8617 3578
8617 5884
8617 7483
8617 9152
8617 9153
8617 9154
8668 7197
8668 9211
8673 985
8673 1838
8673 4254
8673 4916
8673 5918
8673 9207
8675 796
8675 7086
8675 9154
8675 9687
8675 10022
8677 424
8677 1372
8677 5139
8677 5511
8677 5735
8677 6577
8677 6841
8677 9210
8678 2605
8717 4380
8717 4611
8717 4970
8717 7724
8717 8596
8717 8939
8717 9259
8718 230
8718 1001
8718 1217
8718 8039
8718 9261
8718 9262
8730 504
8730 4630
8730 6790
8730 7330
8730 8342
8730 9265
8734 23
8734 1382
8734 4696
8734 5692
8734 5729
8734 9265
8734 9266
8734 9267
8735 167
8735 2885
8735 3525
8735 4617
8744 5301
8744 8304
8744 9274
8749 4951
8749 7752
8749 9004
8751 185
8751 266
8751 3134
8751 3578
8751 5884
8751 7483
8751 9152
8751 9153
8764 1973
8764 8713
8764 9283
8764 9284
8765 9285
8773 5379
8773 8366
8773 10663
8773 10664
8773 10665
8773 10666
8777 4692
8778 4719
8778 5001
8778 7565
8778 9007
8778 9293
8778 9294
8784 8819
8784 9296
8784 9297
8802 23
8802 497
8802 1108
8802 9303
8802 9304
8813 323
8813 5372
8813 10081
8821 65
8821 2204
8821 7255
8821 7485
8821 9311
8821 9312
8823 44
8823 8351
8823 8737
8823 9313
8823 9314
8823 9315
8826 167
8826 6790
8826 8326
8826 8343
8826 8406
8826 9316
8826 9317
8839 1155
8839 1435
8839 4486
8861 53
8861 5642
8861 6105
8861 9021
8873 8546
8879 110
8879 296
8879 478
8880 110
8880 1731
8880 7483
8880 9376
8880 9378
8885 2662
8885 5380
8885 8735
8885 9379
8885 9380
8888 1691
8888 8263
8888 9128
8888 9265
8896 1687
8896 6517
8896 8526
8896 9276
8896 9387
8896 9388
8896 9389
8897 6848
8897 6994
8897 7275
8918 6102
8919 5735
8938 83
8938 185
8938 266
8938 3578
8938 7483
8938 8675
8938 9152
8938 9154
8943 9414
8944 2018
8944 6584
8944 7565
8944 9412
8944 9413
8951 777
8951 5916
8951 7607
8951 9424
8977 424
8977 1372
8977 8490
8978 4493
8978 7921
8986 9447
8989 895
8989 2458
8989 2996
8989 5658
8989 7429
8989 7490
8989 9446
8994 3354
8994 8553
8994 9448
8994 9449
8994 9450
9004 3681
9004 6953
9004 8005
9007 6705
9021 3196
9021 4066
9021 4624
9021 9471
9021 9472
9047 1134
9047 3829
9047 6299
9047 7883
9047 9117
9047 9330
9047 9490
9058 8074
9083 1814
9083 4798
9083 8217
9083 9526
9083 9527
9094 2939
9094 5260
9094 7692
9094 8897
9094 9165
9094 9359
9094 9360
9094 9361
9094 9362
9094 9363
9131 617
9131 1486
9131 4719
9131 5262
9131 7188
9131 8250
9131 9547
9131 9563
9144 3857
9144 6510
9144 8124
9144 9356
9151 323
9151 630
9151 3578
9151 5659
9151 6957
9152 1003
9152 5154
9152 9570
9153 314
9153 1244
9153 4750
9153 5511
9153 6102
9153 9853
9154 8720
9175 185
9175 266
9175 3134
9175 3578
9175 5884
9175 7483
9175 9152
9175 9153
9175 9154
9181 4441
9181 6762
9181 8216
9181 9592
9181 9593
9181 9595
9181 9596
9207 4696
9207 8520
9207 9395
9224 423
9224 1625
9224 3478
9224 6299
9224 8558
9224 9612
9224 9613
9243 8293
9259 83
9259 266
9259 5884
9259 7483
9259 9153
9259 9154
9262 315
9262 6248
9262 6254
9262 6255
9262 9630
9262 9631
9267 2018
9267 3706
9267 7185
9267 7330
9267 9632
9267 9633
9267 9634
9276 83
9276 185
9276 266
9276 3134
9276 3578
9276 5884
9276 9152
9276 9153
9276 9636
9293 83
9293 2873
9293 3658
9293 4254
9293 7361
9293 9647
9304 365
9304 1962
9304 2021
9304 3881
9304 6097
9304 8551
9304 9570
9309 1155
9309 1890
9309 3696
9309 8773
9309 10609
9309 10610
9311 83
9311 205
9311 266
9311 3134
9311 5709
9311 5884
9311 6758
9311 7483
9311 9152
9311 9153
9314 2017
9314 6104
9314 6935
9314 9661
9316 1258
9319 125
9319 2680
9319 2738
9319 8813
9319 9395
9319 9665
9356 2790
9356 7488
9356 7894
9356 9357
9361 9687
9363 2819
9363 4655
9363 9006
9363 9688
9363 9689
9363 9690
9367 1202
9367 2888
9367 8968
9367 9371
9378 1408
9378 3598
9378 7883
9379 7331
9379 8293
9379 9095
9379 9703
9379 9704
9379 9705
9379 9706
9380 301
9380 1418
9380 5262
9380 6017
9387 296
9387 420
9387 9740
9404 2471
9404 2505
9404 5184
9404 6104
9404 8773
9404 9728
9404 9729
9404 9730
9405 617
9405 2123
9405 9040
9405 9725
9405 9727
9412 239
9412 3184
9412 3258
9412 3864
9412 5916
9412 10325
9412 10374
9418 602
9418 2400
9418 7351
9418 9079
9420 6097
9424 8169
9424 9154
9424 9505
9429 10192
9461 397
9466 3787
9476 5173
9476 7185
9476 9779
9490 455
9490 7238
9490 7511
9490 8225
9490 9727
9541 5427
9541 7058
9541 7682
9541 8203
9541 9448
9541 9804
9541 9805
9542 548
9542 2339
9542 2888
9542 4703
9542 6779
9542 9357
9544 422
9544 1144
9544 1175
9544 7086
9544 9818
9544 9819
9544 9820
9547 1244
9547 7032
9547 8490
9547 9144
9547 9816
9547 9817
9565 2259
9565 5913
9565 9858
9583 2853
9583 6061
9583 7257
9583 7333
9586 4139
9586 5658
9586 7490
9586 7963
9586 8763
9586 9151
9620 3247
9620 3304
9620 8616
9620 8978
9620 9870
9633 329
9633 2315
9633 5530
9633 8818
9633 9883
9633 9884
9634 4418
9634 4714
9634 7488
9634 8573
9634 9887
9636 71
9636 9095
9661 1836
9661 3245
9661 8735
9661 9905
9683 718
9683 1144
9683 1606
9683 9021
9683 9194
9683 10222
9698 1609
9698 1912
9698 2786
9698 5397
9698 8366
9698 9928
9705 1217
9705 2853
9705 9972
9706 3376
9756 3578
9756 7331
9756 8677
9756 9450
9756 9976
9756 9977
9756 9978
9758 124
9758 128
9758 478
9758 6097
9758 9984
9779 2553
9779 8232
9785 985
9785 1606
9785 3881
9785 7894
9785 9665
9785 9673
9812 4160
9824 4848
9824 5109
9824 6202
9824 9687
9824 10015
9824 10016
9825 1323
9825 5707
9825 6525
9825 8581
9825 10017
9834 1207
9834 2132
9834 3253
9834 9826
9834 10022
9834 10024
9834 10025
9843 1836
9843 3654
9843 6086
9843 6525
9843 8720
9843 9749
9843 10028
9845 4708
9845 7333
9845 8758
9845 9847
9847 548
9847 3829
9847 8713
9847 8873
9847 10035
9847 10036
9854 118
9856 1778
9856 6703
9856 8434
9856 9303
9884 393
9884 2840
9884 4750
9884 7225
9884 8763
9893 10079
9894 302
9894 1351
9894 4159
9894 5213
9894 10072
9894 10073
9898 296
9898 7169
9898 9669
9898 10083
9898 10084
9905 7255
9905 10086
9905 10087
9905 10088
9905 10089
9908 83
9908 128
9908 1134
9908 1788
9908 6423
9908 8751
9908 9079
9908 10093
9908 10094
9910 7858
9910 9612
9910 9697
9910 10097
9910 10098
9910 10099
9910 10100
9926 1814
9926 6841
9926 10072
9926 10112
9926 10113
9931 1003
9931 1930
9931 2456
9931 6841
9931 8289
9931 10116
9931 10117
9938 8942
9938 10139
9946 1230
9946 8005
9946 10126
9946 10127
9960 1607
9960 6794
9960 7621
9960 8951
9964 1158
9964 2580
9964 4965
9964 9144
9964 10141
9968 8372
9977 10146
10016 10164
10022 718
10022 1144
10022 5043
10022 8183
10022 9687
10022 10172
10022 10173
10024 10168
10025 2230
10025 3683
10025 8873
10025 9819
10025 9994
10025 10169
10025 10170
10025 10171
10030 2644
10030 4295
10030 7858
10030 7963
10030 8977
10030 10175
10035 7188
10036 241
10036 1616
10036 6259
10036 8214
10066 397
10066 5001
10066 6057
10066 9705
10066 10203
10066 10204
10066 10205
10072 4159
10072 10172
10072 10229
10073 1824
10073 7101
10073 7222
10073 10224
10073 10225
10073 10226
10073 10227
10073 10228
10079 2634
10079 9960
10081 65
10081 1248
10081 4056
10081 6007
10081 8423
10083 4621
10083 6607
10083 8553
10083 10235
10083 10237
10083 10238
10083 10240
10096 4765
10116 8881
10116 10258
10127 5407
10128 6104
10133 1412
10133 2738
10133 2895
10133 2938
10133 5550
10133 10263
10139 9095
10139 9412
10139 9990
10139 10290
10140 6097
10140 7188
10140 10271
10140 10272
10141 2769
10141 5021
10141 5303
10141 8513
10141 10079
10141 10276
10147 2410
10147 3507
10147 5358
10147 8758
10147 9207
10147 9884
10155 7238
10170 3376
10170 3504
10170 8998
10170 9154
10170 10291
10170 10292
10170 10293
10173 4775
10173 5262
10173 9704
10173 10297
10173 10299
10186 583
10186 1625
10186 4630
10186 8591
10186 8764
10186 9634
10186 10006
10203 4159
10203 7627
10203 10313
10225 3525
10225 9636
10225 9740
10225 10335
10225 10336
10225 10337
10226 7858
10238 4621
10238 5001
10238 5964
10238 7199
10238 7858
10238 9547
10238 10357
10238 10358
10244 1144
10244 1175
10244 4624
10244 9128
10244 10351
10252 1202
10252 2016
10252 3754
10252 4798
10252 6787
10252 8491
10252 9826
10258 1261
10263 1075
10263 1625
10263 2431
10263 8227
10263 10354
10263 10355
10268 996
10268 1242
10268 1800
10268 5719
10270 42
10270 1244
10270 3218
10270 4719
10270 9740
10271 2456
10271 10361
10271 10362
10271 10363
10272 1890
10272 7199
10272 7608
10272 10377
10276 1079
10276 3083
10276 3776
10276 8528
10276 9490
10276 10367
10280 216
10280 718
10280 1175
10280 6703
10280 10368
10284 4139
10292 4223
10292 5021
10292 7309
10292 7858
10292 9128
10292 9365
10306 1994
10306 2062
10306 2989
10306 5819
10306 7112
10306 9801
10313 10386
10321 614
10321 1261
10321 2471
10321 4416
10321 9120
10330 1074
10330 1888
10330 6577
10330 7347
10330 8977
10330 10398
10336 8765
10336 10405
10336 10406
10336 10407
10337 10402
10349 1747
10349 4699
10349 6017
10349 7375
10349 10626
10351 1731
10351 3254
10351 3514
10351 3819
10351 5916
10361 1415
10361 1853
10361 1858
10361 3881
10361 10420
10361 10421
10363 3439
10368 1740
10368 3253
10368 7482
10368 9094
10368 10170
10368 10431
10377 1632
10377 5857
10377 9547
10377 10440
10377 10441
10377 10442
10377 10443
10397 1441
10397 7728
10397 9636
10397 10482
10397 10483
10397 10485
10397 10486
10398 10487
10403 588
10403 4039
10403 8183
10403 10440
10403 10490
10410 1039
10410 6791
10410 8365
10410 10411
10410 10412
10421 3322
10431 10519
10431 10524
10431 10525
10441 9512
10441 10440
10443 978
10443 2132
10443 3361
10443 9512
10443 10126
10443 10477
10443 10519
10443 10521
10445 3047
10445 5424
10445 6267
10445 7188
10445 8491
10445 10522
10445 10523
10450 8434
10456 4159
10456 4916
10456 5630
10456 5911
10456 6822
10460 315
10460 4753
10460 7376
10460 10461
10460 10462
10460 10463
10460 10464
10463 2580
10463 7752
10463 10521
10463 10535
10463 10537
10464 2753
10466 2458
10466 6423
10466 9210
10466 10410
10481 5543
10481 7333
10481 9472
10481 9843
10481 9884
10481 10554
10483 4139
10483 5001
10483 9049
10483 10406
10483 10557
10487 378
10487 9855
10487 10203
10487 10558
10487 10560
10487 10561
10498 777
10498 2634
10498 3681
10498 10565
10498 10568
10500 812
10500 4719
10500 6121
10500 10523
10500 10551
10500 10569
10503 8217
10503 8342
10503 8826
10503 9894
10507 6703
10507 10570
10507 10571
10507 10572
10507 10573
10507 10575
10507 10576
10509 4798
10514 3934
10514 4039
10514 4970
10514 6363
10514 7058
10514 7602
10521 1788
10521 3864
10521 7426
10521 10440
10521 10519
10521 10592
10521 10593
10537 10519
10539 5017
10539 7012
10539 10263
10539 10600
10540 7796
10554 118
10554 2492
10554 4608
10554 5897
10554 8169
10554 10441
10557 1824
10557 2078
10557 7606
10557 10618
10557 10619
10561 9319
10561 10622
10569 330
10569 9094
10569 9266
10569 10325
10569 10625
10569 10626
10575 10354
10590 378
10590 978
10590 1738
10590 3253
10590 10626
10590 10643
10590 10644
10593 314
10593 1858
10593 2028
10593 7719
10593 10172
10593 10507
10609 378
10618 44
10618 777
10618 1773
10618 7185
10618 8942
10618 10658
10618 10660
10619 614
10619 2123
10619 3595
10619 4846
10619 10661
10626 10670
10626 10672
10635 4916
10635 8998
10635 10450
10635 10678
10635 10679
10654 926
10654 7012
10654 8351
10654 8543
10654 10684
10654 10685
10655 7031
10655 9316
10655 9472
10655 10477
10655 10592
10655 10644
10661 2840
10661 3281
10661 10141
10661 10377
10661 10686
10661 10687
10663 2836
10663 5433
10663 5542
10663 8366
10663 10561
10663 10670
10663 10691
10679 273
10679 6758
10679 9894
10679 10701
10684 6758
10686 10707
10701 1003
10701 2927
10701 7058
10701 7238
10701 9547
10701 10722
10723 1766
10723 10666
10723 10743
10723 10744
10723 10745
10730 606
10730 2605
10730 7960
10730 9740
10730 10748
10730 10749
10730 10750
10743 10799
10745 7605
10745 7878
10745 9296
10745 10457
10745 10774
10745 10775
10746 2431
10746 4396
10746 5195
10746 7287
10746 9960
10746 9994
10746 10776
10748 2062
10748 10660
10748 10777
10749 3327
10749 6841
10749 7238
10749 7703
10750 1934
10760 397
10760 4352
10760 5897
10760 7682
10771 978
10771 5115
10771 8318
10771 9687
10771 10535
10771 10792
10771 10793
10771 10794
10771 10795
10773 2607
10773 8232
10773 9314
10773 10456
10773 10796
10773 10797
10774 1890
10774 4274
10774 4753
10774 7605
10774 10775
10774 10800
10774 10801
10776 9665
10776 10394
10776 10802
10776 10803
10784 10810
10796 4239
10796 10817
10796 10818
10797 2285
10797 4352
10797 4798
10797 7241
10797 9006
10797 10855
10797 10856
10805 4441
10805 10398
10805 10821
10805 10822
10805 10823
10805 10824
10810 7724
10827 4699
10827 6790
10827 7255
10827 10133
10827 10440
10827 10803
10827 10836
10830 1074
10830 1217
10830 1578
10830 3184
10830 5358
10830 10126
10830 10583
10830 10727
10836 10841
10841 10844
10841 10845
10841 10846
10841 10847
10841 10849
10841 10850
10844 2112
10844 4798
10844 5405
10844 9592
10844 10859
10844 10861
10845 606
10845 3218
10845 10293
10846 2947
10846 3839
10846 4294
10846 4952
10846 5391
10846 10862
10846 10863
10849 9144
10849 10865
10855 1714
10855 4696
10855 9297
10855 10866
10855 10867
10855 10868
10863 10877
10874 583
10874 1634
10874 5543
10874 9711
10874 10875
10874 10876
