10 1342
11 924
16 21
39 312
66 349
72 1150
76 654
87 1362
102 52
112 1370
115 30
134 50
136 4
139 5
141 12
142 13
143 14
144 1342
149 82
151 408
152 1339
155 289
156 290
157 309
160 310
161 97
163 311
176 275
181 1380
195 1382
206 641
207 648
208 649
210 650
211 65
212 651
214 652
215 653
217 1290
218 1386
224 817
240 562
245 852
246 681
247 635
248 1361
275 318
278 1381
289 1342
307 566
313 513
316 1342
319 363
321 1387
322 172
334 1344
335 1342
339 121
351 141
353 228
355 1367
357 1368
358 1342
359 1369
360 1390
364 536
370 19
371 899
374 818
377 15
381 368
388 559
389 1391
390 1342
395 22
396 23
398 24
399 25
400 26
401 27
402 28
404 29
413 1342
416 137
419 1343
431 313
456 339
458 1400
460 425
466 231
472 1401
502 6
508 7
509 8
511 11
514 16
517 17
518 18
519 1342
520 39
534 66
559 291
560 292
561 271
563 307
564 308
570 1342
589 1402
605 1351
641 273
642 238
643 61
644 62
645 274
653 938
655 1371
656 1374
657 1378
659 528
660 1342
661 1342
662 1379
664 614
683 1403
685 1342
701 1116
705 1342
714 147
720 128
731 133
734 323
741 181
743 642
744 287
746 643
747 645
749 67
751 646
752 647
756 103
759 91
769 1383
770 1384
771 947
772 321
773 1385
786 680
799 1404
814 297
824 239
825 1407
828 84
833 134
843 298
845 561
846 132
848 51
856 1345
858 1360
860 196
876 739
891 1412
896 1415
899 941
917 1326
923 1342
947 175
950 431
953 324
955 1342
965 1125
971 1342
980 85
990 1342
994 1416
997 314
998 207
999 315
1000 316
1002 317
1006 248
1010 1417
1015 1342
1040 1418
1048 1353
1065 1186
1066 20
1068 1342
1069 426
1070 1342
1071 1286
1086 1342
1092 1421
1099 222
1105 1014
1113 1435
1115 479
1123 1342
1127 1010
1140 1342
1142 496
1147 1269
1157 436
1174 1363
1199 75
1200 1342
1201 473
1204 254
1211 364
1213 1436
1215 1388
1245 1439
1246 1342
1249 138
1252 1342
1267 127
1269 424
1275 567
1276 633
1277 634
1278 76
1281 1342
1282 416
1283 730
1284 1364
1286 1365
1287 1366
1288 1258
1290 1259
1293 657
1295 226
1297 281
1298 1389
1304 184
1310 140
1312 92
1320 365
1321 366
1324 254
1326 367
1330 1342
1338 135
1341 1067
1342 1282
1343 1287
1344 122
1345 575
1346 1288
1349 47
1356 406
1361 1441
1363 1443
1367 1164
1369 353
1375 1447
1384 751
1387 1453
1389 1159
1398 205
1399 638
1401 1342
1402 853
1404 123
1405 163
1407 9
1442 768
1455 1342
1458 1459
1470 1460
1481 1283
1483 514
1485 954
1487 1342
1508 1160
1515 1173
1516 1398
1519 1399
1520 1302
1521 1461
1531 1035
1532 232
1548 617
1555 1473
1558 1342
1560 787
1579 1342
1600 689
1602 142
1604 1268
1605 1342
1633 1342
1641 169
1653 1289
1655 1342
1656 1342
1657 1342
1658 478
1659 216
1670 1342
1677 1342
1692 1296
1698 533
1704 322
1705 676
1706 1510
1708 1174
1725 1511
1730 402
1735 1512
1736 1514
1741 79
1749 294
1753 295
1754 296
1755 299
1756 306
1767 1515
1769 873
1771 227
1775 1517
1782 1522
1783 1523
1790 154
1805 1342
1812 1462
1816 10
1822 263
1825 1524
1839 1342
1849 1545
1852 1422
1857 740
1859 1547
1894 1346
1895 1347
1896 202
1898 1348
1899 504
1900 966
1901 1349
1902 1350
1907 86
1919 246
1920 1549
1933 420
1940 1342
1948 1557
1969 1128
1970 272
1975 1419
1976 904
1978 1561
1982 64
1988 579
1995 1375
1996 300
1998 96
1999 1376
2000 1377
2001 1342
2003 1271
2014 1373
2031 136
2040 1563
2041 1564
2042 769
2050 1265
2051 581
2052 1342
2053 68
2054 143
2055 529
2057 1342
2058 69
2063 1565
2075 83
2076 427
2077 1585
2086 53
2087 54
2088 55
2089 56
2091 60
2092 63
2093 1342
2095 1262
2100 1586
2111 411
2116 1342
2119 1587
2125 120
2127 1342
2140 217
2141 218
2142 219
2152 354
2159 1595
2167 1025
2172 144
2173 145
2174 146
2182 1310
2183 1596
2193 482
2208 129
2232 279
2233 280
2235 109
2236 286
2238 236
2241 237
2242 644
2261 1598
2264 1600
2267 1601
2269 1602
2311 230
2343 1342
2347 1603
2359 1342
2362 252
2379 1342
2381 1409
2390 1608
2399 1610
2417 1612
2422 1613
2438 743
2439 951
2459 130
2462 131
2469 212
2473 936
2478 93
2479 1342
2480 1352
2481 1354
2482 1359
2498 677
2501 678
2502 530
2503 679
2514 909
2520 1342
2523 1616
2533 1622
2540 1525
2543 126
2552 1342
2557 1623
2560 159
2561 953
2562 1410
2563 1411
2577 1413
2578 1414
2581 592
2594 1624
2599 1474
2601 505
2602 1342
2615 690
2616 691
2617 48
2619 1342
2630 1625
2635 711
2646 745
2647 211
2650 254
2656 254
2658 467
2661 1342
2670 779
2682 1626
2706 1627
2709 1628
2716 491
2717 492
2718 494
2721 177
2731 269
2733 270
2734 1342
2735 1060
2737 1061
2740 293
2743 1629
2747 727
2750 432
2761 770
2765 110
2775 1342
2776 94
2777 31
2778 95
2781 1342
2782 104
2793 1342
2794 1153
2795 1342
2798 463
2799 210
2801 1630
2810 1342
2820 1019
2825 1294
2832 362
2842 1631
2854 1189
2855 1641
2864 213
2874 359
2876 90
2877 1342
2880 1185
2886 1342
2890 421
2892 170
2894 1642
2906 753
2916 1115
2917 1119
2918 1120
2920 1121
2922 774
2923 187
2925 1420
2934 70
2945 474
2949 1012
2950 439
2951 1013
2960 1423
2964 1087
2965 1426
2966 1434
2967 32
2973 428
2981 255
2983 250
2985 1644
2991 251
2992 87
2994 1619
2997 569
2998 570
3005 71
3009 1342
3014 591
3018 335
3029 336
3041 429
3042 430
3043 434
3044 435
3048 1646
3071 685
3115 1456
3136 74
3139 1050
3142 464
3145 465
3146 472
3155 1440
3185 503
3195 403
3201 1442
3204 995
3205 1437
3206 741
3209 1438
3211 1036
3212 481
3213 118
3214 1037
3217 1649
3219 1463
3233 422
3234 423
3236 488
3243 548
3251 1652
3255 819
3260 220
3261 655
3262 656
3268 221
3269 223
3270 224
3271 225
3275 149
3276 729
3282 1342
3300 996
3312 1653
3315 517
3319 253
3329 111
3338 1655
3344 1342
3345 462
3346 1656
3347 164
3348 165
3358 38
3360 45
3362 46
3364 206
3366 1044
3384 72
3388 350
3389 351
3390 352
3394 922
3404 1162
3405 1163
3407 497
3420 1516
3423 1444
3425 1445
3426 1342
3427 1342
3429 167
3430 1446
3438 415
3441 748
3442 749
3444 750
3445 1658
3447 1448
3448 1450
3450 1451
3451 1392
3452 1452
3453 183
3454 611
3458 658
3470 523
3486 624
3487 1342
3499 1005
3508 1263
3515 417
3516 937
3519 1659
3520 577
3523 1661
3524 1157
3526 1158
3530 1342
3531 34
3539 708
3542 1342
3544 850
3549 1662
3553 73
3554 81
3555 1342
3556 1342
3558 1342
3559 686
3560 715
3561 1140
3564 1663
3566 1457
3567 1458
3568 119
3570 1668
3577 994
3586 1669
3588 1192
3589 404
3590 201
3591 405
3594 49
3601 288
3602 1342
3604 1043
3605 1057
3608 1034
3619 301
3624 1670
3648 971
3649 506
3651 35
3652 1393
3653 1397
3655 483
3659 1219
3667 1672
3677 1492
3686 1280
3688 1673
3705 1470
3713 1471
3715 1472
3735 820
3746 1674
3772 823
3775 1675
3781 1678
3788 1266
3789 1267
3794 203
3799 1031
3800 1032
3801 1033
3814 1562
3842 1679
3844 1023
3845 1024
3847 1680
3848 832
3851 475
3853 476
3854 477
3855 302
3856 361
3858 1342
3870 660
3871 661
3872 662
3873 663
3874 664
3876 57
3877 1681
3880 1683
3900 1686
3907 185
3909 532
3913 1506
3915 1507
3916 1509
3917 243
3923 1687
3932 921
3940 124
3946 1181
3961 744
3965 515
3967 139
3991 150
3993 303
3994 304
3996 305
4012 1688
4017 1513
4020 1342
4028 1139
4030 1552
4036 1521
4040 696
4043 1291
4044 1292
4045 1293
4046 1342
4051 372
4053 282
4064 1690
4080 1692
4084 229
4085 1342
4096 1297
4101 1534
4102 1544
4109 1264
4111 1342
4112 1546
4113 1197
4121 526
4138 1342
4144 1643
4162 244
4163 245
4174 736
4175 1548
4176 746
4181 418
4182 419
4191 0
4192 1694
4193 341
4197 1697
4209 1553
4210 1554
4211 1555
4213 1206
4214 1556
4219 1147
4220 939
4221 1148
4225 978
4236 1698
4248 1700
4250 1559
4251 233
4252 1560
4261 590
4264 330
4270 1342
4271 1270
4281 854
4284 1372
4286 1705
4287 1599
4289 1567
4292 1706
4298 1604
4310 249
4325 1707
4326 1708
4334 687
4335 340
4336 283
4337 518
4340 1187
4342 1538
4348 1029
4349 586
4350 1030
4355 485
4357 276
4358 277
4359 278
4360 407
4361 171
4362 1342
4371 985
4372 1566
4373 1584
4378 1709
4386 1342
4388 1711
4390 33
4403 1342
4406 1714
4411 1342
4412 1342
4422 1715
4425 1720
4428 160
4431 58
4432 59
4433 409
4434 410
4437 1342
4446 501
4447 502
4448 1342
4449 1021
4450 1022
4459 1342
4467 710
4475 1342
4478 537
4479 1594
4480 1535
4481 1218
4482 1042
4497 1464
4512 1721
4533 1722
4545 284
4547 285
4556 731
4557 1723
4560 541
4565 1597
4566 214
4577 990
4591 1342
4595 1588
4603 486
4627 1724
4629 976
4634 538
4637 1212
4649 1172
4652 1568
4658 1247
4670 1732
4672 955
4678 612
4690 495
4691 500
4694 1
4698 77
4710 1408
4711 1342
4721 1605
4722 1606
4723 1607
4724 1488
4725 1129
4733 1617
4738 1609
4739 1738
4764 821
4769 960
4770 1611
4777 1684
4787 399
4791 742
4792 568
4793 264
4794 191
4814 613
4824 1124
4829 1636
4830 1342
4831 1356
4832 1357
4833 1358
4836 1130
4838 1342
4862 1743
4863 1199
4873 977
4889 1614
4890 1615
4901 1620
4902 1621
4909 1342
4910 1342
4911 989
4918 125
4928 1342
4930 1342
4931 1127
4932 155
4933 156
4934 157
4935 158
4955 1744
4956 1342
4959 1342
4960 1342
4969 1746
4975 783
4983 1342
4984 1342
4987 1342
4997 1045
4998 552
4999 151
5000 598
5009 580
5010 883
5016 112
5019 466
5046 1074
5051 1049
5060 1249
5064 932
5065 1342
5068 489
5069 490
5070 493
5073 1001
5076 173
5077 174
5078 176
5079 162
5094 1058
5095 468
5096 584
5097 1059
5098 719
5099 720
5100 721
5101 722
5102 723
5103 724
5104 725
5105 726
5116 1342
5128 1342
5129 247
5132 1342
5137 1002
5145 1342
5146 684
5148 1342
5160 571
5161 1342
5163 1149
5164 893
5165 576
5166 1342
5168 1747
5182 948
5191 1342
5196 1749
5201 1342
5206 1754
5210 1755
5214 1020
5216 1342
5217 1342
5220 1637
5222 1640
5224 1342
5225 1342
5227 1188
5231 1274
5237 940
5238 1342
5243 88
5244 89
5255 1053
5257 197
5258 1449
5267 665
5271 876
5274 752
5280 771
5281 772
5283 773
5284 326
5289 1117
5290 1118
5295 1342
5304 437
5305 438
5309 1748
5312 1424
5313 1425
5314 1432
5315 894
5316 1433
5318 1072
5320 1758
5330 1278
5332 1618
5340 1011
5344 563
5345 564
5354 1759
5367 433
5368 1645
5386 1342
5409 979
5413 1761
5420 1699
5426 516
5440 1342
5443 967
5448 1454
5449 1455
5450 1764
5474 469
5475 470
5476 471
5515 1767
5522 36
5524 799
5525 480
5526 1647
5527 1648
5528 1342
5529 1193
5531 1768
5534 1342
5547 487
5555 1650
5557 1651
5571 1094
5572 78
5573 1250
5580 688
5598 1342
5601 325
5607 625
5608 587
5610 1046
5616 1342
5623 1654
5626 2
5627 1342
5631 1342
5645 980
5648 40
5649 41
5650 42
5652 43
5653 44
5668 1769
5678 391
5684 98
5701 1161
5708 747
5714 527
5716 981
5717 701
5720 982
5721 594
5724 1770
5728 1342
5737 1657
5741 182
5756 520
5757 521
5758 522
5763 1342
5768 1342
5776 784
5777 785
5778 786
5808 957
5812 80
5813 1131
5814 1132
5815 1133
5816 1134
5817 682
5818 659
5833 1660
5844 974
5845 1054
5846 1055
5847 1056
5861 1342
5876 1771
5877 969
5891 153
5895 1395
5896 1396
5904 1038
5905 1671
5909 1824
5928 1342
5956 1825
5961 380
5962 1827
5967 1272
5972 1829
5997 539
6012 1676
6013 1677
6024 596
6025 549
6026 623
6029 256
6036 1276
6040 1342
6047 386
6048 822
6056 1830
6058 1834
6064 257
6074 360
6094 1682
6095 734
6096 1214
6113 1685
6115 986
6118 531
6119 178
6120 377
6123 1508
6126 700
6128 240
6129 241
6130 242
6134 1841
6147 1845
6161 1342
6165 1342
6167 498
6172 877
6174 1342
6197 842
6201 1048
6209 692
6220 1846
6226 1281
6229 148
6230 1342
6231 1342
6235 192
6236 369
6237 370
6239 371
6249 1689
6269 1026
6271 1342
6283 1849
6287 1539
6288 1540
6289 1541
6290 1542
6291 1543
6292 499
6293 1533
6294 1342
6300 1665
6308 683
6309 1342
6313 331
6314 193
6315 907
6316 208
6317 1550
6318 1551
6321 524
6322 525
6324 168
6329 1854
6330 507
6364 905
6367 381
6369 1856
6371 702
6373 1693
6375 1695
6376 1696
6386 261
6395 1483
6407 1558
6408 588
6409 188
6410 589
6413 1905
6414 1180
6415 1182
6416 179
6417 1183
6418 1184
6419 1906
6420 1299
6422 1733
6429 1701
6430 628
6431 1702
6432 1704
6433 1207
6434 1891
6439 558
6455 1298
6463 1536
6464 1537
6471 585
6478 484
6483 180
6484 1342
6485 1114
6486 1582
6488 709
6489 1583
6491 881
6494 460
6495 1710
6496 99
6505 1342
6506 1260
6507 1261
6508 1712
6509 1713
6523 1167
6524 166
6526 1168
6533 1342
6534 1191
6535 1342
6536 1342
6545 1716
6546 1717
6547 1718
6548 1719
6549 1908
6555 833
6574 975
6575 1342
6576 1909
6579 1593
6580 332
6620 267
6622 100
6625 1342
6631 1910
6636 346
6654 534
6661 1911
6663 1913
6665 540
6670 327
6679 1342
6681 1915
6682 952
6690 1917
6719 1308
6721 1309
6724 101
6725 102
6727 1918
6728 1919
6729 1246
6739 1725
6740 1730
6741 1731
6747 958
6767 1922
6774 916
6789 697
6800 1734
6801 1737
6802 913
6803 1210
6819 959
6824 560
6833 1213
6836 1929
6837 1726
6842 1342
6844 1633
6845 1634
6846 1635
6850 1342
6851 1355
6853 1342
6857 987
6858 988
6861 1931
6864 639
6865 1836
6866 189
6867 190
6868 983
6869 1742
6873 1198
6880 923
6882 550
6883 1342
6888 1275
6889 1273
6890 1342
6892 1342
6893 1078
6894 1079
6895 1080
6896 851
6897 1081
6899 897
6901 1831
6905 1215
6906 1216
6908 1217
6912 1934
6917 1122
6918 1073
6919 1279
6920 1220
6939 1075
6942 1936
6945 882
6950 1342
6951 1405
6960 1248
6962 262
6971 161
6976 582
6977 583
6986 632
6991 1765
6992 1342
6993 895
6995 896
6996 328
6997 329
6999 1342
7002 1062
7005 1941
7011 928
7013 1342
7014 695
7015 1342
7019 1942
7023 1342
7024 1832
7025 1833
7026 1204
7028 1205
7029 1209
7037 37
7049 943
7051 944
7052 945
7053 946
7055 1914
7056 898
7064 199
7065 200
7066 1342
7079 105
7083 1944
7085 1797
7087 1750
7088 1751
7090 1752
7091 1753
7093 1638
7094 1639
7095 1342
7097 1947
7098 1570
7103 1300
7104 1301
7108 1576
7109 970
7111 1949
7114 1051
7115 1052
7116 1211
7122 636
7126 1487
7132 1295
7140 1305
7142 1306
7143 1307
7149 1428
7150 1429
7151 1430
7152 637
7153 1431
7156 265
7157 1756
7158 1757
7159 1277
7180 1950
7187 1760
7190 1342
7193 1951
7201 376
7207 1762
7208 1763
7233 1766
7236 1342
7245 874
7246 1342
7247 1138
7248 1342
7256 1954
7262 186
7282 1963
7288 1221
7289 1222
7290 1223
7291 1224
7292 1225
7293 1226
7294 1227
7295 1228
7296 1229
7297 1230
7298 1231
7300 1232
7301 1233
7302 1234
7303 1235
7304 1236
7305 1237
7306 1238
7307 1239
7308 1240
7310 1241
7311 1242
7312 1243
7313 1244
7314 1245
7319 698
7323 942
7324 461
7329 1137
7343 1342
7349 1342
7359 918
7360 1342
7363 1340
7366 1101
7370 1314
7379 816
7381 693
7384 694
7398 453
7400 1342
7408 1973
7417 519
7418 858
7419 626
7421 640
7436 1526
7439 1342
7440 1976
7444 956
7451 1342
7459 972
7460 973
7491 152
7497 1394
7508 1342
7523 1977
7526 1632
7529 1342
7530 1903
7541 1980
7543 1735
7545 1141
7546 1826
7547 728
7550 1828
7551 1342
7552 116
7554 1982
7555 1981
7567 1342
7569 1569
7585 1342
7586 1313
7587 1318
7588 1319
7592 454
7612 382
7640 699
7648 1330
7649 1835
7650 1840
7667 1342
7668 508
7669 1342
7670 993
7671 1964
7673 1342
7674 1847
7676 1983
7679 1342
7687 1342
7694 1047
7707 1342
7709 1146
7711 1110
7721 1984
7722 1985
7729 1987
7731 1342
7736 1848
7743 1529
7744 1530
7745 1531
7746 1532
7748 855
7749 1324
7750 1342
7751 1664
7757 535
7773 1850
7774 1851
7775 1852
7776 1853
7784 1989
7794 1991
7801 1992
7802 1855
7803 1996
7807 900
7809 258
7810 259
7811 260
7819 1481
7821 666
7822 1482
7826 1342
7829 2003
7831 1904
7832 1321
7841 1703
7842 1325
7843 1342
7845 627
7863 667
7864 1574
7865 1575
7866 1580
7867 1581
7868 1111
7869 1112
7870 1113
7875 2004
7882 1208
7886 1190
7887 373
7888 1342
7891 1123
7892 1342
7898 1342
7899 1907
7900 1894
7903 2008
7906 984
7938 1527
7939 1857
7940 1889
7941 2009
7943 1912
7944 1518
7945 1519
7946 1520
7947 1774
7949 1591
7950 1592
7961 1916
7965 1883
7971 595
7972 1169
7973 2012
7974 2017
7980 1727
7981 1728
7982 1729
7983 965
7989 2021
7996 1406
7997 1920
7998 1921
8001 914
8002 915
8011 1932
8014 2023
8016 1736
8017 908
8019 912
8035 1342
8037 198
8040 553
8041 1923
8042 1927
8043 1785
8044 1928
8047 1334
8057 1342
8058 1311
8059 815
8063 775
8065 1930
8068 618
8071 1739
8072 1740
8073 1741
8077 1427
8088 880
8089 1342
8090 887
8091 888
8092 889
8100 1933
8106 1342
8107 1331
8110 950
8111 1003
8133 703
8134 629
8135 630
8136 631
8141 892
8142 875
8144 714
8145 706
8153 1465
8154 1468
8156 1469
8157 385
8159 1342
8160 378
8161 379
8171 1965
8177 1103
8184 1102
8195 869
8196 1796
8198 1873
8199 1943
8208 1945
8209 1946
8210 927
8215 668
8224 1948
8236 1484
8237 1485
8238 1486
8241 1200
8246 1667
8247 1342
8251 800
8252 2025
8261 1342
8262 2029
8264 2030
8267 1342
8278 704
8291 194
8299 2034
8313 342
8314 808
8320 1342
8323 1952
8324 1953
8327 2035
8331 1885
8332 1962
8334 392
8337 2037
8344 671
8350 1004
8353 1100
8354 866
8360 906
8361 859
8363 917
8367 234
8368 235
8369 2040
8386 1577
8388 1971
8389 1972
8392 2046
8394 705
8409 1320
8410 1322
8411 1194
8412 1323
8414 204
8415 1342
8417 319
8420 992
8422 2047
8427 754
8430 2048
8446 2051
8452 1284
8453 1285
8454 2052
8458 1802
8465 1882
8466 1902
8467 824
8468 1978
8469 1979
8470 106
8472 925
8473 926
8474 1342
8480 1993
8482 1342
8483 338
8484 1342
8485 458
8486 459
8489 794
8494 1303
8495 1304
8496 1342
8497 1315
8498 1316
8499 1317
8507 2053
8516 2054
8517 2055
8521 1861
8530 2057
8555 997
8556 998
8557 1788
8562 1108
8563 1109
8566 1342
8569 2044
8570 2058
8571 1884
8576 117
8580 806
8583 1666
8586 2026
8588 860
8598 1039
8600 1008
8601 1886
8602 1986
8603 195
8604 1342
8605 1107
8611 2066
8615 1528
8618 1342
8619 1342
8624 1342
8625 1342
8630 1988
8633 1937
8634 1777
8635 1990
8637 1135
8638 1994
8639 1995
8641 607
8644 2067
8647 1900
8649 1479
8650 599
8651 1480
8652 669
8653 1997
8654 2002
8661 1342
8663 1957
8664 2068
8666 1342
8669 1573
8671 1578
8672 320
8674 1579
8676 2069
8680 2013
8686 2073
8689 2074
8690 1342
8691 1196
8693 1342
8698 2075
8699 1018
8703 2076
8708 1098
8709 2007
8710 1066
8726 716
8736 1887
8738 1888
8741 551
8742 1773
8743 755
8745 544
8746 1589
8747 1590
8748 809
8752 2079
8756 2080
8761 1332
8767 2010
8768 2011
8769 2014
8770 2015
8771 2016
8772 2018
8774 2020
8775 843
8785 2022
8787 389
8794 867
8804 1327
8806 910
8807 911
8808 1924
8809 1925
8810 1926
8811 1333
8812 933
8814 961
8815 964
8816 412
8828 878
8830 2081
8832 1342
8833 1342
8834 885
8836 886
8846 209
8847 795
8848 796
8849 797
8850 1342
8851 805
8857 1335
8871 712
8872 713
8875 1342
8877 510
8883 383
8884 384
8886 1466
8887 1467
8892 2087
8900 2089
8908 1863
8910 868
8911 1870
8912 1871
8913 1872
8914 760
8915 1784
8916 1794
8917 1795
8921 968
8922 400
8929 2092
8940 2024
8946 266
8947 268
8948 1342
8955 1312
8958 3
8959 2093
8969 2031
8970 2032
8971 2033
8975 1342
8976 2094
8980 387
8981 1088
8983 1104
8984 1342
8985 545
8988 1342
8990 1958
8991 1959
8992 1960
8993 1961
8995 2036
8997 670
9000 2027
9001 2028
9011 2095
9012 2039
9020 901
9022 1969
9023 1970
9025 2043
9026 2045
9032 1099
9034 1342
9035 1342
9039 1342
9044 2049
9045 1955
9046 2050
9056 1968
9057 2097
9059 556
9060 542
9061 931
9063 1901
9064 934
9065 935
9066 1342
9067 374
9068 375
9069 347
9070 348
9071 1342
9072 788
9073 792
9074 793
9084 1800
9085 1801
9087 1027
9088 798
9090 2099
9092 1342
9093 1939
9100 1781
9102 2056
9106 333
9107 334
9108 1342
9114 2104
9118 1787
9121 393
9122 394
9123 395
9124 1342
9125 398
9126 1940
9138 1006
9140 1007
9141 1105
9142 1106
9143 107
9145 108
9146 1342
9147 115
9148 1195
9149 2061
9150 2065
9156 949
9157 1084
9159 1085
9161 1342
9162 1329
9163 1342
9166 1342
9170 593
9171 1862
9172 1475
9173 1476
9174 1477
9176 1478
9177 565
9182 1998
9183 1999
9184 2000
9185 2001
9186 1890
9187 1899
9189 337
9191 2106
9196 1956
9199 1571
9201 1572
9214 1342
9215 2072
9216 1342
9217 813
9220 2107
9221 1136
9225 884
9226 573
9227 1009
9228 1017
9230 2070
9238 1093
9240 1095
9241 1096
9244 1097
9245 2005
9246 2006
9247 113
9257 2108
9273 1142
9277 543
9278 1772
9280 2077
9281 2078
9282 1144
9287 2115
9291 2019
9295 2139
9298 388
9306 442
9307 863
9308 962
9310 963
9320 546
9321 547
9322 1342
9335 803
9336 804
9339 718
9351 2140
9364 2151
9366 2150
9369 2152
9370 2158
9373 1028
9374 1342
9375 509
9377 999
9381 2160
9382 2082
9383 2083
9384 2084
9385 2085
9386 2086
9394 2088
9396 1868
9397 1869
9402 1793
9403 847
9409 2090
9410 557
9411 2091
9415 2162
9416 2161
9419 1063
9421 1342
9433 443
9444 1342
9451 2169
9453 1170
9455 2172
9460 1858
9464 610
9465 2038
9467 2173
9469 1068
9474 2175
9475 2042
9477 1041
9478 1342
9479 856
9480 844
9481 845
9482 846
9483 1069
9484 1070
9485 1071
9486 1342
9487 554
9488 555
9496 717
9502 2096
9503 2064
9506 929
9507 930
9508 1966
9509 1967
9510 358
9511 1342
9513 789
9514 791
9516 343
9517 344
9518 345
9523 390
9525 1342
9532 1064
9533 1065
9534 1342
9535 1778
9536 890
9537 1779
9538 1780
9539 1342
9554 1786
9555 2098
9557 396
9558 397
9559 1938
9566 215
9568 114
9569 1789
9575 2059
9576 2060
9585 1328
9587 737
9588 1201
9590 2182
9594 1342
9597 1892
9598 1893
9599 1897
9600 1898
9602 2105
9604 1145
9607 1040
9611 2071
9614 1342
9615 1175
9616 1015
9617 1016
9619 2186
9621 572
9622 2188
9627 1171
9635 1342
9637 848
9640 1143
9641 2109
9642 2114
9646 2138
9657 440
9658 441
9670 2197
9675 814
9676 1000
9678 511
9679 801
9680 802
9691 2141
9692 2148
9693 2149
9695 2153
9696 1342
9699 2154
9700 2157
9701 1342
9702 1253
9707 2143
9708 2159
9713 2142
9714 1866
9715 1867
9717 1086
9718 1791
9719 1792
9722 1342
9724 2199
9732 1342
9733 1342
9734 1342
9738 2187
9745 1745
9747 620
9748 621
9753 2168
9754 2170
9755 811
9757 2171
9766 2200
9768 1342
9769 1336
9770 1337
9773 1338
9776 1342
9777 1341
9778 2041
9780 812
9781 1082
9782 1083
9783 2201
9786 864
9788 2062
9789 2063
9790 2174
9797 2203
9799 1876
9800 2206
9802 1342
9806 790
9807 355
9808 356
9809 357
9815 2207
9821 2184
9832 1342
9837 2178
9838 2121
9839 2145
9840 2179
9841 2181
9846 2144
9848 616
9849 619
9850 1895
9852 1896
9859 512
9860 1342
9861 1342
9862 857
9863 1342
9864 1342
9866 2210
9867 1342
9868 2183
9869 2185
9875 1490
9876 1491
9877 1493
9878 1505
9880 2110
9885 902
9886 903
9889 1202
9890 1203
9892 2211
9895 2137
9901 2111
9902 2113
9906 2212
9909 2214
9911 2189
9912 2192
9913 2194
9914 2195
9915 2196
9916 827
9921 2215
9924 2146
9925 2147
9929 861
9930 862
9932 1251
9933 1252
9934 2155
9935 777
9937 2156
9939 1154
9941 1155
9942 1156
9943 1342
9944 1179
9945 1864
9948 1865
9949 1790
9951 1342
9953 1178
9956 2193
9957 879
9958 2198
9961 574
9962 608
9963 609
9965 1342
9967 849
9974 1342
9975 810
9983 2216
9985 732
9986 1342
9992 1126
9993 764
9995 2163
9996 2167
9998 2202
10000 1091
10001 1092
10002 2204
10003 2205
10004 1782
10007 2223
10008 2221
10009 2222
10018 401
10019 413
10026 2176
10027 2177
10029 2180
10037 615
10041 1342
10042 1342
10044 991
10045 1342
10046 891
10047 1342
10050 2208
10052 2209
10053 414
10054 450
10055 451
10056 452
10057 456
10058 457
10059 1342
10060 1342
10061 707
10062 1489
10070 1504
10074 2119
10075 2132
10076 2133
10077 2134
10078 2136
10080 2224
10082 2225
10085 2227
10095 2213
10101 2190
10102 2191
10104 1151
10107 825
10108 826
10111 1342
10120 444
10121 2112
10122 600
10123 1165
10124 1166
10125 1342
10137 2237
10143 778
10144 1342
10148 672
10150 2164
10151 2165
10152 2166
10153 1974
10154 1975
10157 1089
10158 1090
10160 2218
10161 2219
10162 2220
10163 1805
10176 2240
10182 865
10183 872
10184 1842
10187 2228
10188 446
10189 1342
10190 830
10191 831
10193 449
10195 1342
10196 675
10202 2100
10208 2241
10210 1494
10211 1495
10212 1496
10213 1497
10214 1498
10215 1499
10216 1500
10217 1501
10218 1502
10219 1503
10220 2102
10221 2103
10223 1342
10230 2243
10231 2129
10232 2130
10233 2131
10234 2135
10241 2226
10242 1076
10243 1077
10245 835
10246 1152
10254 919
10255 920
10260 2116
10261 2117
10262 2118
10264 1177
10269 2236
10273 604
10274 605
10275 606
10277 780
10278 781
10279 782
10281 2249
10282 776
10285 2217
10286 1803
10287 1804
10289 1935
10294 2239
10301 870
10302 871
10304 765
10305 445
10307 829
10308 447
10309 448
10310 1342
10311 2250
10315 2251
10318 2254
10327 2101
10329 1817
10331 1254
10332 1256
10333 1257
10338 2242
10339 2120
10340 2122
10341 2123
10342 2124
10343 2125
10344 2128
10348 455
10350 1691
10352 834
10356 1176
10359 2235
10360 2255
10364 597
10365 602
10366 603
10370 2244
10371 1807
10372 2247
10373 2248
10375 2238
10382 828
10383 1342
10384 674
10388 2252
10389 2253
10390 622
10391 2257
10392 2263
10399 1255
10404 2127
10413 2264
10415 2229
10416 2231
10418 2233
10419 2234
10422 601
10423 1859
10424 1860
10425 1875
10426 1880
10427 1881
10428 1776
10429 1822
10430 1823
10433 2246
10434 2270
10435 807
10436 1837
10438 1838
10439 1839
10449 1806
10453 2274
10454 2272
10455 2273
10467 673
10476 2256
10478 2258
10479 2262
10491 2275
10494 2230
10495 2232
10499 1874
10502 1877
10504 1879
10505 1775
10506 1783
10508 1821
10510 1843
10512 1844
10513 2126
10515 2265
10516 2266
10517 2269
10520 2278
10529 2271
10531 2245
10533 2280
10534 2281
10544 2282
10548 2283
10555 2261
10556 2288
10567 1813
10577 1816
10578 1342
10579 1820
10584 1878
10585 2268
10588 2289
10589 2276
10591 2277
10597 2290
10599 2279
10606 2295
10607 2293
10608 2294
10611 2259
10612 2260
10614 2284
10615 2285
10616 2286
10617 2287
10623 2296
10624 2297
10630 1798
10631 1799
10632 1815
10634 1818
10636 1819
10637 836
10638 2267
10641 2291
10649 1810
10650 1808
10653 2292
10662 2303
10671 2307
10674 763
10675 1811
10676 1812
10677 1814
10682 1809
10688 2298
10689 2299
10690 2302
10692 2304
10693 2305
10694 2306
10695 756
10697 761
10698 762
10700 2318
10703 2322
10705 1342
10710 2326
10711 2300
10712 2301
10715 2316
10716 2317
10717 2320
10718 2321
10719 1342
10720 841
10724 2324
10725 2325
10732 2308
10733 2314
10734 2315
10737 2319
10738 733
10739 1342
10740 840
10747 2323
10751 2327
10754 2309
10755 2310
10756 2313
10765 735
10766 1342
10767 839
10772 2328
10779 2329
10785 2312
10789 738
10790 1342
10791 838
10804 578
10808 2311
10812 1342
10813 766
10814 767
10815 1342
10816 2332
10825 757
10826 758
10828 759
10829 1342
10831 837
10832 2330
10833 2331
10843 2336
10852 2333
10853 2334
10854 2335
10857 1342
10864 2338
10873 2337
