185 3578
266 1013
266 1016
458 1016
458 1514
458 1517
458 1518
458 1519
467 1397
467 1554
467 1558
467 1559
575 530
575 1800
575 1802
575 1803
575 1804
590 1802
590 1840
648 2008
648 2012
650 1979
650 1980
650 1982
704 1663
704 1804
704 2139
723 1982
723 2199
723 2201
723 2202
723 2204
723 2206
727 1979
727 2210
727 2213
1025 1230
1025 2807
1025 2808
1102 2938
1102 2939
1102 2940
1135 3007
1135 3008
1135 3009
1153 2290
1153 2569
1153 3088
1153 3090
1392 588
1392 2069
1392 3479
1392 3480
1392 3481
1392 3482
1392 3483
1472 3276
1472 3350
1472 3584
1472 3586
1488 2028
1488 2614
1488 3482
1488 3596
1488 3597
1488 3598
1488 3600
1517 2290
1517 3658
1517 3660
1518 2069
1518 2569
1518 3662
1518 3663
1558 9974
1660 1802
1660 2940
1660 3864
1663 185
1663 2017
1663 3860
1840 3088
1840 4041
2017 1230
2017 1962
2017 2026
2017 4293
2017 4294
2026 521
2026 785
2026 4304
2028 1216
2028 4306
2035 4230
2035 4304
2035 4323
2073 33
2073 1102
2073 1660
2073 2939
2073 3864
2073 4367
2098 648
2098 8937
2098 8938
2098 8939
2120 3592
2120 4241
2120 4422
2120 4423
2120 4424
2120 4427
2204 521
2204 1013
2204 7800
2204 7943
2204 8219
2206 1972
2206 3168
2206 4514
2206 4515
2206 4516
2210 2213
2210 2838
2210 4527
2210 4528
2210 4529
2613 602
2613 3330
2613 4078
2613 4975
2613 4976
2613 4978
2773 79
2773 588
2773 4993
2773 5125
2807 33
2807 4677
2836 1108
2836 1840
2836 2808
2836 9669
2836 10713
2856 2915
2856 6049
2856 7492
2856 7495
2870 467
2870 4947
2870 7943
2870 8307
2915 2699
2940 5300
3009 998
3048 4536
3048 5368
3052 1247
3052 1530
3052 2807
3052 2915
3052 4380
3052 4611
3052 4681
3052 4837
3052 5370
3063 2245
3088 2332
3088 5333
3088 5411
3088 5418
3088 5419
3123 2310
3134 521
3134 1472
3134 3090
3134 3411
3134 5471
3202 1962
3202 3483
3202 4348
3318 3168
3318 3592
3318 5613
3318 5615
3330 738
3330 5618
3363 3350
3363 5125
3363 5654
3363 5655
3363 5656
3363 5657
3365 5521
3391 3663
3391 4714
3391 5682
3411 4216
3411 4304
3411 5723
3411 5726
3455 3048
3455 4216
3455 5740
3479 648
3479 2201
3479 5766
3479 5767
3481 1609
3481 4293
3481 5775
3578 455
3578 3658
3578 3963
3592 590
3592 3036
3592 5385
3592 5840
3592 5841
3635 185
3635 266
3635 3134
3635 3940
3635 9152
3635 9153
3635 9154
3656 3584
3656 5898
3823 1788
3823 4306
3823 6049
3823 6051
3823 6052
3857 2938
3857 5032
3857 6082
3857 6085
3857 6086
3860 79
3892 648
3892 5905
3892 6085
3892 6108
3892 6109
3892 6110
3916 4975
3916 5389
3916 6122
3916 6123
3957 2569
3957 4429
3957 4993
3957 5793
3957 6176
4078 5766
4078 6108
4078 6274
4120 467
4120 5726
4126 2915
4126 5271
4126 6326
4294 302
4294 3598
4294 6436
4294 6437
4294 6438
4348 6006
4423 648
4423 4976
4423 5389
4423 5657
4423 6550
4423 6552
4516 3663
4516 4230
4516 5884
4516 6636
4524 1558
4524 1962
4524 6462
4524 6487
4536 648
4536 6655
4550 1025
4550 5619
4585 2204
4585 2636
4585 5627
4585 6697
4585 6698
4611 5385
4611 6409
4611 6462
4611 8179
4679 521
4679 2867
4679 4947
4679 5149
4679 6747
4679 6749
4681 185
4681 2895
4681 6751
4744 2245
4744 5468
4744 5718
4744 6696
4744 6804
4788 3662
4788 10488
4811 3482
4811 3598
4811 5200
4837 3658
4837 4681
4947 6006
4947 6208
4947 6749
4947 6900
4980 8938
4980 10031
4980 10032
4980 10034
5007 2807
5032 6500
5032 6944
5032 6946
5107 2895
5107 4679
5149 5238
5149 7018
5211 2856
5211 3946
5211 6560
5211 6623
5211 6944
5238 1216
5238 5877
5238 7109
5335 727
5335 2213
5335 2290
5335 6793
5385 1530
5385 5718
5385 7176
5386 5238
5386 5884
5386 7177
5386 7178
5389 5740
5428 1247
5428 1681
5428 1840
5428 3052
5428 7194
5429 6006
5429 7196
5429 7197
5468 4947
5468 4976
5468 5642
5468 6304
5615 79
5615 7322
5627 998
5627 7324
5628 2636
5642 2895
5642 6859
5682 2310
5682 5841
5682 6122
5682 7372
5682 7373
5682 7375
5726 2028
5726 7445
5827 2836
5873 2836
5873 4811
5873 5628
5873 7233
5873 7488
5884 7482
5884 7483
5884 7484
5884 7485
5954 2332
5954 3007
5954 4529
5954 4975
5954 7372
5954 7373
5954 7539
5954 7540
6094 727
6094 998
6122 3584
6122 5898
6122 7636
6122 7637
6122 7638
6147 718
6147 8743
6147 10510
6147 10511
6147 10512
6208 7691
6208 7692
6255 302
6255 2895
6255 5107
6301 1216
6301 6696
6301 7488
6301 7800
6301 7801
6304 3090
6304 5317
6304 5884
6326 1025
6326 1472
6326 2915
6326 5149
6326 5389
6326 7771
6560 7994
6560 8519
6560 8960
6581 4241
6581 4975
6581 6108
6583 6049
6636 9516
6636 9517
6636 9518
6636 9519
6696 7483
6696 7484
6696 7959
6859 2836
6859 6108
6859 6573
6859 8062
6859 8063
6961 4293
6961 8123
6971 3635
6989 3864
7017 3007
7017 3483
7017 3598
7017 8163
7129 83
7129 185
7129 266
7129 3578
7129 5884
7129 7483
7129 9152
7129 9154
7174 467
7174 1609
7174 3522
7174 8000
7174 8276
7178 467
7178 3324
7178 5547
7178 6006
7178 6560
7178 8269
7178 8270
7178 8271
7196 8285
7196 8286
7196 8288
7230 3922
7230 3945
7230 4477
7230 7361
7230 10159
7255 3946
7255 5521
7283 2867
7283 6006
7361 5615
7361 8364
7375 3330
7375 8370
7375 8371
7375 8372
7424 3483
7433 7808
7433 8407
7433 8408
7483 8408
7483 8432
7483 8433
7485 6911
7485 8434
7499 2644
7499 2836
7499 6573
7499 8438
7541 2895
7541 4206
7541 8468
7541 8469
7589 4985
7589 5840
7589 8501
7600 8519
7637 8185
7691 8581
7692 1800
7692 2204
7692 8152
7692 8401
7692 8575
7705 648
7705 6920
7705 6946
7808 7485
7808 7535
7808 8581
7808 8643
7829 1412
7829 7197
7829 7943
7829 8653
7874 738
7874 8675
7885 8695
7894 6007
7894 7511
7894 8318
7894 8696
7894 8697
7894 8698
7947 1530
7947 6007
7947 8741
7947 8742
7947 8743
7957 8766
7959 83
7959 266
7959 6334
7959 7894
7959 8760
7994 9439
7995 1412
7995 7373
7995 8775
7995 8776
8179 723
8179 1178
8179 2636
8179 2644
8179 2699
8179 8307
8185 8717
8185 9490
8372 7488
8401 3276
8401 9027
8401 9028
8401 9029
8408 9031
8434 895
8437 4380
8437 8974
8437 9042
8459 1412
8459 5709
8528 4380
8528 6007
8528 8939
8528 9042
8564 2213
8564 4120
8564 5740
8573 4206
8581 7003
8581 8185
8581 8596
8581 9135
8581 9136
8617 83
8617 185
8617 266
8617 3578
8617 5884
8617 7483
8617 9152
8617 9153
8617 9154
8668 7197
8668 9211
8675 9154
8675 9519
8675 9687
8675 10022
8675 10295
8695 2555
8695 5840
8695 6946
8695 9222
8695 9225
8717 4380
8717 4611
8717 4758
8717 8596
8717 8939
8717 9259
8742 7331
8742 8185
8742 8743
8742 9278
8743 598
8743 7169
8743 9516
8743 9669
8745 1663
8745 9276
8745 9277
8751 185
8751 266
8751 3134
8751 3578
8751 5884
8751 7483
8751 9152
8751 9153
8766 650
8766 3945
8766 5787
8766 6961
8778 9292
8778 9293
8778 9294
8802 1108
8802 9302
8802 9303
8802 9304
8821 2204
8821 2213
8821 7255
8821 7485
8821 9311
8821 9312
8835 1025
8835 2915
8835 6326
8835 6487
8835 9323
8938 83
8938 185
8938 266
8938 3578
8938 7483
8938 8675
8938 9152
8938 9154
8975 3009
8975 9276
8975 9277
9002 1800
9002 4750
9002 9454
9002 9455
9002 9456
9002 9457
9002 9458
9094 2939
9094 7692
9094 9359
9094 9360
9094 9361
9152 3330
9152 9570
9153 3663
9153 4750
9153 9853
9175 185
9175 266
9175 3134
9175 3578
9175 5884
9175 7483
9175 9152
9175 9153
9175 9154
9259 83
9259 266
9259 5149
9259 5884
9259 7174
9259 7483
9259 9153
9259 9154
9262 4976
9262 6255
9262 6724
9262 9630
9262 9631
9276 83
9276 185
9276 266
9276 3134
9276 3578
9276 5884
9276 9152
9276 9153
9276 9636
9292 1962
9292 3663
9293 83
9293 3658
9293 7361
9293 9647
9302 5918
9302 6487
9302 9628
9302 9654
9302 9655
9302 9656
9304 1962
9304 7957
9304 9570
9311 83
9311 266
9311 3134
9311 5709
9311 5884
9311 7483
9311 9152
9311 9153
9323 2915
9323 6326
9323 7177
9361 9687
9399 9716
9418 602
9418 7874
9418 9079
9422 3123
9455 602
9455 9754
9455 9757
9456 4744
9456 9302
9468 5149
9468 6900
9468 8459
9468 9302
9468 9767
9490 455
9490 3685
9490 4078
9490 7511
9490 9727
9500 650
9500 1412
9500 9002
9500 9153
9500 9785
9503 83
9503 3388
9503 5547
9503 9788
9503 9789
9519 895
9519 9791
9519 9792
9519 9793
9560 9792
9628 4126
9628 9879
9628 9880
9634 2699
9634 4714
9634 7488
9634 7801
9634 8573
9634 9887
9636 5841
9636 8974
9653 8776
9653 9454
9655 5615
9655 9406
9655 9744
9655 9898
9655 9899
9655 9900
9666 650
9666 2569
9666 9793
9666 9906
9666 9907
9666 9908
9700 9934
9700 9935
9700 9936
9700 9937
9700 9938
9700 9939
9702 33
9702 2245
9702 3794
9702 3940
9702 9932
9702 9933
9709 2867
9709 2895
9709 9940
9734 8775
9734 9673
9734 9967
9744 9973
9785 7894
9785 9673
9791 9997
9844 2699
9844 4293
9844 4550
9844 4980
9856 3063
9856 6703
9856 8434
9856 9303
9874 3894
9874 7194
9874 9136
9874 10105
9874 10106
9880 7959
9880 9276
9898 598
9898 727
9898 7169
9898 9669
9898 9907
9898 10084
9898 10085
9907 650
9907 5873
9907 6696
9907 8401
9907 8766
9907 10090
9907 10091
9907 10092
9908 83
9908 1788
9908 8751
9908 9079
9908 10093
9908 10094
9935 10282
9936 4985
9936 7495
9936 8248
9936 9294
9936 10118
9936 10119
9940 2332
9940 7943
9940 9874
9968 8372
9974 2569
9974 4206
9974 8063
9974 9935
9974 10084
9974 10142
9974 10144
10007 2938
10007 5619
10007 10009
10019 3658
10019 7957
10022 718
10022 8183
10022 9687
10022 10172
10026 3946
10026 6636
10026 8698
10072 10172
10072 10229
10085 5840
10085 10241
10105 5794
10118 302
10118 4536
10118 9757
10118 10090
10118 10240
10118 10259
10119 2867
10119 8975
10119 10281
10133 1412
10133 2895
10133 2938
10133 9658
10144 9517
10144 10277
10144 10278
10144 10279
10159 7488
10159 9900
10268 1800
10280 718
10280 6703
10280 8519
10280 10368
10280 10369
10281 9844
10281 10305
10281 10370
10281 10371
10295 3662
10295 4788
10295 9229
10368 4078
10368 6147
10368 7482
10368 9094
10368 10431
10369 9439
10369 10432
10403 588
10403 8183
10403 9702
10403 10440
10403 10490
10403 10491
10431 10519
10431 10524
10431 10525
10450 8434
10463 10521
10463 10535
10463 10537
10479 1514
10479 6334
10479 9229
10479 10555
10491 1472
10491 10479
10511 6500
10511 9628
10511 10581
10511 10582
10511 10583
10521 1788
10521 3864
10521 10440
10521 10519
10521 10592
10521 10593
10537 10519
10555 4975
10555 9636
10555 10611
10555 10612
10559 4527
10559 5898
10559 6500
10559 7705
10559 10179
10559 10620
10559 10621
10593 2028
10593 10172
10595 1530
10597 3063
10597 9906
10597 10371
10597 10649
10597 10650
10649 10280
10649 10650
10649 10682
10650 79
10650 10371
10653 4477
10653 7801
10653 9002
10771 8318
10771 9687
10771 10535
10771 10792
10771 10793
10771 10794
10771 10795
10783 521
10827 7255
10827 10133
10827 10440
10827 10835
10827 10837
10830 590
10830 10583
10830 10727
10835 3640
10835 6583
10835 7230
10835 10838
10837 3123
10837 8307
10837 9666
10837 9716
10837 10842
10837 10843
10842 2915
10842 3388
10842 4477
10842 10118
10842 10159
10843 2245
10843 7776
10843 10852
10843 10853
10843 10854
