0 10
1 10
2 10
3 10
4 12
5 10
6 10
7 11
8 12
9 11
10 11
11 11
12 11
13 10
14 10
15 12
16 10
17 11
18 11
19 11
20 11
21 12
22 11
23 10
24 10
25 10
26 12
27 10
28 10
29 11
30 12
31 14
32 12
33 12
34 12
35 12
36 12
37 10
38 10
39 11
40 11
41 10
42 12
43 10
44 12
45 11
46 10
47 10
48 11
49 10
50 10
51 10
52 14
53 12
54 11
55 15
56 15
57 14
58 15
59 15
60 15
61 15
62 15
63 15
64 14
65 14
66 14
67 13
68 10
69 11
70 11
71 11
72 10
73 10
74 11
75 10
76 11
77 11
78 10
79 10
80 11
81 10
82 11
83 10
84 13
85 12
86 13
87 10
88 12
89 10
90 10
91 11
92 11
93 11
94 11
95 10
96 10
97 10
98 14
99 14
100 14
101 15
102 15
103 15
104 15
105 15
106 15
107 15
108 15
109 14
110 14
111 14
112 13
113 10
114 10
115 11
116 10
117 11
118 10
119 10
120 12
121 11
122 10
123 11
124 10
125 11
126 10
127 10
128 11
129 12
130 11
131 10
132 10
133 10
134 14
135 14
136 14
137 14
138 14
139 13
140 11
141 11
142 10
143 10
144 11
145 11
146 11
147 11
148 12
149 11
150 11
151 11
152 10
153 11
154 11
155 12
156 12
157 12
158 15
159 13
160 12
161 11
162 12
163 13
164 12
165 12
166 11
167 11
168 11
169 10
170 12
171 15
172 12
173 12
174 11
175 12
176 11
177 10
178 10
179 10
180 11
181 11
182 11
183 10
184 10
185 10
186 10
187 11
188 10
189 12
190 12
191 11
192 10
193 10
194 12
195 10
196 15
197 14
198 15
199 15
200 15
201 15
202 14
203 14
204 14
205 15
206 14
207 13
208 13
209 13
210 12
211 15
212 14
213 13
214 15
215 11
216 11
217 13
218 13
219 13
220 12
221 11
222 11
223 10
224 10
225 11
226 10
227 10
228 13
229 13
230 14
231 14
232 13
233 12
234 10
235 14
236 10
237 10
238 10
239 10
240 10
241 10
242 10
243 10
244 10
245 10
246 10
247 10
248 10
249 11
250 10
251 10
252 12
253 11
254 10
255 12
256 10
257 12
258 10
259 11
260 11
261 10
262 11
263 10
264 11
265 11
266 10
267 10
268 10
269 12
270 11
271 10
272 12
273 10
274 11
275 12
276 12
277 12
278 12
279 11
280 14
281 11
282 13
283 13
284 13
285 13
286 13
287 15
288 15
289 15
290 14
291 14
292 15
293 15
294 15
295 15
296 14
297 14
298 13
299 13
300 12
301 10
302 11
303 11
304 12
305 12
306 13
307 12
308 12
309 12
310 12
311 11
312 10
313 10
314 10
315 10
316 10
317 11
318 10
319 12
320 11
321 11
322 10
323 10
324 11
325 11
326 10
327 10
328 10
329 11
330 10
331 10
332 10
333 10
334 10
335 10
336 10
337 14
338 13
339 13
340 13
341 13
342 12
343 11
344 10
345 10
346 10
347 10
348 10
349 10
350 11
351 10
352 10
353 10
354 10
355 10
356 10
357 11
358 11
359 11
360 11
361 10
362 10
363 10
364 10
365 10
366 13
367 10
368 12
369 11
370 11
371 11
372 13
373 13
374 13
375 12
376 11
377 10
378 11
379 10
380 10
381 11
382 10
383 10
384 12
385 13
386 14
387 14
388 14
389 14
390 14
391 14
392 13
393 13
394 12
395 11
396 11
397 11
398 10
399 12
400 11
401 10
402 10
403 11
404 11
405 10
406 10
407 11
408 10
409 11
410 11
411 11
412 12
413 10
414 10
415 12
416 10
417 10
418 10
419 10
420 10
421 10
422 11
423 10
424 10
425 10
426 10
427 11
428 11
429 10
430 10
431 10
432 10
433 11
434 10
435 10
436 12
437 10
438 10
439 12
440 12
441 12
442 12
443 11
444 12
445 12
446 11
447 11
448 11
449 11
450 10
451 10
452 11
453 11
454 11
455 10
456 10
457 10
458 10
459 10
460 10
461 12
462 10
463 11
464 11
465 10
466 10
467 10
468 10
469 13
470 11
471 11
472 10
473 10
474 12
475 11
476 10
477 10
478 10
479 10
480 10
481 11
482 10
483 12
484 11
485 11
486 11
487 10
488 11
489 10
490 10
491 11
492 10
493 10
494 10
495 10
496 10
497 10
498 12
499 12
500 12
501 13
502 13
503 14
504 13
505 13
506 13
507 12
508 11
509 11
510 12
511 11
512 11
513 10
514 10
515 10
516 11
517 11
518 11
519 11
520 10
521 12
522 13
523 11
524 10
525 10
526 10
527 12
528 12
529 12
530 11
531 10
532 10
533 10
534 10
535 10
536 12
537 10
538 10
539 10
540 11
541 11
542 11
543 10
544 11
545 10
546 10
547 10
548 10
549 10
550 10
551 10
552 11
553 11
554 10
555 10
556 10
557 11
558 11
559 10
560 10
561 11
562 11
563 10
564 10
565 10
566 10
567 11
568 11
569 10
570 11
571 10
572 10
573 10
574 11
575 10
576 10
577 10
578 10
579 11
580 10
581 10
582 10
583 10
584 10
585 10
586 10
587 11
588 11
589 12
590 12
591 12
592 12
593 11
594 11
595 10
596 10
597 10
598 10
599 10
600 10
601 10
602 10
603 10
604 11
605 10
606 11
607 10
608 10
609 10
610 10
611 10
612 14
613 13
614 13
615 12
616 10
617 10
618 10
619 10
620 10
621 11
622 10
623 10
624 10
625 10
626 11
627 10
628 10
629 12
630 12
631 11
632 10
633 10
634 11
635 10
636 10
637 10
638 10
639 10
640 10
641 10
642 10
643 11
644 11
645 12
646 11
647 10
648 11
649 12
650 10
651 12
652 10
653 10
654 10
655 10
656 10
657 10
658 10
659 10
660 10
661 10
662 10
663 10
664 12
665 10
666 10
667 10
668 10
669 10
670 11
671 10
672 10
673 13
674 10
675 10
676 10
677 10
678 10
679 10
680 10
681 11
682 12
683 12
684 12
685 13
686 12
687 11
688 12
689 12
690 12
691 11
692 10
693 10
694 10
695 10
696 10
697 11
698 11
699 11
700 11
701 10
702 10
703 10
704 10
705 10
706 10
707 11
708 10
709 11
710 10
711 10
712 10
713 10
714 10
715 10
716 11
717 11
718 11
719 11
720 11
721 10
722 10
723 10
724 10
725 10
726 10
727 11
728 10
729 11
730 12
731 11
732 11
733 11
734 10
735 10
736 10
737 11
738 10
739 10
740 10
741 10
742 10
743 12
744 11
745 10
746 10
747 10
748 10
749 10
750 10
751 10
752 10
753 10
754 10
755 10
756 10
757 11
758 11
759 10
760 10
761 10
762 10
763 10
764 11
765 10
766 12
767 12
768 13
769 12
770 12
771 11
772 10
773 10
774 11
775 10
776 11
777 10
778 10
779 10
780 10
781 10
782 12
783 12
784 12
785 11
786 10
787 12
788 11
789 10
790 10
791 13
792 12
793 10
794 10
795 10
796 10
797 10
798 10
799 10
800 10
801 10
802 10
803 10
804 10
805 10
806 10
807 10
808 10
809 10
810 10
811 10
812 10
813 10
814 10
815 10
816 11
817 10
818 10
819 10
820 11
821 10
822 10
823 10
824 10
825 10
826 10
827 10
828 10
829 10
830 10
831 10
832 10
833 10
834 11
835 10
836 10
837 10
838 10
839 10
840 10
841 11
842 11
843 10
844 10
845 10
846 10
847 10
848 10
849 10
850 10
851 11
852 10
853 10
854 10
855 10
856 11
857 12
858 12
859 12
860 11
861 10
862 10
863 10
864 11
865 10
866 10
867 10
868 10
869 11
870 11
871 12
872 11
873 12
874 11
875 11
876 10
877 10
878 10
879 10
880 10
881 10
882 10
883 10
884 10
885 10
886 10
887 10
888 10
889 10
890 12
891 10
892 10
893 11
894 10
895 10
896 11
897 10
898 10
899 10
900 10
901 10
902 10
903 10
904 10
905 10
906 10
907 10
908 10
909 10
910 10
911 10
912 10
913 10
914 10
915 10
916 10
917 11
918 10
919 10
920 10
921 10
922 11
923 11
924 10
925 10
926 11
927 11
928 12
929 12
930 11
931 10
932 10
933 11
934 12
935 11
936 10
937 11
938 10
939 10
940 10
941 10
942 10
943 10
944 10
945 10
946 10
947 10
948 10
949 10
950 10
951 11
952 10
953 10
954 10
955 10
956 10
957 10
958 10
959 10
960 10
961 10
962 10
963 10
964 10
965 10
966 10
967 10
968 10
969 10
970 10
971 10
972 10
973 10
974 10
975 10
976 11
977 10
978 12
979 11
980 10
981 11
982 10
983 10
984 10
985 10
986 10
987 10
988 10
989 10
990 10
991 10
992 10
993 11
994 10
995 10
996 10
997 10
998 10
999 11
1000 11
1001 10
1002 10
1003 10
1004 11
1005 10
1006 10
1007 10
1008 10
1009 11
1010 10
1011 12
1012 11
1013 10
1014 11
1015 10
1016 10
1017 10
1018 11
1019 11
1020 10
1021 10
1022 10
1023 10
1024 10
1025 10
1026 10
1027 10
1028 10
1029 10
1030 10
1031 10
1032 10
1033 11
1034 10
1035 10
1036 10
1037 10
1038 10
1039 10
1040 10
1041 10
1042 10
1043 10
1044 10
1045 10
1046 10
1047 10
1048 10
1049 10
1050 10
1051 10
1052 10
1053 10
1054 10
1055 12
1056 12
1057 12
1058 11
1059 11
1060 11
1061 10
1062 10
1063 11
1064 11
1065 10
1066 11
1067 11
1068 11
1069 10
1070 10
1071 11
1072 10
1073 10
1074 10
1075 10
1076 10
1077 10
1078 10
1079 10
1080 10
1081 10
1082 10
1083 10
1084 10
1085 10
1086 10
1087 11
1088 10
1089 10
1090 10
1091 10
1092 10
1093 10
1094 10
1095 10
1096 10
1097 10
1098 10
1099 10
1100 10
1101 10
1102 10
1103 10
1104 10
1105 10
1106 11
1107 10
1108 10
1109 10
1110 10
1111 11
1112 11
1113 10
1114 10
1115 10
1116 10
1117 10
1118 10
1119 10
1120 10
1121 10
1122 10
1123 10
1124 10
1125 10
1126 10
1127 10
1128 10
1129 10
1130 10
1131 10
1132 10
1133 10
1134 10
1135 10
1136 10
1137 10
1138 10
1139 10
1140 10
1141 10
1142 10
1143 10
1144 11
1145 13
1146 12
1147 12
1148 12
1149 11
1150 10
1151 10
1152 10
1153 10
1154 11
1155 11
1156 11
1157 10
1158 10
1159 11
1160 10
1161 10
1162 10
1163 12
1164 11
1165 10
1166 10
1167 10
1168 10
1169 10
1170 10
1171 10
1172 11
1173 10
1174 10
1175 11
1176 10
1177 10
1178 10
1179 10
1180 10
1181 10
1182 10
1183 10
1184 10
1185 11
1186 10
1187 10
1188 11
1189 12
1190 11
1191 11
1192 10
1193 10
1194 10
1195 10
1196 10
1197 10
1198 10
1199 10
1200 11
1201 10
1202 10
1203 11
1204 11
1205 10
1206 10
1207 10
1208 10
1209 10
1210 10
1211 10
1212 10
1213 11
1214 10
1215 10
1216 10
1217 10
1218 10
1219 10
1220 10
1221 10
1222 10
1223 11
1224 10
1225 11
1226 10
1227 10
1228 10
1229 10
1230 10
1231 10
1232 10
1233 10
1234 10
1235 10
1236 10
1237 10
1238 10
1239 10
1240 10
1241 11
1242 11
1243 10
1244 11
1245 10
1246 10
1247 10
1248 10
1249 10
1250 11
1251 10
1252 10
1253 10
1254 10
1255 10
1256 10
1257 10
1258 10
1259 10
1260 10
1261 10
1262 10
1263 10
1264 10
1265 10
1266 10
1267 10
1268 10
1269 10
1270 10
1271 10
1272 10
1273 10
1274 10
1275 10
1276 10
1277 10
1278 10
1279 11
1280 10
1281 10
1282 10
1283 10
1284 10
1285 10
1286 10
1287 10
1288 11
1289 10
1290 10
1291 10
1292 10
1293 10
1294 10
1295 10
1296 10
1297 10
1298 10
1299 10
1300 10
1301 10
1302 10
1303 10
1304 10
1305 10
1306 10
1307 10
1308 10
1309 10
1310 10
1311 10
1312 10
1313 10
1314 10
1315 10
1316 10
1317 10
1318 10
1319 10
1320 10
1321 10
1322 10
1323 10
1324 10
1325 10
1326 10
1327 10
1328 10
1329 10
1330 10
1331 11
1332 11
1333 11
1334 11
1335 10
1336 10
1337 10
1338 10
1339 10
1340 10
1341 10
1342 10
1343 11
1344 10
1345 10
1346 10
1347 10
1348 10
1349 10
1350 10
1351 10
1352 10
1353 10
1354 11
1355 11
1356 10
1357 10
1358 10
1359 10
1360 10
1361 10
1362 10
1363 10
1364 11
1365 10
1366 10
1367 11
1368 11
1369 11
1370 11
1371 11
1372 11
1373 11
1374 11
1375 11
1376 10
1377 10
1378 10
1379 10
1380 11
1381 11
1382 10
1383 10
1384 11
1385 11
1386 11
1387 11
1388 11
1389 10
1390 10
1391 10
1392 10
1393 10
1394 11
1395 10
1396 10
1397 10
1398 10
1399 10
1400 11
1401 10
1402 10
1403 10
1404 10
1405 10
1406 10
1407 10
1408 10
1409 10
1410 10
1411 10
1412 10
1413 10
1414 10
1415 10
1416 10
1417 10
1418 10
1419 11
1420 10
1421 10
1422 10
1423 10
1424 10
1425 11
1426 10
1427 10
1428 10
1429 10
1430 10
1431 10
1432 10
1433 10
1434 10
1435 10
1436 10
1437 10
1438 10
1439 10
1440 10
1441 10
1442 10
1443 10
1444 10
1445 10
1446 10
1447 10
1448 10
1449 10
1450 10
1451 10
1452 10
1453 10
1454 10
1455 10
1456 10
1457 10
1458 10
1459 10
1460 10
1461 10
1462 10
1463 10
1464 10
1465 10
1466 11
1467 10
1468 9
1469 2
1470 0
1471 5
1472 0
1473 2
1474 2
1475 1
1476 1
1477 1
1478 1
1479 0
1480 4
1481 8
1482 3
1483 7
1484 0
1485 2
1486 1
1487 1
1488 2
1489 1
1490 3
1491 3
1492 3
1493 3
1494 3
1495 6
1496 5
1497 6
1498 5
1499 5
1500 4
1501 3
1502 2
1503 3
1504 2
1505 1
1506 0
1507 3
1508 2
1509 1
1510 0
1511 4
1512 4
1513 4
1514 4
1515 3
1516 0
1517 1
1518 0
1519 2
1520 1
1521 1
1522 1
1523 0
1524 1
1525 0
1526 1
1527 0
1528 0
1529 0
1530 2
1531 1
1532 3
1533 2
1534 1
1535 1
1536 1
1537 0
1538 3
1539 3
1540 8
1541 3
1542 3
1543 2
1544 0
1545 1
1546 2
1547 3
1548 1
1549 1
1550 0
1551 2
1552 1
1553 0
1554 1
1555 1
1556 1
1557 1
1558 0
1559 3
1560 3
1561 2
1562 1
1563 3
1564 3
1565 2
1566 1
1567 0
1568 2
1569 0
1570 3
1571 8
1572 7
1573 3
1574 3
1575 2
1576 1
1577 1
1578 1
1579 0
1580 0
1581 0
1582 0
1583 4
1584 3
1585 2
1586 9
1587 9
1588 8
1589 7
1590 6
1591 8
1592 8
1593 7
1594 6
1595 6
1596 5
1597 0
1598 1
1599 0
1600 5
1601 2
1602 1
1603 1
1604 0
1605 0
1606 0
1607 1
1608 0
1609 2
1610 1
1611 3
1612 4
1613 4
1614 3
1615 3
1616 2
1617 3
1618 3
1619 3
1620 2
1621 1
1622 1
1623 0
1624 4
1625 4
1626 4
1627 3
1628 3
1629 2
1630 7
1631 6
1632 6
1633 6
1634 5
1635 4
1636 4
1637 4
1638 3
1639 3
1640 2
1641 1
1642 2
1643 2
1644 1
1645 1
1646 2
1647 1
1648 1
1649 0
1650 1
1651 0
1652 0
1653 1
1654 0
1655 3
1656 3
1657 2
1658 3
1659 1
1660 0
1661 5
1662 4
1663 1
1664 1
1665 0
1666 2
1667 2
1668 3
1669 2
1670 1
1671 0
1672 7
1673 2
1674 1
1675 0
1676 0
1677 1
1678 0
1679 1
1680 0
1681 4
1682 0
1683 0
1684 4
1685 4
1686 3
1687 2
1688 0
1689 2
1690 1
1691 2
1692 3
1693 3
1694 5
1695 5
1696 5
1697 4
1698 4
1699 4
1700 3
1701 2
1702 2
1703 2
1704 2
1705 2
1706 2
1707 1
1708 0
1709 1
1710 1
1711 1
1712 0
1713 4
1714 1
1715 0
1716 1
1717 0
1718 1
1719 1
1720 0
1721 1
1722 1
1723 1
1724 0
1725 0
1726 1
1727 0
1728 1
1729 1
1730 0
1731 1
1732 0
1733 0
1734 0
1735 2
1736 1
1737 0
1738 1
1739 1
1740 0
1741 0
1742 0
1743 1
1744 1
1745 0
1746 3
1747 2
1748 2
1749 2
1750 1
1751 1
1752 0
1753 3
1754 2
1755 3
1756 2
1757 2
1758 1
1759 2
1760 1
1761 2
1762 1
1763 3
1764 5
1765 5
1766 6
1767 6
1768 6
1769 6
1770 5
1771 4
1772 4
1773 3
1774 4
1775 4
1776 4
1777 3
1778 2
1779 1
1780 3
1781 0
1782 0
1783 2
1784 2
1785 1
1786 1
1787 0
1788 1
1789 0
1790 2
1791 2
1792 1
1793 2
1794 1
1795 1
1796 0
1797 1
1798 1
1799 3
1800 2
1801 2
1802 1
1803 1
1804 0
1805 2
1806 1
1807 0
1808 1
1809 0
1810 0
1811 1
1812 0
1813 2
1814 1
1815 0
1816 2
1817 2
1818 2
1819 1
1820 1
1821 2
1822 2
1823 2
1824 1
1825 1
1826 0
1827 0
1828 0
1829 1
1830 2
1831 0
1832 4
1833 3
1834 3
1835 0
1836 1
1837 1
1838 0
1839 0
1840 4
1841 1
1842 0
1843 0
1844 1
1845 0
1846 2
1847 2
1848 2
1849 1
1850 0
1851 1
1852 1
1853 0
1854 1
1855 1
1856 0
1857 3
1858 3
1859 2
1860 1
1861 1
1862 0
1863 1
1864 0
1865 1
1866 0
1867 1
1868 2
1869 1
1870 2
1871 0
1872 1
1873 0
1874 2
1875 1
1876 1
1877 0
1878 2
1879 1
1880 0
1881 0
1882 1
1883 1
1884 1
1885 0
1886 1
1887 1
1888 1
1889 1
1890 1
1891 0
1892 2
1893 4
1894 4
1895 4
1896 3
1897 4
1898 6
1899 8
1900 8
1901 7
1902 6
1903 6
1904 5
1905 5
1906 4
1907 3
1908 2
1909 1
1910 1
1911 0
1912 3
1913 3
1914 3
1915 2
1916 0
1917 1
1918 0
1919 1
1920 1
1921 0
1922 1
1923 0
1924 0
1925 0
1926 2
1927 2
1928 1
1929 0
1930 0
1931 1
1932 0
1933 2
1934 1
1935 0
1936 0
1937 0
1938 1
1939 1
1940 0
1941 0
1942 1
1943 3
1944 2
1945 3
1946 3
1947 2
1948 1
1949 2
1950 2
1951 2
1952 1
1953 0
1954 1
1955 0
1956 1
1957 2
1958 1
1959 2
1960 4
1961 4
1962 3
1963 4
1964 3
1965 3
1966 2
1967 1
1968 1
1969 1
1970 2
1971 1
1972 0
1973 2
1974 6
1975 5
1976 1
1977 0
1978 6
1979 6
1980 5
1981 0
1982 1
1983 1
1984 1
1985 1
1986 3
1987 2
1988 1
1989 0
1990 3
1991 2
1992 3
1993 3
1994 4
1995 5
1996 5
1997 5
1998 5
1999 4
2000 3
2001 3
2002 2
2003 1
2004 5
2005 0
2006 1
2007 0
2008 1
2009 0
2010 0
2011 2
2012 3
2013 3
2014 3
2015 2
2016 1
2017 1
2018 0
2019 5
2020 5
2021 5
2022 4
2023 3
2024 2
2025 1
2026 1
2027 0
2028 0
2029 1
2030 0
2031 1
2032 1
2033 1
2034 1
2035 2
2036 1
2037 1
2038 0
2039 3
2040 2
2041 1
2042 0
2043 0
2044 1
2045 0
2046 1
2047 0
2048 0
2049 1
2050 2
2051 2
2052 2
2053 1
2054 1
2055 1
2056 0
2057 1
2058 0
2059 1
2060 0
2061 0
2062 0
2063 2
2064 3
2065 3
2066 3
2067 2
2068 1
2069 0
2070 2
2071 3
2072 2
2073 1
2074 0
2075 3
2076 3
2077 2
2078 1
2079 0
2080 3
2081 1
2082 1
2083 1
2084 0
2085 1
2086 1
2087 0
2088 1
2089 0
2090 0
2091 3
2092 2
2093 1
2094 0
2095 0
2096 2
2097 0
2098 1
2099 1
2100 1
2101 1
2102 0
2103 1
2104 0
2105 2
2106 1
2107 2
2108 2
2109 2
2110 1
2111 0
2112 2
2113 1
2114 0
2115 1
2116 1
2117 0
2118 1
2119 0
2120 2
2121 3
2122 3
2123 2
2124 2
2125 1
2126 1
2127 0
2128 0
2129 2
2130 2
2131 3
2132 3
2133 4
2134 3
2135 2
2136 2
2137 1
2138 0
2139 1
2140 1
2141 0
2142 0
2143 1
2144 0
2145 1
2146 0
2147 1
2148 1
2149 0
2150 2
2151 2
2152 1
2153 0
2154 1
2155 1
2156 0
2157 1
2158 1
2159 1
2160 0
2161 1
2162 1
2163 0
2164 0
2165 2
2166 1
2167 1
2168 0
2169 0
2170 0
2171 1
2172 1
2173 0
2174 0
2175 2
2176 2
2177 1
2178 0
2179 0
2180 2
2181 1
2182 0
2183 1
2184 1
2185 1
2186 0
2187 0
2188 0
2189 1
2190 1
2191 0
2192 1
2193 0
2194 1
2195 1
2196 0
2197 1
2198 0
2199 1
2200 2
2201 1
2202 1
2203 0
2204 1
2205 0
2206 0
2207 1
2208 1
2209 0
2210 1
2211 1
2212 0
