23 108
23 109
23 111
23 114
23 116
109 385
109 391
111 102
200 724
200 725
200 732
385 4338
385 4339
385 4340
427 1448
427 1450
427 1451
427 1452
427 1453
427 1454
427 1457
592 1873
592 1874
592 1875
592 1876
592 1877
592 1878
592 1880
592 1881
592 1882
620 1916
620 1920
620 1924
678 2070
678 2072
678 2074
678 2077
788 2301
788 2302
788 2303
788 2304
788 2305
853 1598
853 2492
853 2493
1113 2961
1113 2964
1113 2965
1113 2967
1157 1069
1157 3042
1157 3044
1282 3437
1282 3438
1282 3439
1285 2132
1285 3238
1285 3239
1285 3243
1378 1405
1378 3414
1378 3415
1378 3416
1448 391
1448 3538
1448 3539
1448 3540
1448 3541
1450 1297
1450 3091
1450 3310
1450 3587
1450 3588
1453 1268
1453 1404
1453 3551
1453 3552
1454 1934
1454 3547
1454 3550
1579 1900
1579 2822
1640 2145
1640 3835
1675 1451
1675 3877
1677 3547
1677 6324
1677 7651
1677 9421
1775 1063
1775 1321
1775 3420
1775 3547
1775 4027
1785 1222
1785 1872
1785 2402
1785 4038
1785 4039
1785 4040
1814 4063
1814 4068
1827 1248
1827 3826
1881 2346
1881 2819
1881 3280
1881 4118
1881 4119
1920 1485
1920 2925
1920 4175
1920 4176
1933 1282
1933 1405
1933 3438
1933 4180
1933 4182
1934 3437
1978 1286
1978 1900
1978 4250
1978 4251
1978 4252
2077 2346
2077 2967
2077 3425
2077 3450
2077 4371
2077 4372
2077 4373
2100 1282
2145 3260
2145 3560
2145 4474
2145 4475
2145 4476
2273 1785
2273 1858
2273 4580
2301 4737
2304 2074
2346 4417
2346 4668
2346 4669
2346 4671
2351 853
2351 2897
2351 3540
2351 4675
2410 1900
2410 2689
2410 4696
2410 4768
2410 4769
2479 4830
2492 2819
2492 4371
2492 4852
2492 4854
2520 3683
2520 4238
2520 4475
2520 4838
2520 4909
2520 4911
2551 1248
2551 3942
2551 4926
2751 1264
2751 4131
2751 5113
2751 5114
2795 1321
2795 2439
2795 9640
2795 9941
2795 9944
2819 2967
2819 5192
2819 5193
2833 614
2833 4846
2833 5203
2833 5204
2835 4039
2835 5205
2835 5208
2897 1770
2897 5253
2917 299
2917 5285
2917 5286
2917 5287
2917 5289
2965 2145
2965 4580
2965 4656
2965 5312
2965 5313
3044 2967
3144 3826
3144 4128
3144 5296
3144 5493
3144 5494
3220 724
3220 2646
3220 3835
3220 6779
3220 9271
3220 9299
3550 1022
3552 1022
3552 1916
3552 5286
3552 5810
3552 5811
3562 200
3562 3280
3562 3858
3562 5823
3562 5824
3562 5825
3571 5903
3612 4412
3612 5858
3612 5859
3612 5860
3612 5862
3637 200
3637 5881
3637 5882
3637 5883
3710 2346
3710 5938
3710 5939
3710 5940
3710 5941
3738 2493
3738 5860
3738 6005
3810 1405
3810 1933
3810 4822
3810 4950
3810 5742
3810 6028
3826 910
3826 5860
3826 5871
3826 6043
3826 6044
3833 3826
3833 6067
3833 6068
3833 6069
3858 7079
3858 8470
3858 9143
3858 9145
3881 6102
3881 6103
3986 614
3986 3144
3986 4846
3995 592
3995 1451
3995 3239
3995 4580
3995 5950
3995 6195
3995 6196
4027 2346
4027 4798
4038 5610
4038 5742
4039 1934
4039 6093
4039 6224
4107 4039
4107 5192
4107 6300
4128 1827
4128 6238
4128 6328
4128 6329
4128 6331
4128 6332
4149 1451
4149 1770
4149 1785
4149 4469
4155 614
4155 3540
4155 4846
4155 6357
4176 2646
4250 4251
4250 6407
4338 109
4338 678
4338 1598
4338 4340
4343 114
4343 6469
4373 6486
4373 6488
4373 6489
4412 1933
4412 4340
4412 6534
4412 6536
4417 6329
4417 6539
4467 2070
4467 3539
4467 4417
4467 6093
4467 6488
4475 1677
4475 6574
4476 3325
4484 4180
4484 5192
4484 5950
4484 6582
4484 6585
4492 4838
4492 5285
4492 6588
4492 6591
4492 6592
4580 1248
4580 4251
4580 6680
4675 6746
4704 782
4704 2961
4704 4621
4704 6600
4704 6764
4704 6765
4704 6766
4759 782
4759 2301
4759 5941
4759 6814
4769 1142
4769 6818
4769 6819
4822 1222
4822 5153
4822 6107
4822 6331
4830 4798
4830 6682
4830 6849
4830 6850
4838 4371
4838 5205
4838 6858
4852 6773
4852 6863
4854 3881
4854 4696
4854 4769
4909 6324
4909 6882
4909 6883
4926 5322
5089 5205
5089 7476
5089 8815
5089 9480
5089 10708
5089 10709
5089 10710
5192 3091
5192 4131
5204 4950
5204 5590
5204 6841
5204 7073
5204 7074
5204 7076
5204 7077
5205 7079
5213 102
5254 788
5254 4759
5254 7118
5285 6043
5285 6746
5285 7125
5287 2301
5372 293
5372 403
5372 2074
5372 6300
5372 6779
5382 3881
5432 293
5432 3858
5432 5824
5432 5871
5432 6591
5557 6620
5610 7319
5712 3683
5712 7395
5712 7396
5724 4467
5742 1450
5742 1858
5742 5590
5742 7406
5811 1900
5811 3995
5811 4675
5811 6196
5811 7170
5820 1900
5820 6779
5820 7446
5820 7447
5820 7448
5820 7449
5820 7450
5824 1222
5824 1672
5824 3280
5824 4039
5824 6472
5858 3571
5858 6472
5858 7464
5858 7465
5860 2351
5860 4675
5860 7473
5871 403
5871 2301
5871 7476
5871 8798
5871 8799
5881 1282
5881 5811
5881 7476
5881 7477
5882 5881
5886 4343
5886 7480
5886 7481
5903 7079
5903 8813
5903 8845
5909 1069
5909 6407
5909 10428
5909 10430
5940 6600
5940 7532
5941 2074
5941 2967
5941 5860
5941 7531
5962 3438
5962 4340
5962 5996
5962 7546
6039 788
6039 3810
6039 7582
6039 7583
6039 7584
6043 4469
6102 1598
6102 4131
6102 5432
6132 614
6132 1872
6132 2961
6132 7645
6132 7646
6139 1142
6139 1404
6139 1598
6139 1814
6139 2466
6139 3588
6139 7584
6139 7651
6238 1069
6238 1452
6238 1930
6238 1934
6238 6465
6238 7170
6300 102
6300 5289
6300 5322
6300 7751
6300 7752
6328 9208
6329 1069
6329 5289
6329 7773
6329 7774
6332 7783
6357 7465
6359 910
6406 3439
6406 4417
6406 6849
6406 7824
6406 7825
6406 7827
6419 2520
6469 5742
6469 7859
6469 7861
6486 1142
6486 7865
6486 7866
6486 7867
6505 4830
6536 1268
6536 1579
6536 6620
6536 6890
6536 6917
6536 7891
6551 6849
6616 1579
6616 6419
6616 7920
6616 7921
6661 2964
6661 5742
6661 7464
6661 7937
6661 7938
6680 7041
6794 2132
6794 7751
6794 7858
6814 1452
6814 3322
6814 4737
6814 8020
6841 5692
6841 6093
6841 8048
6841 8049
6841 8050
6850 2351
6850 6996
6863 614
6863 2964
6863 5820
6863 8066
6863 8067
6883 1900
6883 5322
6883 8922
6890 1579
6909 1858
6909 3322
6909 4696
6909 7783
6909 8096
6953 385
6953 2897
6953 5213
6953 5432
6953 5940
6953 7426
6992 2466
6992 7360
6992 8142
7005 1282
7005 3420
7005 9093
7005 9126
7050 5432
7050 5940
7050 6953
7050 8181
7118 1900
7118 7386
7246 6324
7246 6536
7246 7446
7309 1598
7309 7752
7309 8545
7309 10435
7360 6324
7360 9479
7360 9862
7360 9863
7360 9864
7395 620
7395 7532
7395 8376
7395 8377
7395 8378
7476 9305
7605 3881
7605 6766
7651 7108
7651 8547
7651 8548
7651 8549
7651 8550
7752 1960
7752 8620
7752 8621
7774 3877
7783 8629
7827 8553
7827 8666
7858 2819
7858 8687
7859 1900
7859 6328
7859 8665
7866 6882
7866 7108
7866 8386
7866 8674
7878 2493
7878 8680
7937 1248
7937 1934
7937 3091
7937 8734
8004 725
8004 1264
8004 8386
8004 8687
8020 6469
8020 8791
8020 8792
8052 8813
8057 200
8057 724
8057 2439
8057 2479
8057 2646
8057 4769
8057 8814
8057 8815
8057 8816
8106 8489
8106 8847
8106 8848
8106 8849
8106 8850
8106 8851
8198 102
8198 1069
8198 4469
8198 8911
8198 8912
8198 8913
8246 1282
8246 6300
8246 6849
8246 8583
8275 4038
8275 7480
8275 8964
8456 1827
8456 4238
8456 8545
8456 9053
8456 9054
8488 3835
8488 8791
8488 9078
8488 9080
8489 2351
8489 9054
8489 9072
8489 9074
8492 614
8492 2466
8492 9081
8492 9082
8492 9083
8545 108
8611 6300
8611 8489
8611 9148
8611 9149
8611 9150
8621 910
8621 2751
8621 3407
8621 7118
8621 9155
8644 1451
8644 4107
8644 9170
8644 9171
8665 9197
8666 1769
8666 3858
8666 8470
8666 9198
8734 23
8734 4696
8734 5692
8734 5729
8734 9266
8782 1900
8782 2439
8782 4675
8782 7041
8782 8783
8782 8784
8784 1282
8784 5903
8784 9223
8784 9296
8784 9297
8791 200
8791 1960
8791 9301
8813 5372
8813 10081
8815 5193
8815 9307
8815 9308
8815 9310
8828 1675
8828 6324
8828 9145
8843 3835
8843 6551
8843 9331
8849 8489
8849 8813
8850 3560
8850 3858
8850 6536
8850 9083
8850 9088
8850 9336
8911 6118
8911 8828
8911 9397
8953 2145
8953 9426
8953 9427
8953 9428
8972 403
8972 8275
8972 9441
8976 1900
8978 3539
8978 4128
8978 7921
9041 2964
9053 7464
9053 9495
9053 9496
9053 9497
9053 9498
9054 1675
9054 5886
9054 8843
9080 8798
9080 9520
9080 9522
9083 1814
9083 4798
9083 9526
9083 9527
9083 9528
9093 9559
9149 2479
9149 5557
9149 6814
9149 8545
9149 9574
9149 9575
9149 9576
9150 2794
9155 4798
9155 7118
9155 8976
9235 5212
9235 6814
9235 9237
9235 9618
9235 9619
9299 5467
9299 9301
9299 9650
9299 9651
9322 1248
9322 3243
9322 6025
9322 6882
9322 9668
9331 6491
9331 9198
9331 9543
9331 9650
9331 9677
9421 3560
9421 6524
9421 8922
9421 9496
9441 4238
9520 1451
9520 6324
9520 9198
9520 9479
9520 9794
9520 9795
9528 732
9528 6882
9528 8358
9528 9799
9543 7584
9543 9814
9543 9815
9619 1769
9619 8816
9619 9868
9668 620
9668 6107
9677 7118
9786 9307
9815 9808
9832 1321
9832 3239
9832 8791
9832 8922
9861 4467
9861 6746
9861 6794
9861 10042
9861 10044
9863 10041
9864 1769
9864 8142
9864 8828
9864 9957
9864 10046
9896 200
9896 1960
9896 8813
9896 9271
9896 10081
9910 7858
9910 8738
9910 9612
9910 9868
9910 10041
9910 10097
9910 10098
9910 10099
9910 10100
9926 1814
9926 6841
9926 10112
9926 10113
9931 1930
9931 2456
9931 6841
9931 10117
10041 9786
10041 9862
10041 10182
10042 10223
10060 1872
10060 3858
10060 4040
10060 6890
10060 8545
10078 1677
10078 6773
10078 7651
10078 9421
10078 10234
10081 1248
10081 4056
10081 8423
10081 10185
10083 4621
10083 8553
10083 10235
10083 10236
10083 10237
10083 10238
10083 10239
10162 10185
10176 7426
10176 9331
10176 10294
10185 1063
10185 1770
10185 6407
10185 7166
10223 1282
10223 3539
10223 7079
10223 9786
10226 7858
10234 1579
10234 9322
10236 3995
10236 10347
10238 4621
10238 5964
10238 7858
10238 10357
10238 10358
10239 1924
10239 8972
10271 2456
10271 3560
10271 10361
10271 10362
10271 10363
10292 6890
10292 7309
10292 7858
10292 9128
10292 9365
10294 2925
10294 5372
10294 10375
10361 1858
10361 3881
10361 9301
10361 10420
10361 10421
10363 3439
10421 3322
10428 10505
10496 1282
10496 7079
10496 9128
10509 4798
10664 4040
10706 5903
10706 8782
10706 10251
10709 9480
10709 10041
10709 10708
10710 3220
10710 3407
10710 8096
10710 10435
10710 10723
10710 10725
10723 10666
10723 10743
10723 10744
10723 10745
10729 1960
10743 10799
10745 4737
10745 6043
10745 7605
10745 7878
10745 9296
10745 10774
10745 10775
10774 7605
10774 10775
10774 10800
10774 10801
10797 4798
10797 6118
10797 7241
10797 10855
10797 10856
10855 4696
10855 9150
10855 9171
10855 9297
10855 10866
10855 10867
10855 10868
