0 4
1 6
2 6
3 6
4 10
5 10
6 10
7 11
8 10
9 9
10 9
11 8
12 8
13 8
14 8
15 7
16 10
17 7
18 7
19 9
20 7
21 11
22 9
23 10
24 10
25 10
26 10
27 9
28 9
29 8
30 8
31 8
32 7
33 6
34 5
35 12
36 5
37 5
38 5
39 4
40 7
41 4
42 6
43 4
44 3
45 6
46 6
47 6
48 5
49 13
50 1
51 14
52 2
53 3
54 7
55 2
56 1
57 9
58 11
59 9
60 9
61 9
62 8
63 5
64 4
65 3
66 2
67 2
68 3
69 5
70 3
71 3
72 12
73 6
74 6
75 6
76 6
77 6
78 6
79 6
80 12
81 10
82 10
83 9
84 14
85 7
86 7
87 6
88 6
89 5
90 5
91 6
92 6
93 7
94 6
95 5
96 5
97 5
98 5
99 4
100 8
101 7
102 4
103 3
104 2
105 1
106 16
107 15
108 5
109 2
110 1
111 1
112 0
113 11
114 6
115 6
116 6
117 7
118 6
119 5
120 5
121 4
122 2
123 15
124 14
125 2
126 2
127 2
128 2
129 1
130 10
131 11
132 12
133 12
134 12
135 12
136 12
137 12
138 11
139 11
140 11
141 10
142 9
143 14
144 14
145 14
146 14
147 13
148 14
149 14
150 15
151 15
152 14
153 14
154 13
155 15
156 14
157 14
158 14
159 13
160 13
161 12
162 11
163 11
164 10
165 10
166 11
167 11
168 10
169 9
170 8
171 8
172 7
173 9
174 7
175 1
176 3
177 6
178 3
179 5
180 6
181 6
182 6
183 6
184 5
185 6
186 6
187 6
188 5
189 4
190 4
191 3
192 4
193 3
194 2
195 2
196 2
197 2
198 1
199 0
200 1
201 1
202 0
203 10
204 4
205 4
206 3
207 2
208 1
209 3
210 0
211 1
212 1
213 3
214 1
215 1
216 1
217 0
218 5
219 4
220 5
221 0
222 4
223 3
224 8
225 1
226 10
227 1
228 0
229 2
230 2
231 6
232 5
233 8
234 8
235 8
236 7
237 4
238 2
239 1
240 4
241 4
242 3
243 8
244 7
245 6
246 6
247 5
248 6
249 5
250 5
251 4
252 3
253 4
254 3
255 3
256 2
257 8
258 7
259 1
260 1
261 0
262 0
263 0
264 1
265 1
266 0
267 2
268 1
269 1
270 4
271 6
272 5
273 4
274 3
275 2
276 3
277 4
278 4
279 4
280 3
281 7
282 4
283 3
284 3
285 2
286 1
287 1
288 0
289 10
290 10
291 9
292 3
293 1
294 1
295 1
296 0
297 1
298 1
299 2
300 3
301 3
302 3
303 3
304 2
305 2
306 2
307 2
308 2
309 1
310 0
311 1
312 0
313 2
314 1
315 1
316 0
317 4
318 3
319 9
320 8
321 3
322 5
323 4
324 3
325 2
326 2
327 2
328 2
329 1
330 3
331 4
332 5
333 6
334 4
335 3
336 2
337 3
338 9
339 1
340 1
341 0
342 7
343 8
344 11
345 10
346 10
347 9
348 8
349 7
350 6
351 5
352 6
353 6
354 7
355 6
356 5
357 4
358 4
359 3
360 2
361 2
362 3
363 3
364 3
365 3
366 2
367 1
368 2
369 2
370 1
371 1
372 1
373 0
374 3
375 2
376 1
377 1
378 0
379 1
380 1
381 3
382 3
383 2
384 3
385 2
386 0
387 1
388 0
389 3
390 4
391 2
392 2
393 1
394 1
395 1
396 1
397 0
398 0
399 1
400 0
401 1
402 0
403 9
404 8
405 7
406 7
407 6
408 5
409 1
410 1
411 1
412 0
413 1
414 1
415 0
416 2
417 1
418 1
419 6
420 0
421 4
422 4
423 3
424 2
425 1
426 5
427 2
428 2
429 1
430 2
431 2
432 4
433 4
434 4
435 3
436 1
437 2
438 2
439 3
440 4
441 3
442 3
443 5
444 5
445 4
446 4
447 5
448 5
449 5
450 4
451 3
452 2
453 2
454 1
455 0
456 1
457 2
458 0
459 0
460 2
461 2
462 2
463 2
464 1
465 1
466 0
467 0
468 3
469 5
470 5
471 4
472 2
473 1
474 1
475 0
476 1
477 1
478 0
479 2
480 3
481 1
482 1
483 7
484 0
485 2
486 1
487 1
488 0
489 0
490 0
491 1
492 1
493 2
494 6
495 2
496 1
497 0
498 1
499 6
500 0
501 5
502 1
503 1
504 0
505 3
506 2
507 1
508 1
509 0
510 3
511 2
512 1
513 0
514 2
515 1
516 3
517 2
518 3
519 3
520 3
521 3
522 2
523 1
524 0
525 2
526 1
527 1
528 0
529 1
530 0
531 1
532 0
533 2
534 1
535 0
536 0
537 1
538 2
539 0
540 7
541 8
542 7
543 6
544 6
545 5
546 4
547 3
548 3
549 3
550 2
551 1
552 1
553 1
554 3
555 3
556 4
557 4
558 3
559 2
560 2
561 2
562 1
563 1
564 0
565 2
566 1
567 1
568 1
569 0
570 1
571 0
572 4
573 3
574 2
575 2
576 2
577 1
578 0
579 1
580 3
581 3
582 2
583 2
584 1
585 0
586 1
587 1
588 0
589 1
590 2
591 2
592 2
593 1
594 2
595 0
596 1
597 2
598 0
599 1
600 2
601 3
602 3
603 2
604 1
605 1
606 1
607 1
608 0
609 3
610 2
611 0
612 0
613 1
614 1
615 1
616 2
617 1
618 0
619 3
620 2
621 1
622 1
623 0
624 2
625 1
626 1
627 0
628 0
629 1
630 1
631 1
632 1
633 0
634 1
635 1
636 0
637 1
638 0
639 0
640 1
641 0
642 1
643 2
644 1
645 1
646 2
647 2
648 1
649 1
650 0
651 0
652 2
653 1
654 0
655 0
656 1
657 2
658 2
659 1
660 1
661 1
662 0
663 0
664 0
665 0
666 0
667 0
668 0
669 2
670 2
671 2
672 1
673 1
674 0
