0 17
1 17
2 17
3 17
4 19
5 17
6 17
7 16
8 24
9 23
10 18
11 18
12 17
13 16
14 17
15 17
16 17
17 20
18 19
19 19
20 19
21 19
22 19
23 21
24 21
25 21
26 21
27 20
28 20
29 20
30 19
31 19
32 20
33 20
34 20
35 22
36 22
37 22
38 22
39 21
40 21
41 21
42 21
43 20
44 20
45 19
46 20
47 21
48 20
49 21
50 20
51 20
52 20
53 20
54 19
55 18
56 20
57 20
58 20
59 20
60 19
61 19
62 19
63 19
64 19
65 19
66 21
67 23
68 24
69 24
70 24
71 24
72 25
73 24
74 24
75 23
76 23
77 23
78 22
79 22
80 22
81 22
82 23
83 23
84 23
85 23
86 23
87 23
88 23
89 22
90 21
91 21
92 21
93 21
94 21
95 21
96 20
97 20
98 20
99 19
100 19
101 18
102 18
103 17
104 16
105 22
106 16
107 16
108 17
109 16
110 16
111 18
112 24
113 21
114 16
115 17
116 17
117 17
118 17
119 17
120 17
121 16
122 16
123 16
124 16
125 19
126 19
127 21
128 19
129 21
130 20
131 20
132 19
133 18
134 16
135 17
136 17
137 17
138 17
139 18
140 17
141 17
142 16
143 17
144 16
145 17
146 16
147 18
148 17
149 16
150 18
151 22
152 16
153 17
154 20
155 16
156 17
157 17
158 18
159 18
160 19
161 18
162 18
163 17
164 18
165 18
166 18
167 18
168 17
169 16
170 19
171 17
172 16
173 17
174 16
175 16
176 19
177 16
178 17
179 17
180 16
181 16
182 16
183 18
184 18
185 18
186 19
187 23
188 19
189 19
190 21
191 20
192 20
193 20
194 19
195 18
196 18
197 17
198 17
199 24
200 16
201 16
202 16
203 16
204 18
205 18
206 18
207 16
208 16
209 19
210 16
211 16
212 16
213 16
214 16
215 20
216 16
217 17
218 19
219 17
220 17
221 19
222 18
223 22
224 18
225 20
226 17
227 17
228 18
229 17
230 18
231 16
232 16
233 21
234 17
235 16
236 16
237 16
238 18
239 19
240 22
241 22
242 23
243 23
244 22
245 21
246 19
247 19
248 19
249 18
250 18
251 17
252 18
253 17
254 16
255 17
256 16
257 19
258 18
259 16
260 16
261 17
262 16
263 16
264 17
265 16
266 16
267 16
268 17
269 16
270 16
271 17
272 16
273 16
274 16
275 17
276 16
277 16
278 19
279 17
280 19
281 21
282 23
283 23
284 23
285 22
286 22
287 21
288 20
289 19
290 18
291 18
292 17
293 17
294 17
295 17
296 17
297 16
298 17
299 16
300 18
301 20
302 16
303 16
304 19
305 18
306 18
307 17
308 20
309 20
310 20
311 20
312 20
313 20
314 20
315 20
316 19
317 16
318 17
319 17
320 16
321 19
322 17
323 17
324 17
325 17
326 16
327 16
328 17
329 16
330 17
331 17
332 17
333 16
334 17
335 17
336 16
337 16
338 16
339 16
340 16
341 16
342 18
343 18
344 17
345 16
346 16
347 16
348 18
349 16
350 22
351 22
352 22
353 23
354 22
355 21
356 17
357 17
358 18
359 16
360 17
361 17
362 19
363 19
364 19
365 18
366 18
367 18
368 18
369 17
370 17
371 19
372 18
373 19
374 18
375 18
376 18
377 18
378 18
379 17
380 16
381 16
382 16
383 17
384 19
385 18
386 18
387 17
388 16
389 19
390 19
391 19
392 19
393 19
394 19
395 18
396 16
397 17
398 16
399 17
400 16
401 16
402 16
403 16
404 16
405 16
406 20
407 17
408 17
409 17
410 16
411 16
412 21
413 21
414 16
415 16
416 16
417 16
418 16
419 16
420 17
421 17
422 17
423 16
424 16
425 19
426 16
427 20
428 20
429 20
430 19
431 18
432 19
433 18
434 18
435 18
436 17
437 16
438 17
439 16
440 17
441 19
442 19
443 20
444 20
445 20
446 19
447 18
448 18
449 17
450 17
451 16
452 16
453 16
454 16
455 17
456 17
457 19
458 18
459 18
460 18
461 18
462 18
463 17
464 16
465 16
466 19
467 16
468 16
469 20
470 18
471 17
472 16
473 16
474 16
475 16
476 16
477 19
478 16
479 16
480 16
481 17
482 16
483 16
484 17
485 16
486 16
487 18
488 17
489 16
490 16
491 16
492 19
493 19
494 19
495 18
496 19
497 18
498 17
499 16
500 16
501 16
502 16
503 16
504 16
505 16
506 17
507 18
508 18
509 17
510 16
511 16
512 17
513 17
514 17
515 17
516 17
517 16
518 20
519 20
520 20
521 19
522 20
523 20
524 20
525 19
526 18
527 17
528 18
529 16
530 16
531 16
532 16
533 16
534 16
535 16
536 16
537 16
538 16
539 16
540 21
541 16
542 16
543 16
544 16
545 16
546 19
547 19
548 17
549 19
550 19
551 18
552 18
553 18
554 18
555 18
556 18
557 18
558 18
559 18
560 17
561 16
562 16
563 16
564 16
565 16
566 16
567 16
568 18
569 18
570 18
571 17
572 16
573 16
574 16
575 16
576 16
577 19
578 20
579 20
580 20
581 20
582 20
583 19
584 18
585 16
586 16
587 18
588 17
589 17
590 17
591 16
592 16
593 16
594 16
595 18
596 18
597 17
598 18
599 17
600 17
601 16
602 16
603 16
604 16
605 16
606 16
607 17
608 17
609 16
610 16
611 17
612 16
613 16
614 20
615 16
616 18
617 16
618 16
619 16
620 16
621 18
622 17
623 17
624 16
625 16
626 16
627 16
628 16
629 16
630 16
631 16
632 17
633 16
634 18
635 22
636 18
637 17
638 17
639 17
640 17
641 16
642 16
643 16
644 17
645 16
646 16
647 16
648 16
649 16
650 16
651 17
652 17
653 16
654 16
655 16
656 16
657 16
658 17
659 16
660 16
661 16
662 17
663 16
664 16
665 22
666 22
667 21
668 21
669 21
670 20
671 19
672 19
673 19
674 18
675 16
676 18
677 17
678 17
679 20
680 20
681 20
682 19
683 17
684 17
685 16
686 18
687 18
688 18
689 18
690 18
691 17
692 17
693 17
694 16
695 16
696 18
697 16
698 16
699 16
700 16
701 17
702 16
703 16
704 16
705 16
706 16
707 16
708 17
709 17
710 17
711 17
712 17
713 16
714 17
715 16
716 16
717 16
718 16
719 18
720 16
721 16
722 16
723 16
724 16
725 17
726 16
727 16
728 18
729 17
730 17
731 16
732 16
733 17
734 16
735 16
736 16
737 16
738 17
739 17
740 16
741 17
742 16
743 17
744 16
745 16
746 18
747 18
748 18
749 17
750 17
751 17
752 17
753 17
754 16
755 16
756 18
757 18
758 16
759 16
760 16
761 20
762 17
763 17
764 17
765 16
766 16
767 17
768 16
769 17
770 16
771 18
772 16
773 16
774 16
775 16
776 17
777 17
778 19
779 17
780 16
781 16
782 16
783 17
784 16
785 17
786 16
787 16
788 16
789 16
790 16
791 16
792 16
793 16
794 16
795 16
796 16
797 16
798 16
799 18
800 19
801 19
802 19
803 18
804 18
805 20
806 18
807 17
808 17
809 17
810 17
811 17
812 16
813 16
814 16
815 16
816 16
817 16
818 16
819 16
820 16
821 16
822 16
823 17
824 16
825 16
826 16
827 16
828 16
829 16
830 16
831 16
832 16
833 17
834 17
835 17
836 16
837 17
838 17
839 16
840 16
841 16
842 16
843 16
844 16
845 16
846 16
847 17
848 16
849 16
850 16
851 16
852 16
853 16
854 16
855 16
856 16
857 16
858 16
859 16
860 16
861 16
862 17
863 16
864 17
865 18
866 18
867 20
868 20
869 19
870 18
871 17
872 17
873 16
874 16
875 16
876 16
877 16
878 16
879 16
880 16
881 17
882 17
883 17
884 16
885 16
886 17
887 16
888 16
889 17
890 16
891 16
892 17
893 16
894 16
895 16
896 16
897 16
898 16
899 16
900 16
901 16
902 18
903 18
904 17
905 16
906 16
907 17
908 18
909 18
910 17
911 18
912 16
913 16
914 16
915 16
916 16
917 16
918 16
919 16
920 17
921 17
922 16
923 16
924 16
925 16
926 18
927 16
928 16
929 16
930 16
931 16
932 16
933 16
934 16
935 16
936 16
937 17
938 17
939 16
940 17
941 17
942 16
943 17
944 17
945 17
946 17
947 16
948 19
949 18
950 16
951 16
952 17
953 16
954 17
955 16
956 16
957 16
958 16
959 16
960 16
961 16
962 16
963 17
964 17
965 17
966 16
967 19
968 22
969 16
970 20
971 20
972 20
973 20
974 19
975 19
976 19
977 18
978 16
979 16
980 16
981 16
982 16
983 16
984 16
985 16
986 16
987 16
988 16
989 16
990 16
991 16
992 16
993 16
994 16
995 19
996 19
997 18
998 16
999 16
1000 16
1001 17
1002 18
1003 17
1004 17
1005 16
1006 16
1007 19
1008 19
1009 18
1010 18
1011 18
1012 18
1013 17
1014 16
1015 16
1016 22
1017 22
1018 21
1019 20
1020 16
1021 16
1022 16
1023 16
1024 18
1025 16
1026 16
1027 16
1028 16
1029 18
1030 18
1031 18
1032 17
1033 16
1034 17
1035 17
1036 17
1037 16
1038 16
1039 16
1040 17
1041 16
1042 16
1043 16
1044 16
1045 16
1046 18
1047 18
1048 18
1049 18
1050 17
1051 16
1052 16
1053 17
1054 16
1055 16
1056 16
1057 16
1058 16
1059 17
1060 16
1061 16
1062 17
1063 17
1064 16
1065 16
1066 17
1067 17
1068 16
1069 16
1070 16
1071 16
1072 16
1073 16
1074 16
1075 16
1076 16
1077 16
1078 16
1079 16
1080 17
1081 16
1082 16
1083 16
1084 16
1085 16
1086 16
1087 16
1088 16
1089 16
1090 16
1091 16
1092 16
1093 16
1094 16
1095 16
1096 16
1097 16
1098 16
1099 16
1100 16
1101 16
1102 16
1103 19
1104 19
1105 18
1106 16
1107 16
1108 16
1109 16
1110 16
1111 16
1112 16
1113 16
1114 16
1115 16
1116 17
1117 17
1118 17
1119 16
1120 16
1121 16
1122 16
1123 16
1124 16
1125 16
1126 16
1127 16
1128 16
1129 16
1130 16
1131 17
1132 17
1133 17
1134 17
1135 16
1136 16
1137 16
1138 16
1139 16
1140 16
1141 16
1142 16
1143 16
1144 16
1145 16
1146 16
1147 16
1148 16
1149 16
1150 16
1151 16
1152 16
1153 16
1154 16
1155 16
1156 16
1157 16
1158 16
1159 16
1160 16
1161 16
1162 17
1163 17
1164 16
1165 16
1166 16
1167 16
1168 17
1169 17
1170 17
1171 16
1172 16
1173 16
1174 16
1175 16
1176 18
1177 16
1178 16
1179 16
1180 17
1181 17
1182 17
1183 18
1184 19
1185 19
1186 19
1187 19
1188 19
1189 18
1190 18
1191 18
1192 17
1193 16
1194 16
1195 16
1196 16
1197 16
1198 17
1199 18
1200 18
1201 17
1202 16
1203 16
1204 16
1205 16
1206 16
1207 16
1208 16
1209 18
1210 18
1211 17
1212 16
1213 16
1214 16
1215 16
1216 19
1217 18
1218 16
1219 16
1220 16
1221 16
1222 16
1223 16
1224 16
1225 16
1226 16
1227 16
1228 17
1229 17
1230 17
1231 18
1232 18
1233 17
1234 16
1235 17
1236 16
1237 16
1238 16
1239 16
1240 16
1241 16
1242 16
1243 16
1244 16
1245 16
1246 16
1247 16
1248 16
1249 16
1250 16
1251 16
1252 16
1253 16
1254 18
1255 16
1256 17
1257 16
1258 16
1259 17
1260 16
1261 16
1262 16
1263 16
1264 16
1265 16
1266 16
1267 16
1268 16
1269 16
1270 16
1271 16
1272 17
1273 17
1274 18
1275 18
1276 17
1277 17
1278 16
1279 16
1280 16
1281 17
1282 17
1283 17
1284 17
1285 16
1286 16
1287 16
1288 16
1289 16
1290 16
1291 16
1292 18
1293 18
1294 18
1295 17
1296 18
1297 18
1298 17
1299 17
1300 16
1301 15
1302 5
1303 5
1304 4
1305 0
1306 3
1307 2
1308 2
1309 11
1310 13
1311 13
1312 12
1313 11
1314 1
1315 3
1316 1
1317 0
1318 2
1319 2
1320 1
1321 3
1322 6
1323 6
1324 6
1325 5
1326 2
1327 5
1328 1
1329 0
1330 0
1331 3
1332 3
1333 2
1334 3
1335 3
1336 2
1337 6
1338 5
1339 1
1340 1
1341 1
1342 1
1343 0
1344 1
1345 5
1346 4
1347 1
1348 2
1349 1
1350 0
1351 4
1352 2
1353 0
1354 4
1355 1
1356 1
1357 0
1358 15
1359 14
1360 1
1361 2
1362 3
1363 4
1364 4
1365 3
1366 3
1367 3
1368 2
1369 1
1370 1
1371 0
1372 1
1373 2
1374 2
1375 2
1376 2
1377 5
1378 3
1379 3
1380 3
1381 4
1382 5
1383 4
1384 3
1385 2
1386 2
1387 2
1388 1
1389 1
1390 2
1391 2
1392 2
1393 1
1394 1
1395 0
1396 3
1397 5
1398 3
1399 2
1400 2
1401 1
1402 1
1403 1
1404 1
1405 1
1406 0
1407 1
1408 4
1409 4
1410 4
1411 4
1412 4
1413 3
1414 2
1415 2
1416 4
1417 3
1418 5
1419 5
1420 4
1421 14
1422 14
1423 13
1424 13
1425 12
1426 12
1427 11
1428 4
1429 3
1430 3
1431 2
1432 2
1433 2
1434 1
1435 0
1436 1
1437 1
1438 0
1439 6
1440 5
1441 0
1442 1
1443 1
1444 0
1445 3
1446 14
1447 2
1448 10
1449 1
1450 1
1451 1
1452 2
1453 1
1454 1
1455 0
1456 1
1457 0
1458 4
1459 3
1460 3
1461 0
1462 0
1463 8
1464 3
1465 1
1466 0
1467 1
1468 1
1469 1
1470 0
1471 2
1472 0
1473 0
1474 1
1475 0
1476 0
1477 1
1478 0
1479 1
1480 2
1481 6
1482 7
1483 10
1484 10
1485 10
1486 10
1487 13
1488 15
1489 15
1490 15
1491 14
1492 14
1493 14
1494 13
1495 14
1496 14
1497 14
1498 13
1499 12
1500 11
1501 12
1502 11
1503 10
1504 9
1505 10
1506 11
1507 11
1508 11
1509 11
1510 12
1511 11
1512 10
1513 12
1514 11
1515 10
1516 9
1517 10
1518 10
1519 9
1520 8
1521 8
1522 8
1523 7
1524 7
1525 6
1526 5
1527 0
1528 0
1529 2
1530 2
1531 2
1532 1
1533 1
1534 0
1535 1
1536 0
1537 5
1538 1
1539 1
1540 1
1541 1
1542 0
1543 2
1544 2
1545 3
1546 2
1547 2
1548 1
1549 0
1550 1
1551 0
1552 1
1553 2
1554 2
1555 3
1556 1
1557 0
1558 4
1559 4
1560 0
1561 1
1562 3
1563 11
1564 11
1565 10
1566 3
1567 2
1568 1
1569 0
1570 4
1571 1
1572 0
1573 1
1574 1
1575 0
1576 2
1577 1
1578 1
1579 0
1580 4
1581 0
1582 1
1583 0
1584 1
1585 1
1586 1
1587 0
1588 0
1589 3
1590 1
1591 0
1592 1
1593 1
1594 1
1595 0
1596 4
1597 4
1598 3
1599 4
1600 1
1601 0
1602 2
1603 1
1604 2
1605 1
1606 1
1607 0
1608 2
1609 3
1610 3
1611 2
1612 3
1613 3
1614 2
1615 2
1616 4
1617 3
1618 4
1619 4
1620 4
1621 3
1622 2
1623 1
1624 0
1625 1
1626 2
1627 2
1628 2
1629 1
1630 1
1631 0
1632 0
1633 1
1634 1
1635 0
1636 1
1637 1
1638 0
1639 2
1640 1
1641 0
1642 2
1643 1
1644 1
1645 0
1646 0
1647 1
1648 2
1649 2
1650 1
1651 1
1652 0
1653 4
1654 3
1655 4
1656 4
1657 4
1658 3
1659 1
1660 0
1661 0
1662 1
1663 0
1664 0
1665 2
1666 1
1667 0
1668 2
1669 0
1670 3
1671 1
1672 0
1673 0
1674 1
1675 3
1676 2
1677 1
1678 1
1679 1
1680 1
1681 0
1682 0
1683 5
1684 1
1685 0
1686 1
1687 1
1688 0
1689 1
1690 1
1691 1
1692 1
1693 1
1694 0
1695 0
1696 5
1697 5
1698 4
1699 1
1700 1
1701 4
1702 0
1703 1
1704 0
1705 4
1706 3
1707 2
1708 1
1709 0
1710 2
1711 1
1712 1
1713 1
1714 0
1715 2
1716 3
1717 3
1718 2
1719 4
1720 4
1721 3
1722 2
1723 1
1724 1
1725 1
1726 0
1727 0
1728 2
1729 4
1730 4
1731 5
1732 4
1733 3
1734 7
1735 6
1736 2
1737 1
1738 0
1739 0
1740 0
1741 0
1742 1
1743 0
1744 2
1745 0
1746 0
1747 1
1748 5
1749 1
1750 1
1751 0
1752 0
1753 1
1754 1
1755 1
1756 0
1757 0
1758 1
1759 1
1760 0
1761 0
1762 1
1763 1
1764 1
1765 0
1766 0
1767 2
1768 1
1769 0
1770 6
1771 5
1772 5
1773 4
1774 0
1775 2
1776 0
1777 1
1778 1
1779 1
1780 1
1781 2
1782 2
1783 1
1784 0
1785 3
1786 2
1787 7
1788 2
1789 1
1790 1
1791 1
1792 0
1793 0
1794 1
1795 0
1796 1
1797 1
1798 0
1799 3
1800 2
1801 1
1802 0
1803 3
1804 4
1805 4
1806 3
1807 2
1808 1
1809 1
1810 1
1811 0
1812 1
1813 1
1814 1
1815 1
1816 0
1817 3
1818 2
1819 1
1820 1
1821 1
1822 1
1823 3
1824 3
1825 2
1826 2
1827 4
1828 1
1829 0
1830 1
1831 1
1832 0
1833 1
1834 2
1835 0
1836 1
1837 0
1838 1
1839 1
1840 1
1841 0
1842 3
1843 0
1844 1
1845 1
1846 1
1847 2
1848 2
1849 2
1850 2
1851 1
1852 0
1853 0
1854 0
1855 1
1856 2
1857 4
1858 3
1859 2
1860 4
1861 4
1862 3
1863 3
1864 2
1865 1
1866 0
1867 5
1868 4
1869 5
1870 2
1871 1
1872 1
1873 0
1874 1
1875 1
1876 0
1877 4
1878 1
1879 0
1880 0
1881 2
1882 2
1883 2
1884 1
1885 0
1886 3
1887 1
1888 1
1889 1
1890 0
1891 1
1892 0
1893 3
1894 3
1895 2
1896 1
1897 3
1898 2
1899 1
1900 4
1901 1
1902 4
1903 0
1904 2
1905 2
1906 1
1907 0
1908 4
1909 4
1910 4
1911 3
1912 10
1913 9
1914 1
1915 1
1916 0
1917 1
1918 1
1919 0
1920 1
1921 0
1922 1
1923 1
1924 0
1925 2
1926 1
1927 1
1928 0
1929 2
1930 1
1931 0
1932 2
1933 2
1934 3
1935 4
1936 5
1937 4
1938 3
1939 4
1940 3
1941 2
1942 1
1943 0
1944 0
1945 1
1946 2
1947 2
1948 2
1949 1
1950 0
1951 1
1952 0
1953 1
1954 0
1955 1
1956 0
1957 3
1958 1
1959 0
1960 1
1961 1
1962 4
1963 0
1964 2
1965 0
1966 6
1967 4
1968 4
1969 3
1970 2
1971 1
1972 1
1973 0
1974 2
1975 1
1976 0
1977 1
1978 0
1979 1
1980 0
1981 0
1982 1
1983 2
1984 6
1985 2
1986 3
1987 2
1988 2
1989 1
1990 1
1991 0
1992 0
1993 5
1994 1
1995 5
1996 1
1997 1
1998 1
1999 0
2000 0
2001 10
2002 9
2003 8
2004 3
2005 1
2006 0
2007 2
2008 1
2009 3
2010 3
2011 3
2012 3
2013 3
2014 4
2015 4
2016 4
2017 3
2018 2
2019 1
2020 0
2021 4
2022 1
2023 1
2024 1
2025 0
2026 1
2027 1
2028 1
2029 0
2030 0
2031 1
2032 1
2033 0
2034 4
2035 1
2036 0
2037 1
2038 1
2039 1
2040 0
2041 1
2042 0
2043 0
2044 0
2045 0
2046 0
2047 0
2048 1
2049 0
2050 7
2051 1
2052 1
2053 0
2054 0
2055 1
2056 2
2057 1
2058 0
2059 1
2060 0
2061 0
2062 0
2063 1
2064 0
2065 1
2066 0
2067 1
2068 1
2069 0
2070 2
2071 1
2072 2
2073 1
2074 1
2075 0
2076 1
2077 0
2078 0
2079 1
2080 0
2081 1
2082 2
2083 1
2084 0
2085 1
2086 0
2087 1
2088 2
2089 1
2090 2
2091 2
2092 3
2093 3
2094 4
2095 2
2096 2
2097 1
2098 0
2099 2
2100 1
2101 2
2102 2
2103 1
2104 0
2105 0
2106 0
2107 7
2108 6
2109 0
2110 4
2111 3
2112 4
2113 5
2114 6
2115 6
2116 6
2117 5
2118 6
2119 5
2120 4
2121 4
2122 4
2123 4
2124 3
2125 2
2126 2
2127 2
2128 3
2129 3
2130 2
2131 2
2132 1
2133 1
2134 0
2135 1
2136 1
2137 0
2138 1
2139 1
2140 1
2141 1
2142 0
2143 1
2144 1
2145 0
2146 2
2147 1
2148 1
2149 0
2150 2
2151 2
2152 1
2153 0
2154 7
2155 1
2156 0
2157 7
2158 6
2159 5
2160 0
2161 0
2162 1
2163 1
2164 0
2165 1
2166 1
2167 0
2168 0
2169 11
2170 3
2171 2
2172 1
2173 3
2174 3
2175 2
2176 2
2177 2
2178 1
2179 8
2180 6
2181 6
2182 8
2183 10
2184 10
2185 10
2186 10
2187 10
2188 10
2189 9
2190 8
2191 7
2192 6
2193 5
2194 1
2195 0
2196 0
2197 0
2198 0
2199 1
2200 0
2201 0
2202 0
2203 0
2204 3
2205 3
2206 2
2207 1
2208 0
2209 0
2210 0
2211 0
2212 0
2213 3
2214 2
2215 0
2216 1
2217 4
2218 4
2219 3
2220 6
2221 5
2222 5
2223 4
2224 3
2225 2
2226 1
2227 1
2228 1
2229 0
2230 1
2231 0
2232 2
2233 2
2234 1
2235 1
2236 0
2237 1
2238 1
2239 2
2240 1
2241 1
2242 2
2243 2
2244 1
2245 1
2246 0
2247 0
2248 1
2249 0
2250 1
2251 1
2252 0
2253 1
2254 2
2255 1
2256 0
2257 0
2258 0
2259 0
2260 1
2261 0
2262 0
2263 1
2264 1
2265 0
2266 1
2267 3
2268 2
2269 1
2270 0
2271 2
2272 1
2273 1
2274 3
2275 3
2276 3
2277 2
2278 1
2279 0
2280 1
2281 2
2282 1
2283 1
2284 1
2285 0
2286 2
2287 2
2288 1
2289 0
2290 0
2291 1
2292 1
2293 1
2294 1
2295 0
2296 2
2297 2
2298 1
2299 3
2300 3
2301 3
2302 2
2303 2
2304 1
2305 0
2306 1
2307 0
2308 4
2309 4
2310 3
2311 3
2312 4
2313 5
2314 4
2315 3
2316 3
2317 4
2318 3
2319 3
2320 2
2321 1
2322 0
2323 0
2324 1
2325 1
2326 0
