37 0
41 1
52 2
123 188
132 190
144 194
219 189
225 74
261 185
304 195
348 91
364 122
388 75
405 6
406 7
408 9
409 186
412 78
414 187
422 196
423 199
453 29
502 200
511 103
513 191
514 192
515 185
517 11
520 193
535 205
547 185
567 185
622 206
699 185
722 208
746 209
754 211
759 52
832 185
913 25
933 3
988 185
1003 185
1020 10
1050 185
1054 42
1068 217
1087 72
1104 218
1129 22
1130 224
1145 227
1155 100
1167 230
1182 231
1193 233
1198 185
1207 228
1224 237
1249 17
1251 15
1253 89
1254 90
1258 185
1262 173
1305 185
1325 238
1335 185
1358 4
1360 5
1371 8
1375 185
1382 243
1390 76
1394 77
1395 53
1407 102
1411 197
1413 198
1449 154
1495 256
1508 26
1509 27
1510 28
1520 104
1529 185
1536 185
1556 262
1562 263
1627 14
1632 24
1639 246
1643 185
1644 165
1645 166
1646 185
1664 266
1689 201
1691 107
1692 202
1693 203
1695 204
1697 124
1715 185
1716 161
1722 162
1731 229
1750 271
1764 63
1773 272
1798 87
1817 23
1823 19
1825 20
1829 21
1860 82
1864 273
1923 88
1942 275
1943 185
1944 144
2060 36
2093 167
2107 276
2118 282
2122 32
2123 33
2125 34
2126 35
2150 101
2156 70
2166 185
2195 80
2196 185
2197 128
2198 207
2231 185
2252 283
2258 210
2288 185
2289 234
2315 185
2331 185
2339 284
2354 285
2380 85
2381 185
2382 119
2408 286
2443 287
2449 58
2457 288
2464 293
2474 43
2510 296
2528 298
2587 300
2592 51
2595 185
2623 301
2628 302
2630 304
2683 308
2715 278
2770 292
2786 141
2788 142
2831 71
2845 37
2846 38
2847 39
2849 41
2859 310
2872 225
2886 216
2904 314
2905 315
2906 259
2944 185
2959 316
2986 185
2999 223
3011 317
3013 319
3020 320
3033 226
3045 311
3076 183
3085 44
3120 65
3124 45
3125 185
3129 232
3154 321
3171 235
3172 236
3173 185
3178 185
3179 323
3191 326
3232 289
3256 334
3271 335
3283 120
3286 121
3298 337
3305 250
3334 350
3336 347
3340 219
3343 185
3344 366
3355 185
3385 136
3424 13
3427 185
3430 184
3475 239
3476 242
3478 257
3528 16
3549 73
3565 185
3614 368
3615 370
3629 185
3630 255
3690 185
3691 69
3699 371
3707 244
3723 260
3724 261
3729 110
3802 50
3804 83
3831 185
3834 245
3836 169
3838 172
3841 185
3842 372
3843 145
3867 383
3870 54
3882 264
3883 265
3899 277
3901 105
3902 106
3906 123
3933 185
3935 149
3937 185
3938 159
3939 160
3949 384
3969 367
3977 267
3979 268
3980 269
3981 270
4008 59
4009 60
4011 61
4012 62
4013 386
4137 389
4187 279
4196 146
4198 147
4200 274
4203 133
4224 376
4243 280
4263 309
4291 392
4300 55
4317 393
4330 395
4382 355
4389 18
4404 396
4421 281
4426 400
4468 137
4486 360
4503 125
4609 185
4629 176
4630 140
4645 401
4654 12
4659 81
4660 185
4661 84
4703 402
4710 86
4712 185
4713 185
4787 155
4866 322
4868 356
4871 294
4872 295
4873 177
4900 297
4951 108
4952 299
4982 96
4990 185
4997 303
4999 258
5000 163
5031 403
5066 404
5081 346
5088 405
5117 406
5123 290
5124 291
5175 416
5225 418
5226 40
5256 248
5263 312
5265 313
5284 359
5320 421
5337 220
5338 221
5339 222
5342 422
5345 397
5347 185
5353 214
5356 318
5378 247
5390 351
5397 182
5409 185
5416 332
5451 64
5485 423
5499 185
5506 150
5507 324
5508 325
5509 185
5530 170
5561 333
5594 378
5601 357
5609 373
5622 349
5629 365
5630 114
5636 99
5637 185
5638 118
5640 46
5645 179
5667 97
5686 353
5715 379
5716 180
5719 178
5720 181
5722 185
5789 185
5806 254
5864 369
5870 168
5891 425
5899 30
5902 31
5923 56
5924 57
5926 185
5932 426
5943 109
5951 380
5983 185
5984 427
6030 47
6032 49
6053 253
6061 174
6062 175
6063 171
6071 428
6083 398
6089 381
6090 382
6100 148
6111 92
6145 431
6155 151
6156 152
6157 153
6158 157
6159 158
6190 432
6211 385
6230 436
6299 437
6323 185
6336 388
6363 439
6389 374
6390 375
6394 441
6411 445
6420 111
6434 390
6435 391
6449 394
6457 446
6543 399
6575 450
6629 305
6656 458
6700 129
6722 463
6750 464
6756 164
6775 134
6777 135
6780 465
6790 453
6806 126
6807 127
6810 79
6822 471
6868 447
6927 185
6983 480
7037 212
7062 482
7067 415
7068 503
7078 185
7104 417
7121 505
7124 358
7138 506
7157 419
7158 420
7165 115
7167 117
7190 507
7192 331
7195 470
7215 93
7217 213
7223 508
7229 138
7231 139
7284 130
7285 131
7286 132
7287 377
7326 364
7327 116
7329 112
7330 113
7337 98
7338 185
7346 249
7368 348
7380 352
7383 511
7384 509
7385 510
7389 94
7390 95
7434 512
7442 156
7487 429
7491 424
7507 215
7534 516
7551 340
7565 520
7581 48
7585 523
7587 529
7593 251
7594 252
7647 530
7656 430
7665 531
7671 532
7707 433
7708 434
7709 435
7732 533
7772 534
7782 387
7788 336
7818 440
7822 143
7823 438
7833 442
7834 444
7849 498
7884 476
7890 535
7897 361
7905 448
7906 449
7910 536
7926 538
7931 451
7932 456
7933 457
7972 459
7974 462
8031 539
8075 354
8085 542
8098 515
8105 362
8137 473
8138 479
8175 546
8182 481
8186 407
8187 408
8188 409
8189 410
8190 414
8192 500
8193 501
8194 502
8202 443
8233 504
8259 547
8280 466
8281 467
8283 468
8284 469
8296 548
8326 551
8327 554
8346 363
8425 452
8472 338
8473 339
8490 519
8495 521
8496 522
8497 524
8498 525
8499 526
8500 528
8511 557
8538 67
8539 68
8559 307
8560 306
8568 513
8594 472
8688 474
8689 475
8694 558
8704 560
8724 537
8730 454
8731 455
8770 460
8771 461
8780 517
8781 518
8818 561
8826 565
8827 477
8838 540
8839 541
8840 514
8864 478
8898 545
8904 411
8905 413
8907 499
8954 562
8962 345
8986 550
8988 553
9039 567
9055 568
9059 552
9067 412
9089 527
9090 556
9111 66
9130 569
9161 571
9167 575
9180 577
9209 584
9224 586
9236 559
9248 483
9249 484
9250 496
9251 497
9267 590
9316 563
9317 564
9318 488
9338 591
9353 327
9370 582
9381 593
9390 544
9434 341
9435 342
9436 343
9437 344
9447 549
9492 594
9501 491
9508 572
9542 595
9555 555
9561 489
9562 596
9585 570
9589 574
9601 576
9608 583
9613 585
9623 490
9624 493
9625 494
9626 495
9632 587
9633 589
9662 485
9663 486
9664 487
9692 598
9695 578
9697 579
9698 581
9708 592
9712 492
9713 543
9798 599
9828 600
9842 573
9857 602
9872 240
9873 241
9883 588
9925 597
9928 580
10033 603
10040 601
10132 604
10264 566
10314 609
10387 608
10456 612
10473 605
10474 606
10475 607
10501 328
10532 610
10533 611
10556 616
10614 613
10615 614
10616 615
10763 329
10764 330
10839 618
10851 617
