0 9
1 2
2 2
3 19
4 2
5 1
6 10
7 0
8 6
9 1
10 12
11 12
12 12
13 0
14 9
15 8
16 8
17 9
18 9
19 9
20 8
21 8
22 8
23 7
24 10
25 10
26 10
27 9
28 10
29 17
30 16
31 11
32 10
33 10
34 9
35 11
36 11
37 11
38 11
39 10
40 10
41 9
42 10
43 10
44 10
45 14
46 11
47 12
48 12
49 12
50 11
51 11
52 11
53 10
54 9
55 6
56 19
57 19
58 19
59 20
60 19
61 18
62 17
63 17
64 18
65 18
66 18
67 17
68 16
69 16
70 16
71 17
72 17
73 17
74 17
75 17
76 16
77 16
78 15
79 4
80 6
81 3
82 1
83 9
84 9
85 8
86 9
87 7
88 2
89 2
90 2
91 1
92 6
93 5
94 0
95 3
96 4
97 9
98 9
99 9
100 9
101 9
102 9
103 8
104 8
105 0
106 2
107 3
108 3
109 3
110 2
111 8
112 1
113 6
114 2
115 1
116 1
117 6
118 15
119 15
120 14
121 14
122 13
123 10
124 10
125 10
126 10
127 11
128 11
129 10
130 9
131 11
132 11
133 11
134 12
135 13
136 13
137 13
138 12
139 11
140 11
141 10
142 10
143 10
144 9
145 8
146 2
147 2
148 1
149 0
150 3
151 5
152 6
153 6
154 5
155 5
156 4
157 8
158 8
159 7
160 6
161 5
162 3
163 3
164 2
165 15
166 16
167 17
168 17
169 16
170 15
171 15
172 16
173 16
174 16
175 16
176 15
177 16
178 16
179 15
180 14
181 14
182 14
183 13
184 13
185 13
186 12
187 7
188 10
189 11
190 11
191 10
192 10
193 9
194 10
195 9
196 8
197 7
198 6
199 6
200 5
201 8
202 8
203 8
204 8
205 8
206 8
207 8
208 8
209 8
210 9
211 9
212 9
213 9
214 9
215 8
216 8
217 8
218 8
219 7
220 4
221 4
222 1
223 0
224 8
225 2
226 2
227 3
228 3
229 2
230 2
231 2
232 2
233 2
234 1
235 1
236 3
237 14
238 14
239 13
240 4
241 4
242 4
243 3
244 3
245 2
246 1
247 6
248 2
249 3
250 2
251 6
252 4
253 3
254 1
255 3
256 0
257 10
258 2
259 12
260 14
261 13
262 13
263 13
264 12
265 11
266 11
267 11
268 10
269 10
270 10
271 10
272 9
273 5
274 1
275 1
276 6
277 4
278 7
279 6
280 6
281 5
282 5
283 7
284 7
285 6
286 4
287 4
288 4
289 3
290 3
291 3
292 2
293 1
294 1
295 9
296 8
297 8
298 8
299 7
300 6
301 6
302 5
303 4
304 1
305 0
306 9
307 9
308 8
309 8
310 9
311 9
312 9
313 9
314 8
315 7
316 1
317 6
318 5
319 0
320 1
321 1
322 3
323 4
324 3
325 3
326 2
327 2
328 1
329 2
330 3
331 3
332 9
333 5
334 5
335 5
336 4
337 4
338 8
339 3
340 2
341 1
342 6
343 3
344 0
345 4
346 0
347 5
348 5
349 5
350 6
351 6
352 5
353 5
354 5
355 4
356 1
357 1
358 1
359 0
360 1
361 4
362 4
363 3
364 1
365 0
366 0
367 1
368 1
369 4
370 1
371 2
372 0
373 1
374 1
375 0
376 0
377 7
378 1
379 0
380 1
381 1
382 1
383 4
384 2
385 2
386 1
387 1
388 1
389 0
390 0
391 4
392 5
393 5
394 5
395 5
396 4
397 6
398 4
399 5
400 5
401 4
402 4
403 4
404 3
405 5
406 6
407 8
408 8
409 8
410 7
411 7
412 8
413 8
414 7
415 6
416 6
417 7
418 6
419 6
420 6
421 6
422 6
423 6
424 6
425 5
426 4
427 9
428 0
429 3
430 0
431 9
432 8
433 8
434 7
435 6
436 6
437 5
438 4
439 3
440 2
441 1
442 1
443 0
444 4
445 4
446 4
447 3
448 3
449 3
450 4
451 4
452 3
453 2
454 0
455 1
456 3
457 2
458 1
459 0
460 3
461 3
462 3
463 2
464 8
465 1
466 0
467 1
468 0
469 1
470 1
471 1
472 1
473 0
474 4
475 3
476 1
477 1
478 0
479 3
480 0
481 0
482 1
483 1
484 0
485 1
486 1
487 0
488 0
489 0
490 0
491 0
492 4
493 4
494 3
495 8
496 7
497 7
498 7
499 6
500 6
501 5
502 5
503 4
504 4
505 2
506 3
507 2
508 2
509 1
510 3
511 3
512 3
513 2
514 0
515 1
516 0
517 2
518 1
519 0
520 3
521 0
522 2
523 2
524 1
525 2
526 0
527 1
528 0
529 1
530 0
531 1
532 1
533 0
534 2
535 0
536 1
537 1
538 0
539 0
540 0
541 1
542 2
543 1
544 0
545 1
546 1
547 0
548 1
549 1
550 0
551 1
552 0
553 1
554 1
555 0
556 1
557 0
558 1
559 1
560 0
561 4
562 1
563 1
564 0
565 4
566 4
567 4
568 3
569 2
570 0
571 1
572 0
573 1
574 0
575 1
576 1
577 1
578 0
579 0
580 2
581 2
582 1
583 0
584 1
585 1
586 0
587 3
588 2
589 1
590 0
591 0
592 1
593 1
594 0
595 4
596 6
597 6
598 5
599 6
600 5
601 4
602 3
603 4
604 3
605 3
606 2
607 1
608 2
609 3
610 4
611 4
612 4
613 4
614 3
615 2
616 1
617 0
618 0
619 1
620 0
621 3
622 1
623 0
624 0
625 0
626 1
627 3
628 2
629 1
630 0
631 2
632 2
633 3
634 2
635 1
636 0
637 0
638 1
639 1
640 0
641 0
642 3
643 3
644 4
645 3
646 2
647 1
648 0
649 1
650 0
651 2
652 3
653 1
654 0
655 1
656 3
657 2
658 1
659 0
660 0
661 3
662 3
663 2
664 3
665 2
666 2
667 1
668 0
