31 0
46 206
58 204
89 204
90 204
92 3
127 204
129 204
130 204
131 80
135 205
141 204
147 204
155 84
158 210
165 204
167 204
168 204
169 86
170 21
171 82
172 43
173 93
174 30
175 211
183 122
187 215
213 204
220 204
254 217
259 189
262 191
263 28
265 204
270 37
271 38
272 204
279 1
283 2
285 218
345 204
349 222
354 224
375 225
390 12
407 8
410 204
447 204
448 204
452 173
459 77
460 78
462 79
468 229
473 240
486 241
493 253
495 209
505 123
506 204
507 204
523 100
524 204
525 166
527 34
528 204
529 170
537 134
538 45
540 85
552 182
565 204
566 204
568 204
569 204
591 204
601 254
608 44
615 204
616 74
617 204
621 204
630 81
636 42
638 66
639 204
647 204
649 76
666 255
692 204
693 204
694 143
695 6
696 137
697 88
698 214
715 14
719 20
733 4
757 219
761 24
762 204
763 119
764 174
765 40
766 184
767 185
776 204
778 200
780 201
790 262
798 265
823 266
826 204
851 204
855 267
867 204
889 204
890 268
893 207
897 270
901 204
903 5
907 216
920 242
941 271
944 190
945 101
958 272
982 9
983 204
984 204
985 204
986 89
989 49
1017 257
1024 273
1026 204
1028 192
1031 204
1041 46
1042 58
1049 29
1051 36
1053 25
1055 27
1056 26
1057 204
1072 103
1092 282
1109 204
1111 285
1112 258
1141 290
1144 47
1164 204
1168 295
1184 296
1204 298
1219 17
1220 98
1221 99
1223 204
1255 141
1256 220
1259 221
1299 204
1301 223
1316 124
1322 204
1333 299
1343 10
1346 11
1353 230
1357 300
1362 7
1373 303
1383 196
1409 204
1414 305
1430 306
1440 277
1456 164
1494 311
1504 94
1505 95
1506 96
1533 179
1534 71
1535 167
1537 238
1538 239
1544 226
1545 227
1550 228
1553 52
1564 204
1572 312
1593 233
1597 252
1601 208
1608 204
1613 106
1614 127
1615 128
1617 129
1618 130
1619 313
1652 315
1667 31
1668 32
1671 33
1688 319
1710 87
1739 322
1759 55
1761 83
1762 204
1765 327
1774 204
1801 328
1818 188
1831 140
1835 204
1841 329
1848 13
1850 204
1867 204
1893 330
1903 54
1904 61
1905 204
1906 91
1908 92
1928 331
1939 332
1950 62
1951 63
1954 59
1956 64
1957 65
1958 163
1959 204
1971 204
1975 75
1981 243
1996 125
2002 133
2013 41
2034 68
2096 204
2097 157
2099 204
2104 176
2105 177
2114 135
2115 136
2131 333
2143 334
2151 335
2185 18
2187 19
2188 336
2234 204
2257 280
2266 180
2269 181
2284 39
2287 183
2294 22
2295 23
2297 90
2307 204
2309 204
2321 260
2322 261
2341 97
2342 264
2353 338
2364 204
2365 171
2366 187
2367 204
2368 204
2369 139
2371 72
2372 256
2376 316
2385 339
2424 340
2432 341
2440 344
2458 347
2463 348
2484 263
2518 116
2519 186
2554 178
2568 197
2637 204
2641 349
2649 297
2660 353
2710 251
2711 107
2712 108
2713 109
2714 354
2720 355
2741 357
2746 198
2749 199
2754 131
2755 204
2766 48
2784 204
2809 358
2811 350
2826 56
2827 57
2841 35
2855 105
2857 15
2860 204
2862 359
2903 102
2924 281
2974 283
2975 231
2979 284
3000 363
3025 287
3026 288
3031 289
3035 364
3046 365
3058 204
3060 121
3061 291
3064 294
3086 158
3109 382
3132 383
3159 16
3210 361
3241 384
3273 165
3309 117
3314 118
3317 204
3335 60
3400 301
3401 302
3418 204
3433 387
3464 389
3469 232
3493 304
3495 244
3496 150
3527 345
3529 276
3583 204
3585 286
3603 390
3609 394
3616 309
3617 310
3626 395
3647 376
3665 204
3678 237
3709 50
3712 51
3716 396
3742 404
3750 405
3770 337
3782 250
3806 407
3807 408
3812 397
3827 204
3846 314
3861 148
3863 409
3875 308
3896 317
3897 318
3934 114
3959 410
3978 159
3982 411
3985 413
4007 414
4023 160
4025 161
4042 415
4048 419
4099 399
4116 168
4117 169
4127 420
4129 204
4143 53
4145 69
4146 70
4148 73
4201 368
4212 421
4228 162
4244 422
4245 423
4273 132
4279 388
4303 426
4316 67
4322 427
4327 366
4369 377
4393 149
4394 156
4399 175
4403 402
4540 193
4541 194
4543 195
4567 278
4568 279
4571 428
4584 293
4586 371
4606 393
4614 202
4615 110
4616 203
4618 142
4635 259
4641 429
4643 430
4649 431
4676 432
4693 434
4709 436
4718 403
4720 438
4745 234
4784 439
4795 342
4796 343
4813 440
4815 346
4867 441
4877 115
4913 442
4942 443
4973 351
5008 447
5025 448
5029 352
5030 212
5067 449
5106 356
5119 451
5133 269
5150 204
5156 452
5220 104
5228 453
5241 454
5247 455
5252 456
5276 457
5277 458
5302 450
5348 362
5366 292
5381 120
5398 459
5415 461
5424 462
5431 372
5434 274
5435 374
5436 375
5437 379
5438 380
5447 381
5452 463
5553 464
5691 465
5711 213
5730 385
5731 386
5755 235
5796 275
5804 467
5835 320
5838 468
5885 470
5888 471
5894 474
5910 236
5942 245
5963 475
5978 476
6008 248
6009 249
6023 406
6078 144
6079 145
6080 146
6081 147
6092 307
6137 246
6151 111
6152 112
6153 113
6178 479
6187 412
6221 480
6241 416
6242 417
6244 418
6265 204
6305 398
6333 138
6339 126
6341 481
6380 367
6421 482
6442 424
6443 425
6497 151
6498 152
6499 153
6501 154
6502 155
6506 400
6507 401
6519 484
6542 485
6568 486
6569 444
6648 490
6684 369
6685 370
6688 491
6735 172
6755 433
6772 435
6783 437
6784 483
6843 492
6926 446
6968 493
7010 494
7020 495
7035 496
7039 498
7130 378
7188 460
7189 321
7205 373
7228 500
7270 501
7325 502
7438 503
7443 466
7479 469
7489 505
7494 506
7503 472
7504 473
7533 507
7564 508
7574 247
7596 509
7680 477
7681 478
7733 511
7738 514
7739 516
7741 518
7781 522
7855 523
7879 524
7902 526
7922 529
7927 487
7928 488
7930 489
8060 530
8064 531
8104 445
8127 532
8155 533
8167 535
8174 497
8272 536
8279 537
8302 499
8381 539
8390 528
8436 504
8481 540
8552 541
8589 542
8607 510
8608 512
8609 513
8610 515
8614 517
8626 519
8627 520
8628 521
8656 546
8662 527
8686 547
8711 525
8732 549
8860 550
8866 551
8934 552
8965 554
9010 555
9014 538
9101 556
9102 561
9151 562
9193 543
9194 544
9195 545
9202 563
9272 548
9438 553
9440 568
9491 360
9531 572
9539 560
9567 575
9571 576
9603 577
9652 579
9660 580
9683 582
9741 564
9742 565
9743 567
9756 587
9772 588
9775 589
9800 571
9803 559
9829 573
9830 574
9888 590
9897 578
9947 591
9965 592
9970 566
9971 323
9976 584
9977 585
9978 586
10002 569
10003 570
10010 557
10012 558
10051 593
10131 595
10140 596
10145 583
10146 391
10149 597
10156 326
10165 598
10194 599
10222 581
10283 324
10284 325
10345 600
10445 601
10448 392
10468 602
10522 534
10530 603
10546 604
10562 605
10580 606
10639 594
10642 607
10752 609
10753 611
10781 608
10782 610
10787 612
10809 613
10820 614
