14 1116
14 4674
14 6016
14 7040
128 432
128 434
128 436
252 500
252 866
252 894
252 896
442 1700
484 436
484 1573
484 1575
484 1576
484 1577
484 1578
831 378
831 1528
831 1833
831 2384
831 2386
831 2387
849 2229
849 2465
849 2467
849 2468
850 1819
850 2445
850 2446
850 2451
856 334
856 1001
856 2515
866 2473
866 2524
866 2525
866 2526
866 2529
894 2582
896 509
896 1604
896 2577
896 2580
911 932
911 1612
911 4673
911 5028
911 5357
911 5358
932 2251
932 2606
932 2642
932 2643
932 2648
934 850
934 1008
934 2666
934 2668
937 2887
937 2888
943 1303
943 1911
943 2168
943 2606
943 2697
943 2698
1008 374
1008 2791
1105 1127
1105 2508
1105 2947
1105 2949
1105 2950
1105 2951
1116 850
1116 1547
1116 3002
1162 1925
1269 128
1269 442
1269 1907
1269 3231
1269 3233
1269 3234
1300 3278
1300 3279
1300 3281
1300 3282
1317 5387
1317 6791
1317 9016
1317 9017
1317 9019
1434 378
1443 594
1443 894
1443 1116
1443 1317
1443 3543
1443 3544
1528 1468
1528 1819
1528 3670
1528 3671
1592 849
1592 3472
1592 3557
1592 3771
1592 3774
1604 1708
1604 3638
1604 3788
1604 3789
1683 1272
1683 3888
1683 3891
1696 432
1696 1039
1696 1091
1696 2451
1696 2840
1696 3809
1746 2451
1746 3966
1819 27
1819 863
1819 872
1819 4062
1851 2666
1851 4095
1851 4096
1925 856
1925 1557
1925 3278
1925 4164
1925 4165
1925 4166
2103 1575
2103 1965
2103 2178
2103 4387
2103 4405
2103 4406
2178 7179
2178 7181
2277 1936
2277 3041
2277 3966
2277 4581
2324 1303
2324 3733
2324 4104
2324 4638
2324 4639
2356 1491
2356 2389
2356 3311
2356 4687
2387 934
2387 4717
2389 284
2389 1039
2389 2812
2389 2970
2389 4572
2389 4719
2403 2467
2403 4747
2403 4748
2403 4749
2411 1575
2411 4851
2467 432
2467 1560
2467 2812
2467 2970
2467 4572
2467 4824
2467 4825
2515 2211
2515 3638
2515 4874
2515 4875
2515 4876
2526 4891
2526 4892
2526 4893
2526 4894
2526 4895
2526 4896
2526 4897
2526 4898
2526 4899
2536 745
2536 1917
2536 3041
2536 3237
2547 4919
2564 4735
2580 128
2580 1936
2580 4717
2580 4946
2580 4948
2681 894
2681 3354
2681 4870
2681 5051
2681 5052
2681 5053
2687 378
2687 2962
2687 4674
2687 5056
2687 5057
2697 934
2789 3247
2789 5171
2789 5172
2789 5174
2791 2580
2791 2642
2806 1091
2806 1907
2806 4970
2806 5176
2806 5178
2806 5179
2812 128
2812 1491
2812 2411
2812 4572
2812 5172
2840 3783
2840 5207
2840 5209
2882 1008
2882 3093
2882 4104
2882 5239
2914 2970
2914 4572
2914 5278
2942 2728
2942 4165
2942 5298
2942 5299
2949 4005
2949 5340
2950 1851
2950 5304
2950 5305
3015 3809
3015 4907
3015 5028
3015 5350
3015 5351
3019 5179
3030 1583
3030 2356
3030 3613
3030 5361
3030 5362
3030 5363
3093 1008
3093 4104
3093 4870
3093 5414
3147 7186
3245 796
3245 932
3245 2594
3247 5549
3247 5550
3247 5551
3247 5552
3278 872
3278 1491
3278 4154
3278 5576
3281 943
3281 2950
3281 3884
3281 5578
3282 3670
3282 4658
3282 5571
3282 5572
3282 5573
3297 1116
3297 1547
3297 2564
3311 128
3311 2812
3311 5051
3484 3440
3484 3652
3484 5769
3484 5770
3636 226
3636 5872
3636 5875
3638 2564
3638 5876
3652 1700
3689 226
3689 1091
3689 2840
3689 3711
3689 5351
3708 393
3728 4673
3771 6016
3775 374
3775 3233
3775 3544
3788 3364
3839 1039
3839 4687
3839 5576
3839 6066
3871 1851
3878 4166
3878 6098
3878 6099
3888 5488
3927 1683
3927 3147
3927 5362
3927 5867
3927 5876
3927 6138
3983 432
3983 1475
3983 2970
3983 3311
4005 67
4005 2812
4005 4095
4005 4977
4005 6199
4005 6210
4066 3311
4066 3839
4066 4680
4066 5377
4066 6256
4066 6257
4095 866
4095 2403
4095 5387
4095 5532
4095 6199
4095 6282
4100 1039
4100 2970
4100 3311
4101 2540
4101 3145
4101 4907
4101 6048
4101 6294
4114 393
4114 1492
4114 2386
4114 2914
4114 6199
4114 6312
4139 937
4139 4970
4139 5453
4140 27
4140 2580
4140 4003
4140 4719
4140 6342
4140 6343
4142 863
4142 1700
4142 6348
4142 6349
4166 1091
4166 6348
4166 6365
4173 2468
4173 4461
4173 5614
4173 6366
4222 1001
4222 2882
4222 6387
4324 1491
4324 2812
4324 4719
4324 5357
4324 6456
4344 1272
4344 5036
4344 5358
4344 6467
4344 6468
4363 3638
4363 3966
4363 4003
4363 4142
4363 6480
4363 6481
4363 6482
4406 500
4406 518
4406 2812
4406 3711
4406 6508
4438 67
4438 4166
4438 4965
4473 4870
4473 6576
4658 1272
4658 4870
4658 5010
4658 6729
4673 1475
4673 1547
4673 3145
4673 6742
4673 6743
4673 6744
4682 1075
4682 4919
4687 4142
4687 4436
4700 2020
4700 6480
4700 6761
4700 6763
4717 6781
4717 6782
4740 27
4740 4005
4740 4673
4771 436
4771 2962
4771 3670
4771 6820
4869 128
4869 1475
4869 1491
4869 6877
4869 6878
4870 8112
4870 8113
4870 8114
4870 8115
4870 8116
4870 8117
4870 8118
4874 796
4874 1105
4874 2356
4874 6879
4875 3093
4875 3670
4875 4825
4920 1610
4920 1911
4920 2962
4920 6886
4946 1036
4946 2547
4946 5566
4946 6898
4977 2387
4977 3019
4977 3601
4977 4735
4977 5821
4977 6916
5010 6945
5043 128
5043 3514
5043 4870
5043 5351
5043 5558
5043 6948
5052 6886
5057 6223
5057 6955
5057 6956
5057 6957
5074 3484
5074 4461
5074 6969
5092 128
5092 627
5092 1039
5092 1491
5092 4719
5172 6311
5172 6470
5172 7040
5178 7045
5207 5430
5207 7033
5207 7034
5209 627
5209 3514
5209 4747
5209 6275
5209 6456
5236 3281
5236 4682
5236 7107
5298 2728
5298 4749
5298 6907
5298 7139
5299 745
5299 934
5299 4639
5299 7145
5357 7107
5357 7198
5376 1491
5376 1592
5376 6781
5376 7175
5402 2211
5402 2997
5402 3661
5402 7107
5402 7185
5402 7186
5412 5614
5453 67
5453 1575
5453 3354
5453 4003
5453 4405
5453 5363
5456 67
5456 2081
5456 4674
5456 7034
5459 796
5459 2211
5459 6142
5488 5154
5488 6878
5488 6897
5488 7220
5488 7221
5503 7876
5503 8701
5503 8702
5503 8705
5549 1911
5549 7119
5549 7253
5586 442
5586 2384
5586 2386
5586 4142
5733 1272
5733 6441
5733 6897
5733 7186
5746 500
5746 7693
5746 9132
5746 9133
5769 4142
5769 5867
5769 7186
5770 856
5770 1604
5782 937
5782 7425
5782 7429
5782 7430
5821 2577
5821 3983
5821 5350
5821 6223
5821 6781
5821 7392
5831 6275
5831 7521
5867 7381
5867 7467
5867 7468
5867 7469
6075 518
6075 6916
6075 7601
6075 7602
6098 1700
6098 2829
6112 7628
6112 7629
6112 7630
6117 3708
6117 5550
6117 7185
6117 7634
6142 7521
6142 7654
6142 7655
6185 4680
6210 7693
6225 2681
6225 3983
6225 4062
6225 6969
6256 5010
6256 6945
6256 7726
6257 1575
6257 4405
6257 7723
6286 2888
6286 5872
6286 7742
6294 67
6294 4719
6294 7381
6294 7748
6294 7749
6294 7750
6335 2888
6335 6820
6335 7777
6335 7778
6335 7780
6482 2621
6482 5365
6508 5503
6633 6066
6633 6311
6633 6576
6633 7923
6633 7924
6668 1708
6679 1708
6679 3213
6679 4680
6694 796
6694 2251
6694 8773
6694 10408
6694 10409
6767 4824
6767 5165
6767 5876
6767 7997
6782 7778
6848 8577
6886 1592
6886 4096
6886 6468
6886 6470
6907 5154
6907 7183
6907 8094
6907 8095
7033 1091
7033 2387
7033 4979
7033 6945
7033 8169
7033 8170
7040 856
7040 4173
7040 8173
7045 1610
7045 7273
7045 8176
7075 5358
7075 5566
7100 4874
7100 5387
7100 6945
7181 1116
7221 4166
7221 8304
7221 8305
7225 4970
7365 2384
7365 2621
7365 7805
7365 8365
7365 8366
7429 3966
7429 5350
7429 8094
7429 8398
7429 8399
7452 2564
7452 3281
7452 3966
7452 8141
7505 4461
7505 6225
7505 8445
7505 8447
7505 8448
7505 8449
7505 8450
7505 8451
7510 3297
7510 4719
7510 7628
7601 226
7601 7221
7601 8512
7601 8514
7601 8515
7601 8517
7601 8518
7602 4803
7602 4870
7602 8521
7611 3711
7611 8527
7611 8529
7629 3145
7629 4673
7629 5207
7629 5831
7670 8420
7742 8527
7742 8612
7742 8613
7750 4682
7750 4870
7750 6671
7750 7842
7784 6679
7784 8630
7805 1136
7805 2384
7805 5488
7805 8606
7805 8640
7876 1075
7876 5550
7876 7742
7876 8678
7898 2251
7898 8420
7898 8708
8061 6066
8061 6671
8061 6969
8061 7784
8061 8822
8083 2949
8083 4142
8083 8830
8107 1936
8166 5566
8166 6468
8166 8612
8169 3484
8169 8897
8243 5821
8243 6294
8243 6508
8243 8935
8292 1105
8292 2178
8292 2387
8293 6945
8293 7468
8293 8968
8415 252
8415 3364
8415 4419
8415 5154
8415 7521
8415 7898
8415 9032
8441 796
8441 4066
8441 5412
8441 9036
8441 9038
8441 9040
8448 2564
8448 3113
8448 5488
8448 5566
8448 9048
8514 3652
8517 3878
8517 4101
8517 7876
8517 9096
8527 378
8527 3245
8527 4022
8527 7075
8527 8968
8529 5387
8540 1001
8540 1116
8540 2386
8540 5209
8574 2580
8574 3601
8574 5572
8574 8876
8577 6311
8577 8773
8577 8876
8586 2789
8586 2949
8586 6508
8586 7997
8586 8640
8586 8726
8616 6886
8616 7185
8616 7693
8616 8763
8701 1612
8701 5361
8701 5872
8701 8876
8701 9233
8701 9234
8705 2705
8705 4173
8705 4875
8708 5571
8708 6886
8708 9240
8708 9241
8708 9243
8708 9244
8773 2387
8773 5379
8773 8366
8773 10665
8854 1257
8854 2251
8854 2705
8854 4280
8854 8989
8897 5387
8897 6848
8897 7275
8925 1116
8925 7275
8925 9405
8989 5658
8989 7429
8989 7490
8989 9446
8994 1583
8994 3354
8994 6127
8994 9448
8994 9449
8994 9450
9096 3237
9226 9621
9233 3774
9233 6805
9233 7693
9233 8521
9233 8897
9243 8293
9300 863
9300 2840
9300 3652
9300 5179
9300 6016
9300 7635
9306 1269
9306 2950
9306 4735
9306 9657
9351 4195
9364 2789
9364 6508
9364 9351
9367 2384
9367 2888
9367 8009
9367 8968
9367 9371
9405 9040
9405 9725
9405 9726
9449 3484
9548 9530
9548 9738
9548 9774
9548 9822
9548 9823
9586 4139
9586 5658
9586 7490
9586 8763
9620 374
9620 3247
9620 8616
9620 9870
9620 9871
9622 374
9622 2594
9622 8304
9622 9738
9622 9871
9635 1116
9635 3544
9635 4735
9635 9226
9635 9885
9726 1528
9726 2389
9726 5769
9774 2914
9774 4970
9774 6468
9774 9989
9774 9991
9837 378
9837 863
9837 2997
9837 10027
9851 1116
9851 1257
9851 3093
9851 3113
9851 7381
9851 9405
9871 1528
9871 2389
9884 393
9884 2840
9884 7225
9884 8763
10174 2594
10174 2914
10174 3966
10174 10296
10230 2997
10230 5358
10230 7997
10230 10143
10230 10243
10249 3484
10372 374
10372 6112
10372 10143
10372 10433
10392 1091
10392 9321
10392 10243
10392 10478
10410 1039
10410 2914
10410 6791
10410 8365
10410 10411
10410 10412
10433 4195
10433 10531
10458 4166
10458 8876
10489 9823
10489 10563
10500 4719
10500 9635
10500 10523
10514 1708
10514 4970
10514 7602
10514 8854
10545 1091
10545 3297
10545 6679
10545 7629
10545 10604
10545 10605
10563 252
10563 1746
10563 6969
10579 1105
10579 7748
10579 9635
10579 10634
10579 10636
10585 10638
10609 378
10638 4003
10661 1091
10661 2840
10661 3281
10661 3297
10661 7629
10661 10636
10661 10686
10661 10687
10673 1528
10673 6969
10673 7805
10673 10478
10680 4869
10680 5209
10680 5770
10680 10702
10686 10707
