39 25
54 41
59 42
61 43
66 44
81 55
145 26
146 27
150 39
152 40
156 0
162 23
163 24
186 56
215 57
221 58
228 59
239 75
241 76
250 77
268 90
280 95
311 98
387 148
411 65
454 119
457 149
466 150
496 174
498 139
516 179
539 28
541 29
543 38
550 183
556 187
570 16
571 19
573 20
578 21
579 22
586 213
589 214
665 175
680 8
710 152
713 218
750 50
779 219
787 220
791 129
803 221
815 110
833 222
844 71
880 194
883 223
891 226
914 72
915 73
917 74
919 191
964 120
968 86
969 87
970 88
974 89
992 127
1014 51
1034 227
1035 91
1038 92
1040 93
1043 94
1044 109
1078 189
1080 102
1082 258
1093 235
1101 266
1172 190
1180 272
1188 125
1232 273
1235 275
1243 281
1260 99
1332 107
1336 108
1337 100
1338 1
1339 146
1340 147
1388 284
1399 285
1417 63
1419 64
1439 286
1462 229
1463 302
1464 304
1484 184
1493 305
1501 140
1513 342
1543 278
1606 103
1607 131
1611 139
1616 111
1620 151
1622 166
1624 168
1626 173
1628 343
1649 176
1650 177
1651 178
1665 345
1685 346
1713 338
1733 167
1734 181
1735 182
1737 185
1740 186
1772 349
1776 357
1778 17
1779 18
1782 359
1834 188
1837 212
1856 361
1857 2
1883 203
1894 60
1921 66
1948 369
1986 30
1987 37
2019 385
2080 387
2135 393
2142 352
2162 216
2164 217
2165 113
2181 79
2249 45
2253 46
2255 48
2256 49
2308 128
2343 394
2374 134
2407 399
2419 402
2421 405
2453 61
2454 62
2455 70
2469 366
2477 408
2514 193
2523 411
2546 262
2561 121
2562 224
2563 225
2620 80
2626 301
2655 415
2672 416
2685 388
2725 78
2727 85
2748 344
2756 404
2768 417
2769 127
2771 126
2813 137
2908 101
2910 228
2913 257
2955 389
2966 424
2968 263
2969 114
2971 264
2972 265
3032 3
3078 144
3100 267
3101 268
3102 269
3103 270
3104 271
3118 141
3160 350
3167 155
3193 316
3199 434
3204 7
3227 279
3228 280
3288 370
3290 204
3300 13
3308 435
3323 9
3327 96
3328 97
3331 104
3332 105
3333 106
3339 145
3347 436
3348 329
3349 437
3403 441
3410 453
3428 192
3429 14
3460 283
3462 332
3569 303
3577 4
3579 237
3580 259
3619 358
3628 371
3643 33
3646 306
3648 122
3651 341
3693 276
3695 277
3718 395
3792 130
3793 15
3795 67
3796 132
3798 139
3805 164
3808 165
3814 169
3815 171
3816 172
3820 465
3879 318
3898 123
3924 327
3925 337
3932 311
3960 180
4000 472
4018 347
4019 209
4021 348
4029 351
4030 356
4036 160
4067 474
4079 210
4081 211
4097 325
4106 360
4110 68
4125 202
4133 386
4152 476
4163 156
4209 362
4210 364
4211 365
4213 367
4214 368
4223 127
4253 34
4255 35
4256 36
4285 236
4286 383
4287 384
4292 477
4377 118
4385 480
4443 390
4444 391
4445 392
4483 215
4487 112
4526 208
4552 162
4558 47
4564 482
4613 307
4623 31
4672 312
4686 81
4715 274
4732 319
4752 398
4754 230
4767 69
4772 400
4773 401
4810 133
4816 493
4827 406
4828 407
4889 409
4890 410
4924 260
4925 261
4956 457
4987 299
4989 300
5020 309
5023 412
5024 413
5026 250
5027 414
5046 378
5055 496
5083 82
5084 83
5085 84
5086 498
5109 501
5115 403
5122 502
5142 323
5143 245
5164 363
5231 234
5240 509
5272 256
5314 422
5315 418
5316 423
5318 372
5371 324
5399 142
5400 143
5469 510
5472 515
5514 310
5516 315
5522 5
5523 6
5533 454
5534 460
5583 195
5587 517
5588 522
5591 12
5612 340
5620 320
5697 438
5698 440
5702 446
5703 447
5704 448
5705 451
5706 452
5739 135
5743 282
5760 331
5762 525
5768 461
5772 526
5798 462
5808 313
5842 535
5916 116
5928 536
5947 244
5952 32
5967 231
5969 52
5970 53
5971 54
6000 295
6015 253
6019 136
6020 138
6021 163
6033 170
6035 463
6036 464
6038 518
6047 504
6091 317
6105 538
6136 326
6177 540
6205 466
6206 468
6207 471
6218 161
6240 485
6259 473
6260 117
6272 541
6313 353
6315 354
6317 355
6354 475
6356 240
6384 542
6418 543
6431 379
6432 382
6440 443
6450 291
6490 478
6492 479
6580 494
6667 481
6736 547
6759 458
6785 549
6802 553
6808 396
6809 397
6829 555
6837 486
6838 487
6839 492
6864 288
6906 455
6908 456
6918 373
6925 321
6936 246
6937 247
6938 248
6939 249
6947 308
6949 377
6954 495
6972 497
6982 559
6985 483
6993 560
7006 322
7009 241
7016 469
7022 124
7092 563
7099 565
7101 232
7102 233
7105 567
7110 503
7111 508
7120 255
7150 419
7151 420
7152 287
7153 421
7173 570
7212 571
7216 514
7222 578
7232 489
7234 314
7235 238
7247 459
7271 519
7272 520
7274 521
7276 516
7277 10
7278 11
7321 339
7387 439
7388 579
7391 444
7393 445
7397 153
7415 523
7416 524
7421 292
7457 533
7458 534
7475 201
7520 115
7538 243
7577 251
7578 252
7615 581
7620 583
7625 585
7626 537
7674 544
7677 539
7688 470
7695 467
7728 499
7747 586
7758 425
7759 426
7760 427
7761 428
7762 429
7763 430
7764 431
7765 432
7766 433
7795 239
7814 550
7838 587
7840 380
7841 381
7848 442
7851 328
7853 289
7854 290
7889 588
7918 591
7942 596
7944 157
7945 158
7946 159
7984 545
7985 546
8003 548
8008 556
8017 551
8018 552
8019 198
8032 554
8045 490
8046 491
8051 572
8103 511
8119 374
8121 376
8130 557
8131 558
8199 597
8205 561
8206 562
8207 154
8211 564
8214 566
8222 580
8224 507
8230 599
8235 254
8265 568
8266 569
8287 600
8297 512
8298 513
8299 576
8300 577
8306 488
8310 242
8344 294
8345 298
8357 527
8369 603
8417 528
8418 529
8419 531
8421 532
8430 199
8431 200
8531 582
8533 584
8536 336
8660 605
8700 609
8714 589
8715 333
8716 590
8720 610
8721 598
8725 205
8729 611
8739 594
8740 595
8787 506
8806 196
8807 197
8858 375
8862 330
8926 612
8927 613
8966 449
8969 573
8970 574
8971 575
8997 293
8998 296
8999 297
9012 602
9022 616
9033 530
9056 615
9112 335
9113 207
9189 617
9192 604
9212 619
9213 618
9230 606
9231 607
9232 608
9263 620
9269 592
9270 593
9298 505
9376 500
9425 623
9432 627
9465 601
9509 614
9524 628
9551 206
9552 334
9556 484
9728 624
9735 621
9736 622
9737 625
9739 626
9776 629
9866 632
9905 637
9923 638
9950 641
9955 642
9966 643
10014 450
10036 644
10050 630
10052 631
10068 651
10086 633
10087 634
10088 635
10089 636
10129 639
10130 640
10200 646
10201 650
10250 652
10312 653
10316 647
10317 648
10319 649
10320 645
10326 654
10417 655
10446 658
10465 662
10480 665
10527 656
10528 657
10536 666
10547 659
10548 660
10549 661
10551 663
10552 664
10619 670
10662 669
10681 671
10688 667
10689 668
10721 673
10728 674
10741 672
10751 675
10780 676
