0 10
1 10
2 10
3 10
4 9
5 10
6 10
7 10
8 10
9 9
10 9
11 10
12 10
13 14
14 14
15 13
16 13
17 12
18 12
19 12
20 14
21 14
22 14
23 14
24 14
25 13
26 12
27 11
28 10
29 10
30 9
31 10
32 13
33 14
34 16
35 15
36 14
37 15
38 14
39 13
40 13
41 13
42 13
43 14
44 15
45 15
46 15
47 15
48 15
49 14
50 13
51 12
52 11
53 9
54 9
55 10
56 9
57 9
58 9
59 9
60 9
61 9
62 9
63 9
64 9
65 9
66 9
67 9
68 9
69 11
70 9
71 9
72 9
73 9
74 11
75 12
76 13
77 14
78 14
79 14
80 13
81 14
82 14
83 14
84 13
85 13
86 13
87 12
88 15
89 14
90 13
91 13
92 13
93 12
94 11
95 11
96 11
97 10
98 10
99 9
100 10
101 11
102 11
103 11
104 10
105 9
106 10
107 10
108 9
109 9
110 9
111 9
112 9
113 9
114 11
115 11
116 10
117 9
118 9
119 9
120 9
121 10
122 9
123 10
124 9
125 10
126 10
127 10
128 10
129 10
130 9
131 9
132 9
133 10
134 11
135 11
136 11
137 11
138 11
139 10
140 10
141 9
142 9
143 10
144 9
145 9
146 10
147 9
148 9
149 9
150 9
151 9
152 9
153 10
154 10
155 9
156 10
157 10
158 9
159 9
160 9
161 9
162 9
163 9
164 9
165 9
166 9
167 9
168 9
169 9
170 9
171 10
172 10
173 9
174 9
175 10
176 9
177 9
178 9
179 9
180 8
181 5
182 4
183 2
184 1
185 3
186 1
187 0
188 4
189 4
190 4
191 4
192 3
193 7
194 3
195 5
196 6
197 5
198 9
199 8
200 6
201 5
202 4
203 4
204 6
205 6
206 6
207 6
208 5
209 5
210 5
211 4
212 9
213 5
214 5
215 5
216 6
217 8
218 9
219 8
220 7
221 7
222 7
223 6
224 6
225 6
226 6
227 7
228 6
229 7
230 7
231 7
232 8
233 8
234 8
235 8
236 8
237 7
238 7
239 6
240 5
241 4
242 6
243 6
244 5
245 6
246 6
247 6
248 9
249 5
250 5
251 8
252 9
253 8
254 9
255 9
256 8
257 8
258 8
259 7
260 7
261 7
262 6
263 5
264 4
265 3
266 2
267 1
268 0
269 3
270 2
271 3
272 5
273 4
274 4
275 3
276 2
277 2
278 2
279 6
280 1
281 3
282 6
283 5
284 5
285 5
286 4
287 4
288 3
289 3
290 2
291 2
292 1
293 0
294 2
295 1
296 1
297 1
298 0
299 3
300 6
301 4
302 4
303 3
304 4
305 4
306 4
307 3
308 3
309 2
310 5
311 1
312 3
313 0
314 1
315 1
316 0
317 5
318 3
319 3
320 2
321 1
322 4
323 3
324 2
325 2
326 1
327 2
328 1
329 0
330 1
331 1
332 2
333 2
334 1
335 6
336 2
337 1
338 4
339 0
340 5
341 4
342 4
343 4
344 3
345 3
346 2
347 1
348 0
349 1
350 0
351 1
352 1
353 0
354 1
355 2
356 2
357 2
358 2
359 1
360 2
361 1
362 2
363 2
364 3
365 2
366 1
367 0
368 3
369 3
370 3
371 2
372 1
373 1
374 1
375 0
376 1
377 4
378 4
379 4
380 4
381 5
382 8
383 7
384 6
385 6
386 5
387 4
388 4
389 3
390 3
391 3
392 2
393 1
394 1
395 0
396 1
397 1
398 1
399 1
400 0
401 2
402 3
403 2
404 1
405 1
406 2
407 1
408 0
409 2
410 1
411 1
412 1
413 0
414 1
415 1
416 1
417 0
418 4
419 4
420 3
421 1
422 0
423 1
424 0
425 3
426 2
427 5
428 5
429 5
430 4
431 3
432 2
433 1
434 0
435 0
436 1
437 1
438 0
439 1
440 1
441 2
442 3
443 3
444 3
445 3
446 2
447 1
448 0
449 1
450 1
451 1
452 1
453 1
454 3
455 1
456 1
457 1
458 0
459 4
460 3
461 2
462 3
463 1
464 1
465 1
466 0
467 4
468 3
469 3
470 2
471 0
472 1
473 0
474 1
475 1
476 0
477 0
478 1
479 0
480 2
481 1
482 1
483 0
484 3
485 2
486 1
487 1
488 1
489 0
490 3
491 1
492 0
493 0
494 1
495 2
496 0
497 0
498 1
499 0
500 1
501 0
502 1
503 1
504 1
505 0
506 1
507 0
508 3
509 2
510 0
511 2
512 1
513 0
514 0
515 1
516 0
517 1
518 3
519 2
520 3
521 3
522 3
523 2
524 1
525 0
526 1
527 0
528 0
529 1
530 2
531 1
532 1
533 0
534 1
535 0
536 2
537 1
538 0
539 2
540 2
541 2
542 1
543 1
544 0
545 1
546 1
547 1
548 1
549 2
550 1
551 2
552 2
553 1
554 0
555 1
556 1
557 0
558 0
559 0
560 1
561 1
562 1
563 0
564 1
565 1
566 0
567 1
568 1
569 0
570 2
571 1
572 0
573 0
574 2
575 1
576 0
577 1
578 1
579 1
580 0
581 1
582 0
583 2
584 0
585 2
586 1
587 1
588 0
589 1
590 1
591 1
592 0
593 1
594 2
595 2
596 1
597 0
598 0
599 1
600 0
601 2
602 0
603 2
604 1
605 0
606 2
607 2
608 2
609 1
610 1
611 0
612 1
613 0
614 1
615 0
616 1
617 0
618 3
619 1
620 1
621 0
622 1
623 0
624 1
625 1
626 1
627 0
628 3
629 2
630 2
631 1
632 0
633 1
634 0
635 2
636 0
637 1
638 0
639 0
640 1
641 0
642 2
643 2
644 1
645 1
646 1
647 0
648 0
