23 44
102 40
108 0
109 39
111 41
114 42
116 43
200 48
293 49
299 50
385 39
391 38
403 51
427 112
592 89
614 113
620 121
678 34
724 45
725 46
732 47
782 122
788 129
853 172
910 173
1022 68
1063 174
1069 4
1113 199
1142 21
1157 202
1222 148
1248 91
1264 203
1268 65
1282 206
1285 210
1286 211
1297 57
1321 212
1378 217
1404 66
1405 213
1448 56
1450 62
1451 63
1452 64
1453 105
1454 110
1457 111
1485 114
1579 219
1598 35
1640 221
1672 149
1675 222
1677 189
1769 223
1770 224
1775 228
1785 239
1814 242
1827 252
1858 233
1872 229
1873 73
1874 74
1875 75
1876 76
1877 77
1878 78
1880 79
1881 87
1882 88
1900 72
1916 69
1920 119
1924 120
1930 253
1933 256
1934 107
1960 257
1978 261
2070 1
2072 2
2074 3
2077 33
2100 262
2132 207
2145 194
2273 263
2301 124
2302 125
2303 126
2304 127
2305 128
2346 15
2351 245
2402 230
2410 266
2439 267
2456 268
2466 269
2479 275
2492 170
2493 171
2520 285
2551 288
2646 117
2689 264
2751 291
2794 292
2795 296
2819 83
2822 218
2833 310
2835 312
2897 244
2917 316
2925 115
2961 175
2964 131
2965 198
2967 16
3042 200
3044 201
3091 58
3144 329
3220 336
3238 208
3239 90
3243 209
3260 176
3280 84
3310 59
3322 337
3325 192
3407 338
3414 214
3415 215
3416 216
3420 225
3425 17
3437 106
3438 204
3439 205
3450 18
3538 52
3539 53
3540 54
3541 55
3547 108
3550 109
3551 67
3552 104
3560 177
3562 341
3571 360
3587 60
3588 61
3612 373
3637 378
3683 276
3710 386
3738 388
3810 393
3826 251
3833 397
3835 220
3858 147
3877 7
3881 164
3942 286
3986 398
3995 99
4027 227
4038 237
4039 152
4040 238
4056 352
4063 240
4068 241
4107 399
4118 85
4119 86
4128 325
4131 80
4149 400
4155 402
4175 116
4176 118
4180 254
4182 255
4238 277
4250 259
4251 92
4252 260
4338 39
4339 37
4340 36
4343 408
4371 19
4372 20
4373 32
4412 367
4417 11
4467 409
4469 248
4474 178
4475 191
4476 193
4484 412
4492 415
4580 95
4621 416
4656 195
4668 12
4669 13
4671 14
4675 101
4696 165
4704 420
4737 123
4759 425
4768 265
4769 168
4798 226
4822 391
4830 274
4838 280
4846 297
4852 142
4854 169
4909 283
4911 284
4926 287
4950 299
5089 455
5113 289
5114 290
5153 389
5192 81
5193 82
5203 298
5204 309
5205 278
5208 311
5212 456
5213 457
5253 243
5254 458
5285 314
5286 70
5287 315
5289 5
5296 326
5312 196
5313 197
5322 281
5372 351
5382 459
5432 161
5467 331
5493 327
5494 328
5557 460
5590 234
5610 232
5692 300
5712 466
5724 467
5729 468
5742 236
5810 71
5811 103
5820 138
5823 339
5824 154
5825 340
5858 370
5859 371
5860 247
5862 372
5871 159
5881 375
5882 376
5883 377
5886 471
5903 359
5909 475
5938 379
5939 380
5940 383
5941 385
5950 96
5962 478
5964 479
5996 476
6005 387
6025 480
6028 392
6039 484
6043 249
6044 250
6067 394
6068 395
6069 396
6093 150
6102 162
6103 163
6107 390
6118 485
6132 488
6139 489
6195 97
6196 98
6224 151
6238 318
6300 350
6324 179
6328 320
6329 9
6331 321
6332 324
6357 401
6359 490
6406 497
6407 258
6419 498
6465 317
6469 407
6472 153
6486 29
6488 30
6489 31
6491 499
6505 500
6524 185
6534 361
6536 366
6539 10
6551 501
6574 190
6582 410
6585 411
6588 413
6591 160
6592 414
6600 381
6616 504
6620 362
6661 509
6680 94
6682 270
6746 100
6764 417
6765 418
6766 419
6773 130
6779 132
6794 512
6814 424
6818 166
6819 167
6841 304
6849 271
6850 273
6858 279
6863 141
6882 23
6883 282
6890 363
6909 513
6917 364
6953 515
6992 524
6996 272
7005 528
7041 93
7050 530
7073 305
7074 306
7076 307
7077 308
7079 143
7108 24
7118 345
7125 313
7166 354
7170 102
7241 531
7246 532
7309 534
7319 231
7360 523
7386 344
7395 464
7396 465
7406 235
7426 514
7446 133
7447 134
7448 135
7449 136
7450 137
7464 368
7465 369
7473 246
7476 156
7477 374
7480 469
7481 470
7531 384
7532 382
7546 477
7582 481
7583 482
7584 483
7605 443
7645 486
7646 487
7651 184
7751 342
7752 349
7773 6
7774 8
7783 323
7824 491
7825 492
7827 496
7858 511
7859 405
7861 406
7865 22
7866 27
7867 28
7878 445
7891 365
7920 502
7921 503
7937 507
7938 508
8004 535
8020 423
8048 301
8049 302
8050 303
8052 536
8057 539
8066 139
8067 140
8096 437
8106 564
8142 518
8181 529
8198 569
8246 571
8275 573
8358 556
8376 461
8377 462
8378 463
8386 25
8423 353
8456 578
8470 144
8488 585
8489 550
8492 588
8545 533
8547 180
8548 181
8549 182
8550 183
8553 493
8583 570
8611 595
8620 343
8621 348
8629 322
8644 598
8665 404
8666 495
8674 26
8680 444
8687 510
8734 506
8738 599
8782 604
8783 600
8784 603
8791 421
8792 422
8798 157
8799 158
8813 357
8814 537
8815 429
8816 538
8828 519
8843 546
8845 358
8847 551
8848 552
8849 553
8850 562
8851 563
8911 566
8912 567
8913 568
8922 186
8953 608
8964 572
8972 610
8976 346
8978 611
9041 612
9053 577
9054 547
9072 548
9074 549
9078 579
9080 584
9081 586
9082 587
9083 559
9088 560
9093 526
9126 527
9128 613
9143 145
9145 146
9148 589
9149 593
9150 594
9155 347
9170 596
9171 597
9197 403
9198 494
9208 319
9223 601
9235 618
9237 614
9266 505
9271 330
9296 446
9297 602
9299 335
9301 332
9305 155
9307 426
9308 427
9310 428
9322 620
9331 545
9336 561
9365 621
9397 565
9421 188
9426 605
9427 606
9428 607
9441 609
9479 516
9480 430
9495 574
9496 187
9497 575
9498 576
9520 582
9522 583
9526 554
9527 555
9528 558
9543 543
9559 525
9574 590
9575 591
9576 592
9612 622
9618 615
9619 617
9640 293
9650 333
9651 334
9668 619
9677 544
9786 432
9794 580
9795 581
9799 557
9808 541
9814 540
9815 542
9832 623
9861 627
9862 433
9863 517
9864 522
9868 616
9896 628
9910 633
9926 636
9931 638
9941 294
9944 295
9957 520
10041 435
10042 625
10044 626
10046 521
10060 639
10078 641
10081 356
10083 650
10097 629
10098 630
10099 631
10100 632
10112 634
10113 635
10117 637
10162 651
10176 654
10182 434
10185 355
10223 624
10226 655
10234 640
10235 642
10236 644
10237 645
10238 648
10239 649
10251 656
10271 662
10292 663
10294 653
10347 643
10357 646
10358 647
10361 659
10362 660
10363 661
10375 652
10420 657
10421 658
10428 473
10430 474
10435 438
10496 664
10505 472
10509 665
10664 666
10666 439
10706 667
10708 431
10709 436
10710 454
10723 452
10725 453
10729 668
10743 441
10744 442
10745 451
10774 450
10775 447
10797 674
10799 440
10800 448
10801 449
10855 672
10856 673
10866 669
10867 670
10868 671
