18 0
19 29
53 30
69 1
70 2
71 3
72 4
73 23
74 24
78 28
94 31
96 38
133 64
140 65
148 75
164 6
188 5
189 16
190 18
191 19
193 21
196 22
218 232
238 252
251 260
307 7
322 227
328 193
333 32
337 33
338 34
339 35
341 36
342 37
371 261
395 192
402 245
449 262
450 162
475 263
476 267
482 268
490 25
491 26
492 27
531 72
532 73
536 74
546 269
562 271
572 272
574 169
595 204
597 274
610 169
613 243
628 229
633 302
663 303
675 12
677 13
681 14
682 15
700 20
735 124
768 222
769 223
770 224
771 225
773 226
774 231
781 285
802 81
814 304
824 270
827 234
829 242
834 39
835 251
847 338
859 253
865 259
935 93
940 76
948 161
987 111
993 138
1019 343
1029 344
1058 169
1090 135
1181 181
1183 152
1185 193
1186 80
1202 89
1203 256
1234 169
1266 345
1275 346
1294 293
1334 347
1433 280
1461 265
1470 348
1503 179
1507 349
1542 352
1549 355
1551 115
1552 216
1567 266
1585 357
1586 362
1599 153
1623 180
1673 66
1674 67
1676 68
1678 69
1679 71
1694 170
1704 174
1748 132
1777 70
1790 182
1791 363
1822 364
1842 169
1853 202
1854 203
1855 151
1862 100
1863 82
1865 273
1885 168
1886 90
1915 350
1926 228
1945 301
1949 154
1984 366
1993 367
1999 112
2005 368
2011 196
2021 370
2043 371
2046 8
2047 9
2048 10
2049 11
2062 374
2071 378
2117 106
2179 139
2186 230
2191 193
2209 386
2226 375
2260 257
2265 78
2272 49
2291 173
2292 218
2293 221
2299 113
2306 387
2328 313
2336 315
2373 233
2388 244
2390 250
2391 171
2437 337
2441 281
2442 258
2471 283
2476 284
2485 169
2537 391
2559 393
2560 193
2645 394
2678 91
2679 84
2682 92
2716 397
2726 320
2744 400
2757 401
2758 107
2759 108
2760 110
2762 339
2790 201
2797 341
2799 94
2800 342
2825 402
2828 326
2863 149
2868 150
2869 169
2896 305
2901 388
2953 169
2996 409
3006 169
3010 121
3027 282
3075 311
3105 189
3106 190
3107 191
3108 79
3122 412
3127 413
3137 254
3138 255
3141 294
3148 85
3149 86
3150 87
3151 88
3158 166
3170 419
3187 160
3189 187
3198 167
3236 210
3240 275
3265 290
3266 291
3267 292
3289 420
3291 353
3337 314
3380 421
3396 41
3412 83
3436 436
3443 312
3518 116
3558 437
3573 438
3576 264
3582 372
3631 175
3632 176
3633 177
3634 178
3664 306
3680 44
3684 297
3696 351
3698 169
3700 354
3703 211
3704 212
3705 215
3717 114
3740 361
3741 219
3743 123
3744 356
3773 444
3776 101
3800 445
3803 197
3840 95
3847 276
3853 163
3856 447
3865 327
3869 448
3889 449
3962 450
3999 451
4031 422
4061 48
4077 169
4174 452
4205 300
4229 45
4231 46
4232 63
4257 296
4258 365
4260 40
4262 140
4281 96
4283 316
4296 369
4298 246
4301 453
4302 324
4305 102
4309 454
4319 389
4352 373
4355 206
4364 377
4366 277
4413 97
4414 98
4415 99
4416 105
4497 213
4504 456
4522 384
4523 385
4573 77
4603 172
4604 217
4605 220
4607 188
4626 459
4636 460
4688 461
4691 428
4706 358
4708 463
4711 128
4721 247
4723 248
4725 249
4728 464
4765 336
4778 466
4912 398
4914 390
4927 198
4932 183
4933 184
4934 185
4935 186
4936 193
4937 169
4938 392
4981 467
5003 470
5041 278
5068 395
5069 396
5071 317
5072 318
5073 319
5075 408
5080 169
5082 169
5087 472
5108 399
5112 474
5118 119
5121 109
5138 199
5140 200
5155 340
5158 325
5180 478
5194 42
5215 147
5223 323
5227 479
5230 148
5233 169
5282 481
5326 194
5334 457
5341 169
5343 120
5392 307
5393 308
5394 309
5395 310
5439 117
5440 485
5454 410
5457 411
5490 164
5492 165
5497 418
5542 47
5546 209
5548 486
5567 286
5568 289
5580 415
5626 376
5665 487
5672 118
5673 169
5675 488
5687 125
5732 433
5734 435
5747 512
5752 515
5765 439
5790 458
5818 207
5832 427
5854 519
5861 520
5908 521
5919 43
5925 522
5933 279
5935 169
5957 359
5959 360
5965 122
6002 441
6003 442
6004 443
6065 328
6074 446
6126 524
6161 526
6191 235
6192 236
6193 241
6215 503
6234 528
6262 130
6263 131
6269 529
6303 530
6325 532
6350 527
6382 299
6395 59
6396 60
6397 61
6398 62
6402 157
6445 541
6452 405
6478 205
6538 104
6541 287
6556 542
6622 455
6641 379
6642 380
6643 381
6644 382
6645 383
6677 543
6714 546
6718 238
6789 462
6815 321
6816 322
6817 335
6827 465
6836 553
6857 490
6876 556
6923 468
6924 469
6964 406
6965 407
6966 158
6967 159
6975 471
6979 414
6980 473
6995 544
7015 483
7030 403
7046 475
7047 476
7048 477
7070 557
7072 516
7080 133
7082 134
7083 143
7084 144
7085 146
7095 558
7123 480
7135 195
7137 560
7149 562
7156 136
7162 155
7164 569
7210 416
7226 417
7245 484
7257 208
7268 288
7320 570
7342 572
7369 129
7401 431
7402 432
7404 434
7405 330
7410 510
7411 511
7412 514
7440 574
7441 575
7451 426
7461 517
7462 518
7509 145
7514 577
7579 440
7640 523
7668 525
7683 239
7684 240
7699 579
7700 580
7770 531
7806 295
7807 298
7819 57
7820 58
7850 540
7852 404
7860 505
7882 561
7893 103
7969 545
7970 237
8001 137
8006 559
8007 581
8021 334
8041 547
8042 551
8044 552
8076 554
8077 555
8120 590
8124 500
8139 156
8156 214
8160 482
8197 142
8247 535
8260 565
8261 568
8262 502
8295 591
8332 595
8352 571
8379 423
8380 424
8382 430
8384 329
8391 489
8392 509
8393 513
8413 331
8414 425
8435 533
8446 597
8455 576
8487 598
8582 578
8598 582
8618 600
8649 54
8650 55
8651 56
8663 539
8670 586
8693 602
8746 603
8758 548
8795 332
8796 333
8808 549
8809 550
8810 536
8852 587
8853 588
8855 589
8859 495
8861 499
8895 563
8914 141
8936 534
8945 564
8946 566
8947 567
8990 592
8991 593
8993 594
9001 501
9020 429
9025 504
9026 508
9044 596
9045 537
9092 606
9120 607
9129 608
9142 609
9144 611
9162 599
9172 50
9173 51
9174 52
9176 53
9196 538
9203 583
9204 584
9205 585
9207 612
9214 613
9221 601
9309 507
9334 614
9337 491
9339 492
9340 493
9342 494
9346 498
9350 615
9356 610
9357 17
9444 618
9532 604
9533 605
9685 496
9686 497
9747 616
9748 617
9833 619
9845 620
9889 126
9890 127
9987 621
10020 623
10023 624
10096 625
10115 628
10147 622
10154 573
10242 629
10256 626
10257 627
10262 630
10276 632
10321 633
10324 636
10334 639
10367 631
10373 634
10393 635
10400 637
10401 638
10437 640
10594 643
10610 506
10645 641
10646 642
10735 646
10754 647
10758 644
10759 645
10760 648
10761 651
10788 650
10805 656
10811 649
10821 652
10822 653
10823 654
10824 655
