0 14
1 10
2 12
3 12
4 12
5 12
6 12
7 12
8 12
9 12
10 13
11 13
12 12
13 12
14 12
15 12
16 12
17 12
18 12
19 12
20 12
21 12
22 12
23 12
24 12
25 12
26 13
27 12
28 12
29 14
30 14
31 14
32 13
33 15
34 15
35 14
36 14
37 13
38 12
39 12
40 12
41 12
42 12
43 13
44 13
45 13
46 12
47 13
48 13
49 13
50 12
51 13
52 13
53 13
54 12
55 13
56 13
57 12
58 13
59 13
60 13
61 13
62 13
63 12
64 12
65 12
66 13
67 13
68 13
69 12
70 12
71 13
72 12
73 13
74 12
75 12
76 13
77 12
78 12
79 13
80 13
81 13
82 13
83 13
84 12
85 13
86 12
87 12
88 12
89 12
90 12
91 12
92 12
93 12
94 13
95 12
96 12
97 12
98 12
99 12
100 12
101 12
102 13
103 13
104 13
105 13
106 12
107 12
108 12
109 12
110 12
111 12
112 12
113 14
114 13
115 13
116 12
117 12
118 12
119 12
120 12
121 12
122 12
123 12
124 13
125 13
126 12
127 12
128 12
129 12
130 12
131 12
132 12
133 12
134 13
135 12
136 12
137 12
138 12
139 12
140 12
141 12
142 12
143 13
144 13
145 13
146 12
147 12
148 12
149 12
150 12
151 12
152 12
153 14
154 14
155 14
156 13
157 12
158 12
159 13
160 13
161 12
162 12
163 12
164 12
165 12
166 12
167 12
168 12
169 12
170 12
171 12
172 12
173 12
174 12
175 12
176 12
177 12
178 12
179 12
180 12
181 13
182 12
183 13
184 13
185 13
186 13
187 12
188 12
189 12
190 12
191 13
192 13
193 12
194 12
195 12
196 13
197 13
198 13
199 13
200 13
201 12
202 12
203 14
204 12
205 12
206 13
207 13
208 12
209 12
210 13
211 12
212 12
213 12
214 13
215 13
216 12
217 12
218 13
219 12
220 12
221 12
222 12
223 12
224 13
225 13
226 12
227 12
228 13
229 12
230 12
231 13
232 13
233 13
234 12
235 13
236 12
237 12
238 13
239 12
240 13
241 13
242 13
243 12
244 12
245 13
246 12
247 12
248 13
249 12
250 12
251 12
252 12
253 13
254 13
255 13
256 13
257 13
258 13
259 13
260 12
261 12
262 14
263 12
264 12
265 12
266 12
267 12
268 12
269 14
270 14
271 13
272 12
273 12
274 12
275 12
276 12
277 12
278 12
279 12
280 12
281 12
282 12
283 12
284 12
285 12
286 12
287 12
288 12
289 12
290 13
291 13
292 12
293 12
294 12
295 12
296 12
297 12
298 12
299 12
300 12
301 12
302 12
303 12
304 12
305 12
306 12
307 12
308 12
309 13
310 12
311 12
312 12
313 12
314 12
315 12
316 12
317 12
318 12
319 12
320 12
321 12
322 12
323 12
324 12
325 12
326 12
327 13
328 12
329 12
330 12
331 13
332 13
333 12
334 12
335 12
336 12
337 12
338 12
339 12
340 12
341 12
342 12
343 12
344 12
345 12
346 12
347 12
348 13
349 12
350 12
351 12
352 12
353 12
354 12
355 13
356 12
357 12
358 12
359 12
360 12
361 12
362 12
363 12
364 13
365 12
366 12
367 14
368 14
369 14
370 13
371 12
372 13
373 13
374 13
375 12
376 12
377 13
378 12
379 13
380 12
381 12
382 12
383 12
384 12
385 12
386 13
387 12
388 12
389 12
390 12
391 12
392 12
393 12
394 12
395 12
396 12
397 12
398 12
399 12
400 12
401 12
402 12
403 12
404 12
405 12
406 12
407 12
408 12
409 13
410 13
411 12
412 12
413 12
414 12
415 12
416 12
417 12
418 12
419 13
420 13
421 12
422 12
423 12
424 12
425 12
426 12
427 12
428 12
429 12
430 12
431 12
432 12
433 12
434 12
435 12
436 12
437 12
438 12
439 12
440 12
441 12
442 12
443 12
444 12
445 12
446 12
447 12
448 12
449 12
450 12
451 12
452 12
453 12
454 12
455 12
456 12
457 12
458 12
459 12
460 12
461 12
462 12
463 12
464 12
465 12
466 12
467 12
468 12
469 13
470 12
471 12
472 12
473 12
474 12
475 12
476 12
477 12
478 13
479 13
480 12
481 12
482 12
483 12
484 12
485 12
486 12
487 12
488 12
489 13
490 13
491 12
492 12
493 12
494 12
495 12
496 12
497 12
498 12
499 12
500 11
501 10
502 10
503 10
504 9
505 8
506 7
507 5
508 2
509 1
510 1
511 1
512 0
513 8
514 3
515 2
516 5
517 4
518 3
519 2
520 0
521 1
522 8
523 2
524 4
525 5
526 4
527 4
528 3
529 1
530 1
531 0
532 5
533 0
534 0
535 2
536 3
537 3
538 2
539 2
540 2
541 2
542 1
543 0
544 1
545 0
546 0
547 2
548 0
549 1
550 0
551 1
552 1
553 0
554 0
555 1
556 1
557 0
558 3
559 1
560 0
561 4
562 4
563 3
564 2
565 10
566 3
567 2
568 0
569 7
570 8
571 7
572 7
573 6
574 7
575 6
576 7
577 7
578 9
579 8
580 8
581 8
582 9
583 9
584 8
585 10
586 9
587 9
588 9
589 8
590 8
591 8
592 8
593 8
594 8
595 7
596 8
597 10
598 10
599 9
600 8
601 7
602 7
603 6
604 6
605 7
606 6
607 6
608 5
609 1
610 0
611 1
612 1
613 0
614 2
615 1
616 0
617 1
618 2
619 1
620 0
621 2
622 6
623 2
624 1
625 1
626 0
627 0
628 2
629 1
630 0
631 0
632 1
633 2
634 2
635 1
636 0
637 8
638 0
639 0
640 1
641 3
642 1
643 2
644 2
645 1
646 0
647 10
648 0
649 2
650 1
651 1
652 0
653 5
654 0
655 2
656 2
657 1
658 1
659 1
660 0
661 0
662 0
663 3
664 0
665 1
666 0
667 4
668 4
669 3
670 1
671 0
672 6
673 5
674 4
675 4
676 3
677 1
678 0
679 0
680 0
681 0
682 0
683 1
684 0
685 0
686 5
687 4
688 2
689 1
690 1
691 0
692 0
693 5
694 9
695 8
696 7
697 6
698 5
699 4
700 1
701 0
702 0
703 0
704 1
705 0
706 0
707 2
708 2
709 1
710 2
711 1
712 3
713 2
714 1
715 0
716 1
717 1
718 0
719 1
720 2
721 1
722 0
723 0
724 0
725 0
726 2
727 0
728 1
729 0
730 2
731 1
732 0
733 6
734 0
735 0
736 1
737 4
738 0
739 1
740 1
741 1
742 0
743 4
744 4
745 3
746 1
747 0
748 1
749 0
750 0
751 3
752 2
753 3
754 3
755 2
756 1
757 3
758 2
759 1
760 5
761 0
762 1
763 0
764 2
765 1
766 3
767 2
768 2
769 1
770 2
771 2
772 4
773 4
774 3
775 4
776 4
777 3
778 4
779 4
780 3
781 2
782 1
783 0
784 0
785 0
786 1
787 1
788 0
789 2
790 1
791 0
792 3
793 2
794 2
795 2
796 2
797 1
798 0
799 1
800 1
801 0
802 5
803 5
804 4
805 4
806 3
807 1
808 0
809 1
810 3
811 2
812 2
813 2
814 1
815 0
816 4
817 0
818 0
819 0
820 0
821 1
822 0
823 4
824 2
825 4
826 3
827 0
828 2
829 2
830 2
831 1
832 0
833 5
834 1
835 0
836 2
837 1
838 0
839 0
840 1
841 1
842 0
843 1
844 1
845 0
846 0
847 1
848 2
849 1
850 0
851 1
852 0
853 0
854 2
855 3
856 3
857 3
858 2
859 1
860 0
861 0
862 3
863 3
864 2
865 2
866 2
867 2
868 1
869 2
870 1
871 0
872 0
873 0
874 0
875 0
876 1
877 1
878 0
879 0
880 1
881 1
882 0
883 3
884 2
885 0
886 0
887 1
888 3
889 2
890 1
891 0
892 0
893 0
894 0
895 0
896 0
897 3
898 3
899 2
900 1
901 0
902 1
903 0
904 0
905 1
906 0
907 0
908 0
909 1
910 1
911 2
912 1
913 0
914 1
915 1
916 0
917 3
918 2
919 1
920 0
921 0
922 0
923 0
924 3
925 2
926 1
927 0
928 1
929 0
930 1
931 0
932 0
933 1
934 1
935 0
936 0
937 0
938 1
939 0
940 0
941 1
942 1
943 0
944 1
945 0
946 1
947 0
948 0
949 1
950 1
951 0
952 0
953 4
954 1
955 1
956 3
957 3
958 4
959 3
960 2
961 0
962 0
963 0
964 1
965 0
966 0
967 1
968 0
969 0
970 1
971 0
972 1
973 0
974 2
975 2
976 1
977 0
978 0
979 0
980 1
981 0
982 0
983 0
984 0
985 0
986 0
987 1
988 0
989 0
990 1
991 0
992 4
993 3
994 4
995 3
996 3
997 2
998 1
999 1
1000 0
1001 1
1002 1
1003 1
1004 0
1005 1
1006 3
1007 4
1008 4
1009 3
1010 2
1011 0
1012 2
1013 1
1014 0
1015 0
1016 0
1017 1
1018 0
1019 0
1020 1
1021 0
1022 2
1023 2
1024 1
1025 0
1026 0
1027 0
1028 2
1029 1
1030 2
1031 1
1032 0
1033 3
1034 0
1035 0
1036 1
1037 1
1038 0
1039 0
1040 3
1041 3
1042 2
1043 0
1044 1
1045 1
1046 0
1047 0
1048 0
1049 2
1050 1
1051 0
1052 0
1053 0
1054 0
1055 2
1056 1
1057 0
1058 0
1059 0
1060 0
1061 1
1062 1
1063 2
1064 0
1065 1
1066 0
1067 0
1068 0
1069 0
1070 2
1071 1
1072 0
1073 0
1074 0
1075 1
1076 1
1077 0
1078 2
1079 1
1080 0
1081 1
1082 0
1083 0
1084 2
1085 1
1086 1
1087 0
1088 0
1089 0
