0 11
1 6
2 12
3 11
4 11
5 11
6 10
7 9
8 15
9 13
10 12
11 4
12 3
13 2
14 2
15 1
16 2
17 16
18 10
19 16
20 1
21 1
22 0
23 14
24 14
25 16
26 16
27 17
28 16
29 16
30 16
31 17
32 17
33 17
34 17
35 16
36 15
37 14
38 14
39 13
40 15
41 1
42 8
43 3
44 1
45 1
46 0
47 1
48 11
49 11
50 11
51 11
52 11
53 10
54 10
55 9
56 2
57 6
58 3
59 6
60 6
61 5
62 9
63 9
64 14
65 8
66 10
67 3
68 4
69 11
70 3
71 9
72 9
73 4
74 4
75 4
76 3
77 2
78 2
79 1
80 1
81 0
82 9
83 14
84 14
85 14
86 15
87 15
88 15
89 14
90 15
91 15
92 15
93 15
94 16
95 17
96 19
97 18
98 18
99 18
100 17
101 17
102 18
103 19
104 18
105 17
106 16
107 17
108 17
109 19
110 18
111 18
112 18
113 17
114 16
115 15
116 14
117 13
118 8
119 8
120 8
121 8
122 8
123 7
124 6
125 11
126 5
127 11
128 10
129 10
130 9
131 2
132 5
133 3
134 2
135 1
136 9
137 1
138 1
139 4
140 0
141 10
142 0
143 13
144 14
145 2
146 12
147 2
148 1
149 1
150 13
151 2
152 1
153 9
154 1
155 0
156 2
157 11
158 11
159 11
160 11
161 10
162 13
163 12
164 1
165 1
166 1
167 1
168 0
169 13
170 2
171 1
172 1
173 4
174 1
175 0
176 1
177 0
178 1
179 12
180 9
181 9
182 9
183 8
184 10
185 9
186 9
187 8
188 7
189 11
190 10
191 10
192 9
193 6
194 11
195 0
196 2
197 13
198 13
199 12
200 7
201 10
202 1
203 1
204 1
205 5
206 10
207 9
208 2
209 2
210 2
211 1
212 1
213 1
214 0
215 4
216 3
217 2
218 12
219 12
220 11
221 4
222 1
223 0
224 13
225 13
226 13
227 1
228 1
229 0
230 9
231 9
232 8
233 9
234 3
235 2
236 2
237 1
238 4
239 6
240 9
241 11
242 12
243 12
244 13
245 12
246 11
247 11
248 11
249 14
250 14
251 13
252 13
253 12
254 13
255 13
256 13
257 12
258 13
259 13
260 12
261 11
262 10
263 11
264 11
265 11
266 10
267 9
268 9
269 9
270 8
271 7
272 8
273 9
274 9
275 9
276 8
277 8
278 7
279 6
280 6
281 6
282 5
283 0
284 6
285 5
286 4
287 2
288 1
289 4
290 3
291 2
292 2
293 1
294 1
295 2
296 11
297 11
298 12
299 11
300 10
301 10
302 9
303 1
304 0
305 1
306 6
307 5
308 0
309 2
310 1
311 1
312 1
313 0
314 2
315 0
316 3
317 1
318 3
319 3
320 3
321 3
322 2
323 2
324 2
325 3
326 3
327 8
328 3
329 2
330 1
331 0
332 0
333 2
334 1
335 2
336 0
337 2
338 1
339 1
340 0
341 6
342 2
343 2
344 1
345 1
346 1
347 1
348 0
349 1
350 1
351 1
352 0
353 3
354 1
355 0
356 3
357 8
358 2
359 1
360 1
361 1
362 0
363 1
364 8
365 9
366 8
367 7
368 3
369 4
370 0
371 6
372 5
373 2
374 1
375 1
376 1
377 0
378 4
379 3
380 7
381 7
382 6
383 5
384 6
385 5
386 4
387 9
388 10
389 10
390 10
391 10
392 10
393 9
394 9
395 8
396 7
397 4
398 3
399 9
400 8
401 6
402 6
403 6
404 5
405 2
406 0
407 2
408 4
409 3
410 3
411 3
412 2
413 1
414 0
415 1
416 0
417 2
418 2
419 2
420 2
421 2
422 1
423 0
424 3
425 0
426 2
427 2
428 2
429 1
430 1
431 0
432 8
433 2
434 8
435 4
436 0
437 8
438 7
439 4
440 1
441 1
442 0
443 0
444 6
445 5
446 5
447 7
448 10
449 9
450 8
451 7
452 6
453 6
454 6
455 6
456 5
457 5
458 4
459 1
460 1
461 0
462 0
463 2
464 3
465 1
466 2
467 9
468 8
469 0
470 0
471 1
472 0
473 0
474 4
475 3
476 5
477 3
478 2
479 1
480 0
481 2
482 0
483 2
484 2
485 1
486 1
487 0
488 1
489 0
490 1
491 1
492 0
493 1
494 0
495 0
496 1
497 3
498 1
499 0
500 1
501 2
502 2
503 1
504 0
505 1
506 2
507 1
508 0
509 7
510 2
511 1
512 1
513 0
514 2
515 1
516 0
517 1
518 0
519 0
520 1
521 0
522 1
523 0
524 4
525 0
526 4
527 1
528 2
529 1
530 2
531 0
532 4
533 5
534 6
535 5
536 7
537 7
538 7
539 6
540 7
541 6
542 5
543 5
544 4
545 4
546 3
547 1
548 1
549 0
550 1
551 1
552 0
553 1
554 0
555 3
556 2
557 3
558 4
559 2
560 2
561 2
562 2
563 1
564 4
565 5
566 5
567 5
568 4
569 0
570 1
571 1
572 0
573 2
574 0
575 0
576 0
577 1
578 0
579 2
580 1
581 0
582 1
583 1
584 0
585 0
586 1
587 0
588 0
589 2
590 3
591 4
592 4
593 3
594 2
595 1
596 4
597 4
598 3
599 4
600 4
601 4
602 4
603 3
604 2
605 1
606 1
607 1
608 1
609 0
610 2
611 2
612 1
613 3
614 3
615 2
616 1
617 0
618 1
619 0
620 0
621 0
622 1
623 0
624 0
625 0
626 1
627 0
628 1
629 1
630 0
631 5
632 5
633 5
634 4
635 3
636 4
637 3
638 2
639 2
640 1
641 4
642 4
643 3
644 2
645 1
646 0
647 0
648 2
649 2
650 1
651 1
652 1
653 0
654 1
655 1
656 0
657 0
658 2
659 2
660 1
661 0
662 0
663 1
664 1
665 1
666 1
667 1
668 0
669 0
670 2
671 1
672 2
673 3
674 3
675 3
676 2
677 1
678 0
679 0
