0 12
1 25
2 18
3 18
4 22
5 22
6 25
7 25
8 25
9 25
10 24
11 24
12 24
13 23
14 22
15 27
16 23
17 23
18 23
19 23
20 22
21 21
22 22
23 22
24 22
25 21
26 21
27 21
28 21
29 20
30 18
31 18
32 18
33 20
34 18
35 18
36 18
37 26
38 19
39 24
40 24
41 24
42 24
43 23
44 18
45 20
46 18
47 18
48 18
49 19
50 18
51 18
52 25
53 22
54 22
55 21
56 24
57 25
58 25
59 25
60 25
61 27
62 27
63 27
64 27
65 27
66 26
67 25
68 25
69 25
70 25
71 25
72 24
73 24
74 24
75 23
76 24
77 23
78 23
79 23
80 22
81 21
82 21
83 20
84 18
85 18
86 19
87 19
88 18
89 19
90 18
91 26
92 20
93 21
94 18
95 20
96 18
97 18
98 18
99 18
100 18
101 26
102 18
103 19
104 19
105 21
106 18
107 18
108 20
109 19
110 19
111 18
112 18
113 18
114 18
115 18
116 18
117 19
118 18
119 18
120 26
121 21
122 21
123 21
124 20
125 18
126 27
127 18
128 19
129 18
130 18
131 18
132 20
133 18
134 19
135 20
136 19
137 18
138 18
139 18
140 19
141 18
142 18
143 19
144 18
145 18
146 18
147 18
148 19
149 19
150 18
151 25
152 18
153 18
154 26
155 26
156 26
157 26
158 26
159 26
160 25
161 18
162 18
163 18
164 18
165 18
166 20
167 20
168 20
169 20
170 20
171 19
172 21
173 21
174 20
175 20
176 19
177 19
178 19
179 19
180 19
181 18
182 20
183 21
184 18
185 18
186 18
187 18
188 18
189 18
190 19
191 20
192 20
193 19
194 19
195 19
196 19
197 18
198 18
199 19
200 19
201 20
202 22
203 20
204 19
205 20
206 19
207 19
208 19
209 18
210 19
211 18
212 18
213 20
214 18
215 18
216 18
217 18
218 19
219 18
220 18
221 19
222 18
223 18
224 18
225 21
226 19
227 19
228 19
229 19
230 18
231 19
232 19
233 18
234 18
235 18
236 18
237 18
238 21
239 18
240 19
241 21
242 21
243 22
244 21
245 21
246 20
247 20
248 20
249 20
250 19
251 18
252 18
253 18
254 18
255 19
256 19
257 19
258 22
259 21
260 21
261 21
262 21
263 22
264 22
265 22
266 21
267 20
268 21
269 20
270 20
271 20
272 19
273 18
274 25
275 25
276 24
277 21
278 21
279 20
280 21
281 21
282 21
283 21
284 22
285 21
286 20
287 19
288 18
289 19
290 19
291 19
292 18
293 18
294 19
295 19
296 19
297 18
298 19
299 18
300 18
301 18
302 19
303 19
304 19
305 20
306 19
307 19
308 18
309 18
310 25
311 18
312 20
313 18
314 18
315 18
316 20
317 18
318 19
319 19
320 19
321 21
322 22
323 22
324 21
325 21
326 21
327 20
328 20
329 19
330 18
331 18
332 18
333 18
334 18
335 18
336 19
337 19
338 19
339 19
340 19
341 19
342 19
343 22
344 24
345 24
346 24
347 24
348 24
349 23
350 23
351 25
352 25
353 26
354 26
355 26
356 26
357 26
358 26
359 26
360 25
361 24
362 25
363 26
364 26
365 25
366 25
367 26
368 25
369 24
370 24
371 24
372 24
373 23
374 23
375 22
376 22
377 21
378 20
379 20
380 20
381 19
382 18
383 18
384 18
385 18
386 19
387 20
388 20
389 20
390 19
391 18
392 18
393 19
394 19
395 20
396 20
397 20
398 19
399 19
400 18
401 18
402 18
403 18
404 18
405 18
406 19
407 19
408 20
409 19
410 19
411 19
412 20
413 19
414 20
415 19
416 18
417 19
418 18
419 18
420 18
421 18
422 18
423 21
424 18
425 18
426 18
427 18
428 18
429 19
430 20
431 20
432 20
433 19
434 19
435 19
436 18
437 18
438 18
439 18
440 18
441 18
442 18
443 18
444 18
445 18
446 18
447 18
448 18
449 18
450 18
451 18
452 18
453 18
454 20
455 20
456 20
457 19
458 21
459 20
460 19
461 18
462 18
463 18
464 18
465 18
466 19
467 19
468 18
469 18
470 18
471 18
472 20
473 20
474 19
475 18
476 18
477 18
478 17
479 3
480 1
481 4
482 3
483 3
484 3
485 2
486 1
487 0
488 2
489 2
490 1
491 5
492 14
493 8
494 2
495 8
496 8
497 8
498 8
499 8
500 8
501 7
502 16
503 1
504 8
505 7
506 7
507 8
508 8
509 7
510 6
511 1
512 1
513 0
514 6
515 6
516 5
517 5
518 4
519 1
520 0
521 3
522 1
523 1
524 1
525 0
526 1
527 1
528 0
529 4
530 7
531 10
532 9
533 8
534 10
535 9
536 10
537 11
538 10
539 9
540 8
541 10
542 9
543 10
544 9
545 8
546 7
547 6
548 6
549 6
550 6
551 5
552 0
553 16
554 1
555 1
556 1
557 0
558 1
559 1
560 2
561 2
562 1
563 1
564 0
565 5
566 15
567 4
568 3
569 2
570 8
571 8
572 8
573 7
574 2
575 1
576 4
577 1
578 1
579 3
580 5
581 6
582 5
583 5
584 4
585 3
586 2
587 2
588 2
589 1
590 0
591 2
592 2
593 1
594 1
595 0
596 1
597 1
598 0
599 2
600 1
601 1
602 1
603 0
604 7
605 4
606 3
607 3
608 14
609 2
610 1
611 2
612 1
613 1
614 7
615 7
616 7
617 6
618 1
619 1
620 1
621 1
622 0
623 3
624 3
625 2
626 6
627 2
628 1
629 1
630 1
631 0
632 2
633 1
634 1
635 0
636 1
637 0
638 3
639 0
640 3
641 3
642 3
643 2
644 1
645 5
646 3
647 5
648 2
649 2
650 5
651 2
652 1
653 1
654 0
655 11
656 1
657 1
658 0
659 15
660 15
661 15
662 14
663 1
664 0
665 1
666 16
667 16
668 15
669 4
670 0
671 11
672 15
673 15
674 15
675 15
676 15
677 14
678 16
679 16
680 17
681 17
682 16
683 15
684 14
685 1
686 0
687 0
688 5
689 3
690 3
691 2
692 0
693 16
694 15
695 2
696 3
697 2
698 1
699 5
700 2
701 4
702 0
703 13
704 13
705 13
706 13
707 13
708 12
709 5
710 5
711 4
712 1
713 0
714 2
715 1
716 2
717 2
718 1
719 0
720 8
721 5
722 12
723 11
724 2
725 11
726 11
727 18
728 18
729 20
730 20
731 19
732 18
733 18
734 18
735 17
736 17
737 16
738 16
739 15
740 15
741 15
742 15
743 15
744 14
745 14
746 13
747 13
748 13
749 13
750 12
751 12
752 11
753 10
754 1
755 2
756 1
757 1
758 1
759 0
760 4
761 3
762 1
763 2
764 1
765 3
766 0
767 1
768 0
769 7
770 7
771 7
772 6
773 8
774 7
775 8
776 8
777 8
778 7
779 7
780 6
781 5
782 4
783 1
784 1
785 0
786 1
787 0
788 5
789 1
790 1
791 11
792 6
793 1
794 0
795 3
796 2
797 1
798 2
799 2
800 2
801 6
802 1
803 0
804 1
805 0
806 2
807 3
808 2
809 2
810 1
811 1
812 0
813 3
814 2
815 1
816 10
817 2
818 1
819 1
820 0
821 4
822 3
823 4
824 4
825 5
826 6
827 6
828 5
829 5
830 5
831 5
832 5
833 5
834 5
835 4
836 3
837 1
838 0
839 1
840 0
841 2
842 1
843 0
844 1
845 2
846 0
847 1
848 1
849 1
850 0
851 2
852 1
853 0
854 0
855 1
856 1
857 2
858 2
859 1
860 1
861 0
862 2
863 1
864 1
865 3
866 3
867 2
868 2
869 3
870 2
871 1
872 0
873 4
874 1
875 1
876 1
877 0
878 7
879 7
880 6
881 5
882 2
883 1
884 1
885 0
886 0
887 0
888 0
889 3
890 3
891 4
892 4
893 5
894 7
895 7
896 7
897 6
898 3
899 3
900 3
901 2
902 0
903 3
904 2
905 1
906 1
907 0
908 2
909 1
910 2
911 1
912 10
913 10
914 9
915 2
916 4
917 3
918 2
919 3
920 3
921 3
922 2
923 1
924 0
925 2
926 1
927 0
928 1
929 3
930 2
931 1
932 0
933 0
934 7
935 4
936 3
937 8
938 2
939 2
940 3
941 2
942 2
943 2
944 1
945 1
946 0
947 1
948 2
949 2
950 2
951 1
952 5
953 6
954 5
955 6
956 6
957 6
958 6
959 10
960 10
961 9
962 9
963 9
964 8
965 9
966 8
967 7
968 6
969 6
970 6
971 5
972 4
973 1
974 0
975 3
976 3
977 2
978 3
979 1
980 1
981 0
982 2
983 2
984 2
985 2
986 3
987 2
988 1
989 0
990 1
991 1
992 0
993 0
994 0
995 0
996 1
997 0
998 0
999 7
1000 1
1001 1
1002 1
1003 0
1004 1
1005 0
1006 1
1007 1
1008 0
1009 5
1010 0
1011 1
1012 4
1013 0
1014 1
1015 2
1016 0
1017 3
1018 3
1019 3
1020 2
1021 1
1022 1
1023 1
1024 1
1025 0
1026 1
1027 0
1028 1
1029 0
1030 3
1031 2
1032 2
1033 1
1034 1
1035 0
1036 1
1037 1
1038 1
1039 1
1040 0
1041 0
1042 4
1043 1
1044 1
1045 0
1046 2
1047 3
1048 3
1049 4
1050 5
1051 5
1052 5
1053 4
1054 4
1055 3
1056 2
1057 1
1058 0
1059 2
1060 0
1061 0
1062 2
1063 1
1064 1
1065 1
1066 0
1067 2
1068 2
1069 1
1070 1
1071 0
1072 1
1073 1
1074 1
1075 5
1076 2
1077 1
1078 3
1079 3
1080 2
1081 2
1082 1
1083 0
1084 1
1085 1
1086 0
1087 0
1088 0
1089 1
1090 1
1091 0
1092 6
1093 7
1094 7
1095 6
1096 5
1097 5
1098 4
1099 4
1100 6
1101 6
1102 7
1103 6
1104 5
1105 4
1106 4
1107 3
1108 2
1109 1
1110 0
1111 2
1112 1
1113 2
1114 1
1115 1
1116 0
1117 1
1118 1
1119 1
1120 0
1121 0
1122 1
1123 1
1124 0
1125 0
1126 1
1127 3
1128 3
1129 2
1130 0
1131 1
1132 0
1133 5
1134 5
1135 4
1136 1
1137 1
1138 1
1139 0
1140 1
1141 0
1142 3
1143 3
1144 4
1145 5
1146 4
1147 4
1148 4
1149 3
1150 2
1151 2
1152 2
1153 2
1154 1
1155 0
1156 1
1157 0
1158 0
1159 1
1160 4
1161 3
1162 2
1163 1
1164 2
1165 3
1166 3
1167 2
1168 1
1169 1
1170 1
1171 0
1172 1
1173 0
1174 1
1175 0
1176 1
1177 2
1178 2
1179 2
1180 1
1181 0
1182 3
1183 0
1184 1
1185 0
1186 0
1187 1
1188 1
1189 1
1190 1
1191 0
1192 5
1193 5
1194 4
1195 6
1196 6
1197 6
1198 5
1199 5
1200 4
1201 4
1202 3
1203 2
1204 2
1205 1
1206 1
1207 1
1208 0
1209 1
1210 1
1211 0
1212 0
1213 0
1214 2
1215 1
1216 1
1217 0
1218 2
1219 1
1220 0
1221 0
1222 1
1223 1
1224 0
1225 2
1226 2
1227 1
1228 1
1229 0
1230 1
1231 2
1232 1
1233 0
1234 1
1235 0
1236 1
1237 2
1238 1
1239 0
1240 0
1241 0
1242 1
1243 1
1244 0
1245 0
1246 1
1247 1
1248 0
1249 0
1250 0
1251 1
1252 0
1253 1
1254 0
1255 2
1256 3
1257 3
1258 2
1259 2
1260 1
1261 1
1262 2
1263 1
1264 1
1265 0
