29 654
97 871
97 873
97 874
97 875
97 877
97 881
97 882
99 4
99 105
99 320
99 321
99 325
99 326
99 330
99 332
177 4
235 4
235 810
235 813
235 816
235 817
235 818
336 1205
433 4
433 874
433 1345
433 1460
489 325
489 544
489 1160
489 1594
599 4
599 874
631 1937
642 2237
642 2238
642 2239
642 2241
654 1824
654 1988
654 1990
654 1991
654 1992
654 1994
839 332
839 1466
839 2396
839 2397
839 2398
839 2401
871 1160
871 2538
871 2539
871 2541
882 1441
882 2545
882 2548
882 2549
927 433
927 654
927 1563
927 2629
927 2631
927 2632
927 2633
930 97
930 332
930 1441
930 2638
930 2639
1110 544
1110 3546
1110 7340
1110 7420
1110 7436
1110 7437
1151 3051
1151 3053
1199 839
1199 1160
1199 3136
1283 326
1283 1199
1283 3275
1283 3277
1319 326
1319 330
1319 2396
1319 3307
1327 177
1327 1205
1327 4334
1377 3408
1377 3409
1446 3051
1446 3534
1446 3535
1446 3536
1460 4017
1460 5396
1460 7571
1563 433
1563 3725
1563 3726
1657 2661
1657 5807
1657 9566
1736 4017
1756 29
1756 3855
1756 3993
1756 3994
1824 1994
1890 330
1890 3313
1890 8360
1890 10192
1890 10327
1890 10806
1890 10807
1913 222
1913 1824
1913 4156
1913 4158
1913 4159
1913 4160
1937 4185
1937 4188
1937 4189
1937 4191
1988 3520
1988 10804
2180 4559
2218 3887
2218 4185
2218 4188
2218 4534
2218 4535
2220 4537
2220 4538
2238 1574
2238 1992
2238 8367
2238 8368
2239 444
2239 981
2239 4692
2239 5152
2239 5907
2239 8128
2283 973
2283 1483
2283 4169
2283 4593
2283 4594
2415 839
2415 2279
2415 2513
2415 4764
2415 4766
2418 222
2418 444
2418 3786
2418 4776
2513 4879
2513 4880
2513 4881
2513 4882
2513 4883
2513 4884
2513 4885
2513 4886
2513 4887
2533 2889
2533 3994
2533 4901
2533 4902
2541 2873
2541 4159
2541 4915
2541 4917
2548 3786
2548 4158
2548 4743
2548 4921
2548 4922
2557 2533
2557 4053
2557 4191
2584 631
2584 930
2584 1132
2584 4158
2584 4588
2584 4949
2631 13
2631 976
2631 3893
2631 5001
2631 5002
2633 4418
2633 4986
2633 4994
2633 4995
2633 4996
2639 973
2639 4510
2639 5012
2639 5013
2639 5014
2653 13
2653 2734
2653 4794
2653 5017
2653 5018
2661 99
2661 8576
2690 105
2690 4534
2690 4776
2690 5058
2690 5059
2691 5589
2691 6202
2691 6932
2691 7136
2706 2533
2706 4191
2706 5064
2734 5094
2734 5096
2734 5097
2738 433
2738 3905
2738 5090
2738 5091
2738 5093
2774 5130
2774 5131
2774 5132
2792 2774
2792 4089
2792 5093
2792 5151
2792 5152
2912 97
2912 1574
2912 5269
2976 4498
2976 5324
2976 5325
2989 629
2989 2396
2989 2873
2989 3313
2989 5396
3221 996
3221 1566
3221 1973
3221 5325
3221 7347
3221 7486
3221 7496
3264 5563
3264 5564
3409 2279
3457 973
3457 4593
3457 4662
3457 4764
3466 5017
3520 1345
3534 875
3534 1160
3534 4282
3534 5801
3534 5803
3536 332
3536 479
3536 1574
3536 2912
3536 2957
3536 5799
3536 5800
3546 2241
3546 5807
3546 5809
3554 1199
3554 4698
3554 5269
3618 2513
3618 5865
3618 5866
3618 5868
3675 1460
3675 2976
3675 5906
3675 5907
3887 2545
3887 2873
3887 5809
3905 2989
3905 5961
3905 6115
3905 6116
3964 6179
4089 6010
4130 5849
4156 3277
4156 6361
4189 2722
4189 3466
4189 5131
4189 6412
4189 6413
4246 2691
4246 6403
4246 6404
4249 2957
4349 996
4349 1988
4349 5009
4349 5096
4349 6471
4420 642
4420 4159
4420 5529
4420 5799
4420 6549
4489 810
4489 996
4489 1151
4489 6587
4494 1976
4494 5836
4494 6613
4494 6614
4534 6652
4534 6653
4534 6654
4538 99
4538 6657
4538 6658
4538 6659
4538 6660
4559 3408
4588 2396
4588 5329
4593 1151
4593 6692
4593 6693
4593 6695
4670 4017
4670 5528
4670 6739
4670 6740
4670 6741
4692 99
4692 4743
4692 6752
4692 6753
4692 6754
4731 5662
4731 5799
4794 3275
4794 6866
4949 4396
4949 6902
4949 6903
5013 6943
5014 444
5014 973
5014 2553
5014 6726
5014 6933
5014 6934
5017 99
5017 326
5017 330
5017 3275
5017 3277
5017 3307
5017 6935
5050 6753
5058 4996
5058 6179
5058 6958
5058 6959
5062 5064
5062 5563
5062 5958
5062 6717
5064 1896
5064 9060
5091 6024
5091 6031
5091 7256
5091 9710
5096 99
5096 6976
5096 6977
5130 479
5130 5018
5130 6988
5130 6990
5132 1824
5132 4191
5132 6896
5132 6994
5151 1151
5152 6355
5152 6726
5161 2873
5161 5961
5161 7026
5161 7027
5161 7028
5173 433
5173 4764
5173 7042
5173 7043
5224 624
5224 1377
5224 1657
5224 6880
5224 7096
5329 8424
5354 3038
5354 4334
5354 5267
5427 7199
5463 4996
5589 1973
5589 4698
5589 5064
5589 7136
5617 544
5617 1828
5617 3057
5617 3264
5617 3568
5617 4996
5617 5009
5617 5564
5617 6116
5617 6212
5617 6614
5617 6652
5617 7055
5617 7328
5617 7340
5617 7343
5617 7362
5617 7363
5617 7364
5617 7366
5617 7367
5621 4159
5639 4282
5639 7339
5639 7340
5639 7341
5639 7343
5662 325
5662 743
5662 3361
5662 3893
5662 4089
5662 7359
5676 5621
5694 5132
5694 6165
5694 6549
5694 7382
5800 874
5800 2237
5800 5354
5807 2283
5807 5064
5807 5528
5836 4349
5836 4420
5837 5329
5837 6471
5837 6935
5837 6994
5837 7453
5865 13
5865 1824
5865 5267
5865 7466
5922 5907
5922 7339
5922 7347
5922 7523
5960 1574
5960 1629
5960 5329
6001 1151
6001 2396
6001 6587
6001 7572
6001 7573
6017 743
6017 4169
6017 4246
6040 7586
6040 7588
6084 874
6084 3038
6084 5800
6084 6403
6084 7439
6087 3887
6087 5564
6087 5589
6087 7334
6087 7609
6087 7610
6120 479
6120 4498
6120 5130
6120 6988
6135 4160
6165 2661
6165 3546
6165 3568
6165 5161
6165 6803
6165 7116
6175 2629
6175 5589
6175 7453
6175 7675
6202 631
6202 2661
6202 4731
6202 5621
6202 6935
6202 7609
6212 1377
6212 2398
6212 7696
6219 3275
6219 3510
6219 4169
6219 4185
6219 7702
6227 3038
6227 4160
6227 5717
6227 6135
6227 7703
6227 7704
6232 3887
6278 976
6293 4763
6293 5528
6293 7436
6293 7743
6293 7744
6293 7745
6293 7746
6355 743
6355 3590
6355 7463
6361 177
6413 6887
6413 7831
6413 7832
6516 5050
6516 6657
6516 7334
6516 7571
6516 7881
6549 99
6549 3029
6549 7832
6549 7899
6625 4246
6625 5152
6625 9649
6657 13
6657 3510
6657 7400
6657 7934
6657 7935
6662 976
6662 5958
6662 6278
6662 6613
6662 7941
6690 743
6690 1199
6690 1725
6690 2530
6690 5799
6693 330
6693 3307
6693 5589
6693 7962
6693 7963
6693 7964
6740 6509
6740 7980
6740 7982
6740 7983
6776 99
6778 6024
6778 7136
6778 7486
6778 7496
6934 874
6934 1205
6934 7463
6934 8108
6934 8109
6974 1973
6974 2553
6974 5354
6974 6412
6974 7042
6974 8129
6988 2632
6988 8140
7000 5152
7000 5329
7000 6087
7000 8145
7000 8146
7027 629
7027 973
7027 7908
7027 7916
7027 8099
7042 996
7042 3568
7042 4418
7042 7328
7042 8172
7066 1327
7066 3590
7066 7343
7066 7366
7066 8184
7112 810
7112 871
7112 2396
7112 8140
7112 8220
7112 8221
7113 522
7113 5849
7113 7703
7113 7915
7113 8223
7199 996
7199 4159
7199 8172
7199 8289
7202 976
7202 3590
7244 330
7244 631
7244 6935
7244 7963
7244 7964
7244 8225
7244 8311
7244 8312
7256 5564
7256 7880
7256 8323
7256 8324
7341 8347
7343 1896
7343 4698
7343 8140
7343 8353
7354 5325
7354 7027
7354 7983
7354 8359
7359 326
7359 1976
7359 2873
7359 6364
7359 8360
7359 8361
7400 4698
7400 6212
7400 7343
7400 7983
7409 5427
7409 6974
7409 8397
7413 330
7413 2180
7413 7400
7420 981
7420 6935
7420 8394
7420 8395
7420 8396
7439 2541
7439 6040
7439 7863
7439 8409
7439 8410
7439 8412
7453 2889
7453 5589
7453 6017
7453 7846
7453 7963
7453 8225
7453 8422
7496 3307
7496 5267
7496 7743
7508 4698
7508 5617
7508 7963
7508 8452
7508 8453
7523 5064
7573 7463
7573 8491
7573 8493
7659 8424
7685 1574
7685 8361
7685 8569
7685 8570
7703 2738
7703 6778
7703 8587
7727 6001
7727 8368
7727 8593
7727 8595
7743 8278
7743 8615
7880 1574
7880 6887
7880 8682
7880 8683
7886 5589
7908 2722
7908 3905
7915 6401
7915 8397
7915 8722
7915 8723
7929 99
7929 2415
7929 8727
7934 2584
7934 4763
7934 8615
7934 8733
7951 105
7951 5803
7951 6412
7951 7096
7980 4794
8022 326
8023 3510
8023 5589
8023 7112
8023 7353
8023 8692
8145 330
8145 6084
8145 6371
8145 8133
8145 8278
8145 8394
8153 1828
8153 2873
8153 3313
8153 5096
8225 1574
8225 3369
8225 5958
8225 6803
8225 8932
8228 3369
8228 7980
8308 325
8308 810
8308 871
8308 6031
8308 6403
8308 7340
8308 7420
8308 7745
8308 8109
8308 8359
8308 8804
8308 8979
8308 8980
8308 8981
8308 8982
8410 6933
8410 7340
8410 7832
8422 3554
8422 7743
8424 2283
8444 2989
8457 3029
8457 5960
8457 6175
8457 7453
8466 99
8466 2661
8466 2738
8466 3264
8466 6364
8466 6371
8466 7053
8474 5064
8474 6371
8474 9064
8474 9065
8491 3369
8491 5961
8491 8681
8491 10414
8587 4249
8587 5694
8587 7737
8587 8909
8587 8980
8587 9137
8595 9139
8654 1995
8654 3520
8654 8981
8654 9182
8654 9183
8654 9184
8654 9185
8706 4282
8707 4282
8707 5807
8707 6401
8707 9239
8756 2661
8756 4334
8756 7453
8756 8353
8756 8361
8777 4692
8874 5922
8874 6880
8874 9137
8874 9372
8892 642
8892 8664
8892 9382
8892 9384
8892 9385
8892 9386
8909 624
8932 6355
9021 3275
9021 6165
9021 6866
9021 9471
9139 3264
9139 4996
9139 7631
9216 99
9216 874
9239 9324
9287 6024
9287 7256
9287 9641
9287 9642
9366 1377
9366 2415
9366 8409
9366 9534
9366 9691
9382 5001
9382 7929
9382 8569
9382 8804
9415 7366
9415 8466
9415 8570
9415 9369
9415 9416
9429 10192
9476 5173
9476 6412
9476 9779
9489 7743
9489 9584
9489 9784
9514 9806
9534 99
9534 7122
9534 7420
9534 9801
9534 9802
9572 99
9572 4249
9572 6355
9572 9216
9572 9476
9572 9671
9642 8360
9642 9901
9670 3361
9670 6887
9670 9911
9670 9912
9670 9913
9670 9914
9670 9915
9696 3510
9696 8361
9696 8588
9696 9671
9696 9929
9696 9930
9720 99
9720 2239
9720 2415
9720 6932
9720 9324
9720 9784
9720 9979
9720 9980
9720 9981
9779 2553
9802 1483
9802 9464
9802 10000
9802 10001
9806 6613
9812 4160
9824 6202
9824 7122
9824 10015
9824 10016
9901 1725
9901 6654
9901 9696
9901 9720
9912 1483
9912 10101
9912 10102
9913 642
9913 6880
9913 9911
9917 9671
9986 1574
9986 1657
9986 4498
9986 10148
10000 2957
10000 3590
10000 4537
10000 5064
10000 8981
10000 10157
10000 10158
10016 10164
10065 177
10065 5064
10065 6753
10066 5001
10066 6057
10066 7631
10066 10203
10066 10204
10066 10205
10203 2415
10203 4159
10203 6293
10203 10313
10252 7343
10252 8491
10252 9514
10306 13
10306 1994
10306 2989
10306 5819
10306 7112
10306 8228
10306 9801
10313 10386
10327 2238
10327 6293
10327 8588
10327 10356
10327 10397
10385 7359
10385 10469
10385 10470
10385 10471
10397 1441
10397 10482
10397 10483
10397 10485
10397 10486
10426 1483
10426 2283
10426 10502
10426 10504
10449 1988
10449 2415
10449 2734
10449 5799
10449 7439
10471 320
10471 3369
10471 4763
10471 4794
10471 10540
10471 10541
10471 10542
10471 10543
10471 10544
10483 4794
10483 5001
10504 10584
10543 10603
10544 4349
10564 9981
10671 4191
10671 7400
10671 10692
10671 10693
10671 10694
10724 624
10724 4249
10724 8588
10724 8804
10724 10746
10724 10747
10739 1890
10739 1988
10739 10765
10739 10767
10746 4396
10746 5195
10746 7951
