0 3
0 6
0 7
0 9
3 20
3 21
3 22
3 24
3 25
3 26
3 28
20 50
20 51
20 56
20 57
21 22
21 63
21 64
21 68
25 98
25 100
25 101
25 104
26 91
26 95
75 3
75 6
75 57
75 216
91 255
91 257
101 317
112 329
112 351
112 353
112 357
121 480
121 485
121 487
194 9
194 290
194 351
194 6699
255 864
255 924
255 926
255 928
255 929
275 149
275 997
275 999
275 1000
275 1002
275 1004
282 50
287 324
287 1060
287 1062
287 1064
287 1065
317 830
317 1148
317 1149
317 1152
351 1310
424 758
424 1427
424 1431
424 1432
439 612
439 1196
439 1480
439 1482
472 1605
480 290
480 753
480 1568
480 1569
480 1570
480 1571
485 1709
487 287
487 1587
487 1588
487 1589
487 1590
504 1780
504 1781
504 1783
504 1784
512 1630
512 1631
512 1635
577 1792
577 1793
577 1794
577 1796
577 1797
603 469
603 1868
603 1869
603 1871
611 287
611 1571
611 1889
611 1892
657 1760
657 1997
657 1998
657 2000
670 1571
671 469
671 2023
671 2025
671 2027
671 2029
726 290
726 701
726 2207
726 2208
753 512
753 2276
753 2282
758 1445
758 2262
758 2263
758 2264
807 2602
811 22
811 2347
811 2348
811 2350
830 2157
830 2392
862 216
862 758
862 2504
862 2507
864 257
864 1347
924 928
924 929
924 1780
924 2664
924 2665
928 1997
928 2635
1033 1963
1065 6
1065 687
1065 2018
1065 2880
1107 290
1107 2954
1107 2956
1140 1919
1140 3012
1152 5863
1159 612
1159 2704
1159 3069
1159 3071
1159 3072
1159 3073
1192 862
1192 864
1192 1295
1192 1568
1192 3112
1229 3174
1229 3177
1229 3180
1245 1806
1245 3205
1245 3207
1245 3208
1245 3209
1295 1963
1295 3269
1295 3270
1347 3346
1354 290
1354 1631
1354 1760
1354 1997
1354 2157
1354 2700
1354 7715
1354 7716
1354 7718
1361 1229
1361 1998
1361 2880
1361 3374
1361 3377
1370 811
1370 2495
1370 2954
1370 3392
1370 3393
1370 3394
1370 3395
1379 9
1379 1140
1379 2885
1379 3417
1379 3419
1379 3421
1379 3422
1387 784
1387 1760
1387 2495
1387 3447
1387 3448
1387 3449
1387 3451
1387 3452
1588 439
1588 2625
1588 3753
1588 3754
1589 329
1589 3748
1589 3749
1589 3751
1589 3752
1590 2963
1590 3223
1590 3756
1590 3757
1605 1427
1605 2057
1605 3799
1605 3801
1630 3073
1630 3817
1630 3818
1630 3819
1630 3824
1706 2599
1706 3451
1706 3912
1706 3917
1721 7
1721 469
1721 2665
1721 3722
1721 3950
1721 3951
1727 807
1727 3177
1727 3952
1727 3953
1727 3954
1727 3955
1727 3956
1732 75
1732 3958
1745 1148
1745 1196
1745 1919
1745 2607
1745 3378
1745 3974
1745 3975
1745 3976
1760 143
1781 3
1781 57
1781 1000
1781 4032
1793 3069
1793 3072
1793 4134
1793 4135
1794 2607
1794 6327
1794 6555
1796 1570
1799 670
1799 2240
1799 6675
1799 7356
1799 7358
1849 701
1849 784
1849 1107
1849 1927
1849 4103
1909 929
1909 1004
1909 1910
1909 4151
1909 4153
1919 282
1919 353
1919 3917
1919 4161
1919 4162
1927 1032
1927 3069
1927 4167
1927 4168
1938 329
1938 1977
1938 2010
1938 2495
1938 4193
1955 1963
1955 2522
1955 3767
1955 3912
1955 4225
1955 4226
1963 4233
1963 4234
1963 4235
1963 4236
1963 4237
1963 4239
1997 2264
1997 2695
1997 4092
1997 4265
1997 4266
1997 4267
1997 4268
2006 657
2006 726
2006 2495
2018 6
2018 216
2018 3672
2023 1868
2023 3951
2023 4268
2023 4314
2025 2607
2025 3503
2025 4308
2027 7
2027 22
2027 2029
2027 3246
2057 2775
2057 3180
2057 4350
2157 4548
2157 4549
2163 3767
2207 1060
2207 2640
2207 4517
2207 4518
2207 4519
2244 98
2244 3511
2244 3950
2244 4646
2244 4647
2244 4648
2244 4650
2262 753
2262 4560
2262 4563
2264 98
2264 4447
2264 4570
2282 9
2282 1910
2282 3451
2286 480
2286 1589
2286 2625
2286 4600
2286 4601
2286 4602
2296 1892
2296 3686
2296 4600
2296 4602
2296 4608
2296 4610
2347 3269
2348 2607
2348 4789
2504 1347
2504 2695
2522 4888
2602 1998
2602 4957
2602 4958
2664 3753
2695 1732
2695 2852
2695 5061
2700 282
2775 1107
2775 3645
2775 4225
2804 512
2804 2262
2804 2729
2804 2843
2804 5167
2804 5168
2804 5169
2804 5170
2830 290
2830 1927
2830 5199
2830 5202
2843 25
2843 1706
2843 1868
2843 2350
2843 4560
2843 4853
2956 3326
2963 1062
2963 3071
2963 4518
2963 4853
2963 5311
3084 1570
3084 3374
3084 3931
3084 5404
3084 5405
3087 1480
3087 2926
3087 5408
3087 5410
3098 2018
3161 91
3161 2495
3161 4602
3161 5405
3161 5486
3174 1806
3174 1910
3174 2635
3174 5511
3180 4151
3180 5574
3207 687
3207 4685
3207 6665
3207 6862
3208 926
3208 2885
3208 3004
3208 4398
3223 2263
3223 5535
3223 5536
3223 5537
3269 1099
3293 2350
3293 3353
3293 5604
3293 5605
3312 1571
3312 1783
3312 5606
3312 5608
3338 149
3338 4560
3338 5623
3346 143
3346 2602
3346 3246
3346 4379
3346 5500
3346 5631
3352 1963
3352 3912
3352 4226
3352 5643
3374 5680
3377 4151
3377 5688
3377 5689
3377 5690
3378 4162
3378 4549
3378 5670
3378 5671
3386 577
3386 3722
3386 5681
3392 3004
3392 5685
3404 5701
3421 1065
3421 1797
3421 5713
3468 4135
3468 4299
3468 5753
3503 1588
3503 1589
3503 4365
3606 5848
3606 5850
3606 5851
3606 5852
3627 1480
3627 2695
3627 2696
3627 3468
3627 4184
3627 5852
3645 100
3645 5887
3645 5889
3650 501
3650 3174
3650 3207
3650 5848
3650 5893
3692 75
3692 1190
3692 2640
3692 5500
3748 329
3748 2885
3748 5574
3752 2240
3752 4331
3752 4789
3752 5973
3752 5974
3752 5975
3752 5976
3752 5977
3757 1229
3757 5973
3757 5981
3767 4193
3767 5998
3813 2963
3824 440
3824 3468
3824 3953
3824 3958
3824 6034
3824 6037
3912 1963
3912 3767
3912 4226
3912 6121
3917 1295
3917 6128
3917 6129
3917 6130
3926 1780
3926 2602
3926 4235
3926 5973
3926 6140
3926 6141
3943 512
3943 1229
3943 2729
3943 4685
3943 5401
3947 1099
3947 1868
3947 6169
3953 3394
3953 6170
3953 6171
3953 6172
3953 6173
3958 2686
3958 4379
3958 6140
4035 1060
4035 1806
4035 5670
4035 6170
4060 1354
4060 3252
4060 6250
4060 6251
4157 1797
4157 3004
4157 5218
4167 1868
4184 303
4184 1721
4184 2665
4184 3468
4184 4350
4184 6367
4226 149
4226 1190
4226 4685
4226 4929
4226 5403
4226 6391
4237 753
4237 5500
4237 6391
4237 6399
4237 6400
4239 3926
4239 4601
4268 1190
4268 2378
4268 3419
4299 609
4299 2704
4299 3208
4331 1229
4331 2665
4331 5405
4331 6460
4365 6393
4398 3352
4398 5019
4398 6129
4398 6529
4398 6530
4398 6532
4439 3904
4439 6558
4439 6559
4439 6561
4439 6563
4488 9
4488 3270
4488 3451
4488 5604
4488 6619
4520 4929
4530 3926
4530 5631
4530 6651
4560 4478
4560 6665
4570 1190
4570 5403
4570 6558
4570 6572
4570 6672
4570 6673
4575 75
4575 3050
4575 5606
4575 6674
4575 6675
4610 2262
4610 3904
4610 5976
4610 9417
4648 1107
4648 2010
4648 6647
4655 3748
4655 6728
4779 4520
4779 5537
4779 6731
4779 6821
4878 75
4878 257
4878 440
4878 1871
4878 5275
4878 5690
4888 6921
4957 6910
4958 329
4962 5850
4992 1590
4992 2729
4992 9550
5011 6940
5011 6941
5049 1107
5049 3756
5049 6952
5065 1295
5065 3958
5065 6962
5127 424
5127 487
5127 1265
5139 5536
5139 5973
5139 7004
5166 7936
5166 10104
5166 10245
5166 10246
5168 701
5168 2599
5168 6041
5242 1797
5242 2640
5242 6125
5242 6250
5242 7004
5242 7155
5364 7171
5403 753
5403 1797
5403 3004
5403 5500
5403 6125
5403 7184
5408 4478
5408 5199
5408 5500
5408 6391
5408 6786
5442 634
5442 1910
5482 3672
5482 4929
5482 6391
5482 6823
5482 7227
5505 1797
5505 4685
5505 5403
5556 5408
5556 7260
5556 7261
5556 7262
5556 7263
5556 7264
5593 1590
5593 4308
5593 7069
5593 7281
5631 3071
5631 6821
5685 1432
5685 5401
5685 6674
5685 7370
5685 7371
5690 1794
5690 6423
5713 1797
5713 2244
5713 3975
5713 5403
5713 6327
5713 7398
5738 6250
5771 75
5771 440
5771 2625
5771 5690
5839 4299
5839 7171
5839 7454
5839 7455
5839 7456
5850 1938
5850 2625
5850 5139
5850 5199
5863 687
5863 2635
5863 7370
5863 7456
5863 7471
5956 2635
5956 5608
5956 6172
5973 1797
5973 3650
5973 7554
5976 6687
5976 7555
5977 2907
5977 3012
5977 3799
5977 7556
5977 7557
5981 1709
5981 2907
5981 4929
5981 6250
5981 7561
5981 7562
5998 5604
5998 7566
5998 7568
6041 0
6041 2018
6114 3958
6114 5443
6114 6041
6114 7554
6114 7632
6114 7633
6125 7641
6125 7642
6169 26
6169 5019
6169 7672
6171 2956
6171 7676
6204 928
6204 2830
6204 4957
6204 6910
6231 2607
6231 5408
6231 7262
6231 7711
6250 2018
6250 2732
6250 3958
6250 4035
6250 4779
6250 7720
6250 7721
6532 5956
6540 121
6540 3386
6540 4162
6540 7895
6540 7896
6557 7901
6647 864
6647 1432
6647 2504
6647 3069
6647 6169
6647 7936
6687 317
6687 1152
6745 7718
6762 4655
6762 5797
6821 5606
6821 8026
6821 8027
6821 8028
6821 8029
6823 121
6823 440
6823 2006
6823 4478
6823 4601
6823 5443
6823 8024
6823 8025
6910 7184
6921 7008
6941 3753
6941 3754
6941 4530
6941 5065
6941 6114
7008 634
7008 4299
7008 8147
7008 8148
7008 8149
7171 26
7171 3926
7171 5443
7171 8264
7248 8320
7263 8330
7264 687
7264 3955
7264 7936
7264 8027
7264 8328
7264 8329
7528 1868
7528 2029
7528 8462
7528 8463
7528 8464
7554 2347
7554 6728
7554 7555
7556 939
7556 4161
7556 8476
7556 8477
7556 8478
7672 2006
7672 3353
7672 6532
7676 329
7676 701
7676 2599
7676 8557
7698 469
7698 1432
7698 3931
7698 8584
7787 329
7787 5405
8033 329
8033 5442
8033 7008
8033 7701
8033 8803
8212 2704
8212 7008
8212 8923
8232 1568
8232 3650
8232 6557
8232 8759
8232 8930
8232 8931
8264 2599
8264 5443
8264 6367
8320 4225
8320 6367
8320 8148
8320 8985
8520 2926
8520 4035
8520 9098
8520 9099
8551 3767
8557 275
8557 2006
8557 2207
8557 9118
8632 101
8632 2667
8632 3374
8632 3767
8632 5606
8677 424
8677 2157
8677 3767
8677 5139
8677 5511
8677 9210
8863 26
8863 3813
8863 8250
9034 4478
9034 9006
9034 9481
9034 9482
9062 1062
9062 9363
9062 9504
9118 9554
9164 1568
9164 6204
9164 6327
9164 9591
9191 2599
9191 3071
9191 9602
9264 2010
9264 3207
9264 8033
9264 9006
9264 9627
9363 501
9363 4655
9363 9006
9363 9688
9363 9689
9363 9690
9417 670
9417 6710
9417 9482
9417 9582
9417 9731
9554 1347
9602 149
9602 275
9602 6327
9602 8703
9865 939
9865 1060
9865 1347
9865 3353
9865 10048
9865 10049
9982 7008
10153 4226
10245 1347
10245 3087
10245 3848
10245 6555
10245 10352
10318 2602
10318 5681
10318 8520
10318 10382
10318 10388
10318 10389
10466 1140
10466 2057
10466 6204
10466 6423
10466 9210
10466 10538
10538 3004
10538 10601
10538 10602
10553 3069
10553 5681
10553 8148
10553 10492
10566 303
10566 1806
10566 4151
10566 10624
10578 275
10578 1919
10578 10245
10578 10637
10586 5505
10601 1871
10601 9717
10601 10683
10602 2704
10736 1347
10736 9982
10736 10762
10796 149
10796 4239
10796 10816
10796 10817
10796 10818
10816 5442
10816 5608
10816 10624
10816 10832
10816 10833
10840 4957
