0 2
1 14
2 13
3 9
4 14
5 12
6 12
7 11
8 11
9 15
10 13
11 14
12 14
13 14
14 13
15 13
16 12
17 13
18 12
19 12
20 11
21 11
22 11
23 10
24 10
25 9
26 9
27 9
28 8
29 7
30 1
31 1
32 7
33 2
34 2
35 2
36 2
37 1
38 0
39 6
40 6
41 6
42 6
43 6
44 5
45 11
46 17
47 18
48 18
49 19
50 18
51 18
52 17
53 17
54 16
55 16
56 16
57 16
58 16
59 16
60 15
61 4
62 4
63 16
64 1
65 3
66 1
67 0
68 2
69 5
70 6
71 5
72 5
73 4
74 1
75 1
76 0
77 10
78 6
79 6
80 4
81 3
82 11
83 3
84 3
85 2
86 1
87 1
88 0
89 7
90 3
91 13
92 0
93 13
94 12
95 12
96 11
97 1
98 0
99 11
100 5
101 5
102 7
103 7
104 7
105 6
106 6
107 5
108 5
109 4
110 1
111 4
112 7
113 7
114 7
115 6
116 3
117 7
118 4
119 4
120 4
121 4
122 3
123 3
124 5
125 5
126 5
127 5
128 5
129 5
130 12
131 4
132 1
133 1
134 0
135 16
136 4
137 0
138 4
139 2
140 8
141 3
142 3
143 2
144 8
145 7
146 3
147 2
148 1
149 15
150 1
151 3
152 3
153 3
154 3
155 3
156 3
157 3
158 3
159 2
160 0
161 8
162 2
163 1
164 2
165 1
166 1
167 0
168 1
169 6
170 3
171 0
172 2
173 2
174 16
175 13
176 14
177 13
178 13
179 15
180 15
181 15
182 14
183 16
184 17
185 16
186 16
187 15
188 15
189 15
190 15
191 15
192 14
193 15
194 16
195 15
196 14
197 13
198 13
199 12
200 11
201 3
202 3
203 3
204 2
205 1
206 1
207 1
208 0
209 11
210 10
211 9
212 8
213 11
214 11
215 10
216 2
217 9
218 8
219 10
220 11
221 10
222 10
223 10
224 10
225 10
226 9
227 10
228 10
229 10
230 9
231 8
232 8
233 7
234 5
235 4
236 4
237 4
238 3
239 3
240 2
241 3
242 9
243 9
244 8
245 5
246 5
247 8
248 8
249 7
250 7
251 6
252 5
253 5
254 5
255 4
256 3
257 3
258 2
259 1
260 4
261 3
262 3
263 3
264 2
265 3
266 2
267 2
268 1
269 2
270 1
271 3
272 3
273 0
274 1
275 1
276 0
277 6
278 0
279 1
280 5
281 3
282 2
283 0
284 3
285 1
286 1
287 4
288 0
289 5
290 5
291 5
292 4
293 1
294 1
295 0
296 8
297 7
298 1
299 2
300 3
301 3
302 2
303 1
304 0
305 2
306 2
307 3
308 5
309 3
310 3
311 2
312 2
313 2
314 1
315 1
316 0
317 2
318 3
319 5
320 5
321 4
322 4
323 4
324 3
325 2
326 1
327 2
328 0
329 2
330 1
331 3
332 2
333 0
334 2
335 1
336 1
337 8
338 7
339 0
340 13
341 12
342 11
343 10
344 3
345 3
346 4
347 4
348 3
349 4
350 2
351 2
352 1
353 5
354 1
355 7
356 6
357 5
358 8
359 6
360 6
361 5
362 5
363 5
364 5
365 4
366 3
367 1
368 7
369 4
370 10
371 10
372 9
373 9
374 9
375 9
376 8
377 7
378 4
379 5
380 7
381 7
382 6
383 7
384 7
385 7
386 6
387 5
388 4
389 4
390 3
391 2
392 0
393 4
394 4
395 4
396 3
397 2
398 1
399 1
400 3
401 1
402 3
403 3
404 0
405 1
406 1
407 0
408 2
409 1
410 3
411 3
412 2
413 1
414 1
415 1
416 0
417 2
418 0
419 1
420 1
421 0
422 1
423 0
424 0
425 2
426 2
427 2
428 2
429 1
430 1
431 0
432 4
433 1
434 0
435 1
436 3
437 1
438 0
439 0
440 1
441 4
442 4
443 4
444 4
445 3
446 2
447 2
448 4
449 2
450 2
451 1
452 0
453 1
454 1
455 0
456 5
457 3
458 2
459 1
460 1
461 0
462 1
463 0
464 0
465 1
466 1
467 1
468 1
469 1
470 0
471 1
472 2
473 4
474 4
475 3
476 1
477 0
478 1
479 0
480 1
481 2
482 2
483 4
484 1
485 0
486 2
487 2
488 1
489 1
490 3
491 2
492 3
493 2
494 2
495 1
496 0
497 1
498 1
499 0
500 2
501 4
502 1
503 0
504 3
505 5
506 4
507 1
508 0
509 8
510 8
511 7
512 1
513 3
514 3
515 3
516 2
517 4
518 0
519 1
520 0
521 1
522 1
523 0
524 1
525 1
526 0
527 0
528 1
529 1
530 0
531 3
532 2
533 1
534 2
535 2
536 1
537 0
538 1
539 2
540 1
541 1
542 0
543 1
544 0
545 0
546 3
547 4
548 4
549 3
550 3
551 2
552 1
553 0
554 0
555 1
556 3
557 1
558 0
559 6
560 6
561 6
562 6
563 5
564 2
565 0
566 2
567 1
568 0
569 2
570 1
571 0
572 0
573 5
574 2
575 1
576 0
577 4
578 4
579 1
580 0
581 0
582 0
583 2
584 0
585 1
586 1
587 0
588 1
589 1
590 1
591 0
592 4
593 3
594 3
595 2
596 1
597 1
598 0
599 3
600 3
601 2
602 2
603 2
604 2
605 2
606 2
607 4
608 3
609 2
610 1
611 1
612 2
613 0
614 1
615 3
616 4
617 3
618 4
619 3
620 3
621 2
622 1
623 0
624 2
625 1
626 1
627 1
628 0
629 2
630 4
631 4
632 3
633 2
634 1
635 0
636 2
637 2
638 2
639 4
640 4
641 3
642 3
643 3
644 4
645 3
646 2
647 1
648 0
649 1
650 1
651 2
652 2
653 2
654 1
655 0
656 0
657 0
658 1
659 0
660 1
661 0
662 2
663 1
664 1
665 0
666 1
667 1
668 1
669 1
670 3
671 2
672 1
673 0
674 1
675 1
676 0
