14 132
27 0
67 25
128 29
226 133
252 144
284 101
334 14
374 63
378 145
393 146
432 26
434 27
436 28
442 147
484 152
500 134
509 137
518 153
594 154
627 155
745 156
796 21
831 163
849 166
850 8
856 131
863 1
866 51
872 2
894 136
896 143
911 183
932 171
934 82
937 186
943 192
1001 15
1008 79
1036 69
1039 102
1075 193
1091 194
1105 131
1116 11
1127 22
1136 195
1162 205
1257 206
1269 211
1272 212
1300 225
1303 187
1317 230
1434 231
1443 234
1468 157
1475 88
1491 30
1492 235
1528 159
1547 9
1557 196
1560 52
1573 148
1575 31
1576 149
1577 150
1578 151
1583 236
1592 241
1604 142
1610 242
1612 172
1683 253
1696 288
1700 104
1708 138
1746 290
1819 4
1833 160
1851 131
1907 207
1911 188
1917 291
1925 204
1936 64
1965 292
2020 293
2081 294
2103 326
2168 189
2178 297
2211 16
2229 164
2251 167
2277 329
2324 333
2356 131
2384 161
2386 162
2387 83
2389 131
2403 131
2411 33
2445 5
2446 6
2451 7
2465 165
2467 131
2468 125
2473 37
2508 23
2515 131
2524 38
2525 39
2526 49
2529 50
2536 335
2540 336
2547 71
2564 18
2577 87
2580 76
2582 135
2594 302
2606 168
2621 337
2642 77
2643 169
2648 170
2666 80
2668 81
2681 343
2687 350
2697 190
2698 191
2705 321
2728 351
2789 360
2791 78
2806 367
2812 131
2829 368
2840 286
2882 370
2887 184
2888 185
2914 372
2942 381
2947 24
2949 131
2950 131
2951 100
2962 344
2970 53
2997 382
3002 10
3015 385
3019 85
3030 389
3041 327
3093 121
3113 390
3145 173
3147 391
3213 392
3231 208
3233 209
3234 210
3237 334
3245 303
3247 357
3278 199
3279 213
3281 216
3282 224
3297 393
3311 131
3354 338
3364 139
3440 257
3472 237
3484 267
3514 282
3543 232
3544 233
3557 238
3601 86
3613 386
3636 395
3638 20
3652 258
3661 396
3670 122
3671 158
3689 397
3708 398
3711 300
3728 399
3733 330
3771 239
3774 240
3775 400
3783 254
3788 140
3789 141
3809 287
3839 402
3871 403
3878 406
3884 214
3888 251
3891 252
3927 408
3966 289
3983 131
4003 409
4005 131
4022 304
4062 3
4066 416
4095 131
4096 97
4100 417
4101 426
4104 111
4114 428
4139 430
4140 433
4142 107
4154 197
4164 200
4165 201
4166 203
4173 129
4195 434
4222 436
4280 437
4324 438
4344 441
4363 446
4387 298
4405 299
4406 325
4419 447
4436 108
4438 449
4461 126
4473 451
4572 34
4581 328
4638 331
4639 332
4658 220
4673 177
4674 12
4680 410
4682 421
4687 109
4700 454
4717 68
4719 103
4735 17
4740 455
4747 56
4748 57
4749 58
4771 457
4803 458
4824 54
4825 55
4851 32
4869 460
4870 119
4874 131
4875 123
4876 124
4891 40
4892 41
4893 42
4894 43
4895 44
4896 45
4897 46
4898 47
4899 48
4907 383
4919 70
4920 461
4946 74
4948 75
4965 448
4970 361
4977 131
4979 256
5010 218
5028 178
5036 439
5043 464
5051 89
5052 341
5053 342
5056 345
5057 349
5074 466
5092 467
5154 243
5165 468
5171 358
5172 131
5174 359
5176 362
5178 366
5179 84
5207 281
5209 285
5236 469
5239 369
5278 371
5298 378
5299 380
5304 98
5305 99
5340 96
5350 90
5351 384
5357 181
5358 182
5361 313
5362 387
5363 388
5365 444
5376 471
5377 411
5379 268
5387 59
5402 473
5412 474
5414 120
5430 255
5453 429
5456 475
5459 480
5488 250
5503 323
5532 60
5549 354
5550 301
5551 355
5552 356
5558 462
5566 72
5571 221
5572 222
5573 223
5576 198
5578 215
5586 481
5614 127
5658 482
5733 484
5746 487
5769 265
5770 266
5782 493
5821 131
5831 494
5867 263
5872 314
5875 394
5876 19
6016 13
6048 418
6066 401
6075 503
6098 404
6099 405
6112 507
6117 509
6127 510
6138 407
6142 479
6185 511
6199 61
6210 95
6223 91
6225 512
6256 413
6257 415
6275 283
6282 62
6286 513
6294 425
6311 35
6312 427
6335 516
6342 431
6343 432
6348 105
6349 106
6365 202
6366 128
6387 435
6441 483
6456 284
6467 440
6468 339
6470 36
6480 442
6481 443
6482 445
6508 324
6576 450
6633 519
6668 520
6671 422
6679 521
6694 524
6729 219
6742 174
6743 175
6744 176
6761 452
6763 453
6767 526
6781 65
6782 67
6791 226
6805 315
6820 456
6848 274
6877 459
6878 244
6879 110
6886 340
6897 245
6898 73
6907 376
6916 93
6945 217
6948 463
6955 346
6956 347
6957 348
6969 465
7033 279
7034 280
7040 131
7045 365
7075 305
7100 527
7107 179
7119 352
7139 377
7145 379
7175 470
7179 295
7181 296
7183 373
7185 472
7186 264
7198 180
7220 246
7221 249
7225 528
7253 353
7273 363
7275 275
7365 533
7381 259
7392 92
7425 488
7429 491
7430 492
7452 535
7467 260
7468 261
7469 262
7490 536
7505 544
7510 545
7521 476
7601 501
7602 502
7611 547
7628 504
7629 505
7630 506
7634 508
7635 548
7654 477
7655 478
7670 550
7693 94
7723 414
7726 412
7742 310
7748 419
7749 420
7750 424
7777 514
7778 66
7780 515
7784 552
7805 531
7842 423
7876 312
7898 559
7923 517
7924 518
7997 525
8009 560
8061 562
8083 564
8094 374
8095 375
8107 565
8112 112
8113 113
8114 114
8115 115
8116 116
8117 117
8118 118
8141 534
8166 566
8169 277
8170 278
8173 130
8176 364
8243 568
8292 569
8293 555
8304 247
8305 248
8365 532
8366 269
8398 489
8399 490
8415 571
8420 549
8441 575
8445 537
8447 538
8448 540
8449 541
8450 542
8451 543
8512 495
8514 496
8515 497
8517 499
8518 500
8521 316
8527 307
8529 546
8540 576
8574 577
8577 273
8586 579
8606 529
8612 308
8613 309
8616 581
8630 551
8640 530
8678 311
8701 319
8702 320
8705 322
8708 558
8726 578
8763 580
8773 271
8822 561
8830 563
8854 584
8876 272
8897 276
8925 588
8935 567
8968 306
8989 583
8994 592
9016 227
9017 228
9019 229
9032 570
9036 572
9038 573
9040 574
9048 539
9096 498
9132 485
9133 486
9226 594
9233 317
9234 318
9240 553
9241 554
9243 556
9244 557
9300 595
9306 597
9321 598
9351 599
9364 600
9367 602
9371 601
9405 587
9446 582
9448 589
9449 590
9450 591
9530 603
9548 610
9586 611
9620 614
9621 593
9622 615
9635 617
9657 596
9725 585
9726 586
9738 604
9774 607
9822 608
9823 609
9837 619
9851 620
9870 612
9871 613
9884 621
9885 616
9989 605
9991 606
10027 618
10143 622
10174 624
10230 626
10243 625
10249 627
10296 623
10372 630
10392 632
10408 522
10409 523
10410 635
10411 633
10412 634
10433 629
10458 636
10478 631
10489 638
10500 640
10514 641
10523 639
10531 628
10545 644
10563 637
10579 647
10585 649
10604 642
10605 643
10609 650
10634 645
10636 646
10638 648
10661 654
10665 270
10673 655
10680 657
10686 652
10687 653
10702 656
10707 651
