0 17
1 7
2 18
3 6
4 5
5 9
6 8
7 18
8 17
9 16
10 11
11 2
12 0
13 1
14 15
15 3
16 14
17 2
18 2
19 2
20 1
21 9
22 24
23 1
24 0
25 17
26 16
27 15
28 7
29 6
30 6
31 8
32 8
33 8
34 7
35 6
36 8
37 7
38 7
39 9
40 10
41 12
42 17
43 17
44 18
45 17
46 17
47 16
48 12
49 12
50 16
51 12
52 11
53 17
54 16
55 15
56 14
57 13
58 14
59 14
60 13
61 14
62 14
63 15
64 14
65 14
66 14
67 13
68 13
69 12
70 12
71 11
72 11
73 12
74 14
75 15
76 14
77 14
78 14
79 14
80 13
81 15
82 14
83 14
84 14
85 13
86 16
87 16
88 15
89 15
90 14
91 14
92 14
93 13
94 13
95 12
96 12
97 21
98 13
99 13
100 13
101 14
102 14
103 13
104 16
105 16
106 15
107 17
108 16
109 16
110 15
111 15
112 16
113 19
114 19
115 19
116 19
117 18
118 17
119 18
120 18
121 19
122 21
123 20
124 21
125 20
126 21
127 21
128 24
129 24
130 24
131 24
132 23
133 23
134 23
135 23
136 22
137 22
138 22
139 21
140 20
141 19
142 19
143 18
144 18
145 18
146 18
147 17
148 17
149 16
150 17
151 17
152 16
153 16
154 15
155 15
156 15
157 15
158 14
159 13
160 12
161 11
162 11
163 11
164 12
165 12
166 12
167 11
168 10
169 9
170 11
171 11
172 11
173 10
174 9
175 8
176 8
177 8
178 7
179 7
180 8
181 8
182 7
183 6
184 6
185 7
186 6
187 6
188 6
189 6
190 8
191 7
192 8
193 8
194 7
195 7
196 6
197 5
198 1
199 1
200 3
201 2
202 1
203 3
204 1
205 0
206 4
207 2
208 2
209 4
210 1
211 1
212 11
213 11
214 10
215 11
216 11
217 11
218 11
219 11
220 11
221 11
222 11
223 10
224 9
225 9
226 7
227 6
228 1
229 1
230 1
231 1
232 1
233 5
234 5
235 5
236 5
237 4
238 6
239 0
240 4
241 1
242 8
243 2
244 2
245 2
246 3
247 8
248 2
249 3
250 2
251 4
252 4
253 8
254 7
255 9
256 9
257 9
258 10
259 9
260 9
261 8
262 7
263 7
264 7
265 6
266 8
267 7
268 7
269 7
270 6
271 5
272 5
273 5
274 5
275 4
276 4
277 3
278 3
279 3
280 2
281 2
282 2
283 2
284 2
285 2
286 3
287 3
288 2
289 2
290 1
291 2
292 2
293 1
294 0
295 7
296 6
297 2
298 2
299 3
300 3
301 2
302 1
303 1
304 0
305 5
306 0
307 4
308 4
309 6
310 4
311 3
312 1
313 10
314 1
315 1
316 0
317 3
318 3
319 2
320 1
321 2
322 2
323 1
324 0
325 1
326 5
327 2
328 2
329 4
330 4
331 4
332 5
333 7
334 6
335 6
336 6
337 5
338 4
339 4
340 3
341 2
342 6
343 9
344 7
345 7
346 6
347 9
348 8
349 8
350 7
351 7
352 7
353 6
354 6
355 5
356 4
357 1
358 4
359 4
360 1
361 10
362 9
363 2
364 1
365 1
366 0
367 0
368 1
369 3
370 4
371 4
372 3
373 2
374 3
375 2
376 3
377 4
378 4
379 3
380 4
381 3
382 2
383 1
384 1
385 9
386 9
387 9
388 8
389 9
390 9
391 9
392 8
393 7
394 2
395 2
396 1
397 2
398 2
399 1
400 0
401 5
402 5
403 5
404 4
405 1
406 1
407 0
408 5
409 5
410 5
411 5
412 5
413 5
414 5
415 5
416 4
417 0
418 2
419 2
420 1
421 2
422 0
423 1
424 0
425 3
426 3
427 3
428 2
429 1
430 1
431 0
432 0
433 1
434 2
435 1
436 0
437 2
438 4
439 4
440 4
441 5
442 5
443 7
444 8
445 9
446 8
447 8
448 7
449 6
450 5
451 4
452 3
453 6
454 5
455 4
456 4
457 3
458 2
459 1
460 1
461 1
462 0
463 1
464 1
465 0
466 5
467 4
468 2
469 1
470 0
471 1
472 3
473 3
474 3
475 2
476 0
477 1
478 0
479 1
480 0
481 1
482 1
483 1
484 0
485 3
486 3
487 3
488 2
489 2
490 1
491 1
492 0
493 3
494 2
495 1
496 1
497 0
498 2
499 2
500 1
501 2
502 2
503 1
504 0
505 2
506 1
507 0
508 0
509 1
510 1
511 0
512 2
513 2
514 1
515 0
516 0
517 1
518 0
519 0
520 1
521 0
522 0
523 3
524 0
525 0
526 1
527 0
528 1
529 0
530 1
531 3
532 1
533 0
534 2
535 0
536 2
537 2
538 1
539 0
540 2
541 2
542 2
543 2
544 2
545 2
546 1
547 1
548 2
549 3
550 2
551 2
552 2
553 2
554 2
555 2
556 1
557 0
558 1
559 0
560 2
561 1
562 0
563 2
564 1
565 0
566 1
567 0
568 1
569 1
570 1
571 0
572 2
573 1
574 1
575 1
576 0
577 2
578 1
579 2
580 2
581 2
582 2
583 1
584 0
585 1
586 2
587 1
588 1
589 2
590 2
591 2
592 3
593 2
594 1
595 0
596 0
597 1
598 1
599 0
600 0
601 1
602 0
603 3
604 2
605 2
606 1
607 0
608 1
609 1
610 1
611 1
612 2
613 2
614 1
615 1
616 0
617 1
618 1
619 0
620 1
621 1
622 0
623 0
624 2
625 1
626 0
627 1
628 0
629 1
630 3
631 3
632 2
633 1
634 0
635 0
636 1
637 1
638 0
639 1
640 0
641 0
642 1
643 1
644 0
645 1
646 0
647 2
648 1
649 1
650 0
651 1
652 0
653 0
654 1
655 1
656 0
657 0
658 0
659 1
660 1
661 0
662 0
663 1
664 0
