0 13
1 3
2 6
3 5
4 6
5 5
6 5
7 4
8 3
9 3
10 5
11 2
12 1
13 8
14 8
15 8
16 10
17 9
18 9
19 9
20 8
21 7
22 7
23 9
24 7
25 7
26 7
27 8
28 8
29 9
30 9
31 9
32 9
33 9
34 8
35 8
36 7
37 6
38 13
39 13
40 13
41 13
42 13
43 13
44 13
45 12
46 3
47 1
48 2
49 1
50 1
51 1
52 1
53 0
54 9
55 0
56 5
57 10
58 5
59 4
60 3
61 8
62 3
63 2
64 1
65 0
66 1
67 0
68 4
69 10
70 9
71 9
72 10
73 12
74 12
75 12
76 12
77 11
78 10
79 10
80 10
81 11
82 11
83 11
84 10
85 9
86 9
87 8
88 7
89 4
90 6
91 5
92 5
93 4
94 5
95 6
96 6
97 6
98 5
99 9
100 7
101 9
102 6
103 8
104 5
105 5
106 5
107 4
108 6
109 3
110 7
111 10
112 7
113 7
114 7
115 6
116 2
117 2
118 1
119 2
120 2
121 9
122 5
123 2
124 1
125 4
126 4
127 2
128 2
129 2
130 3
131 1
132 0
133 6
134 9
135 7
136 7
137 8
138 7
139 8
140 8
141 9
142 9
143 8
144 7
145 6
146 5
147 4
148 9
149 9
150 11
151 11
152 10
153 10
154 12
155 12
156 13
157 13
158 12
159 12
160 11
161 11
162 11
163 11
164 10
165 10
166 9
167 9
168 8
169 7
170 6
171 6
172 5
173 5
174 3
175 3
176 3
177 2
178 4
179 1
180 0
181 5
182 6
183 5
184 0
185 0
186 5
187 1
188 6
189 7
190 6
191 5
192 2
193 2
194 3
195 1
196 1
197 5
198 2
199 4
200 8
201 5
202 5
203 4
204 3
205 1
206 0
207 1
208 2
209 8
210 7
211 2
212 1
213 3
214 0
215 1
216 1
217 2
218 0
219 2
220 10
221 10
222 2
223 4
224 5
225 5
226 4
227 4
228 4
229 4
230 3
231 4
232 3
233 4
234 6
235 5
236 4
237 4
238 4
239 3
240 2
241 2
242 2
243 1
244 2
245 1
246 2
247 0
248 10
249 1
250 2
251 1
252 2
253 2
254 2
255 3
256 1
257 1
258 0
259 4
260 4
261 5
262 4
263 5
264 5
265 4
266 4
267 3
268 7
269 6
270 5
271 6
272 6
273 6
274 5
275 4
276 4
277 3
278 3
279 2
280 2
281 2
282 2
283 1
284 0
285 6
286 6
287 6
288 6
289 6
290 6
291 6
292 6
293 6
294 5
295 5
296 5
297 4
298 1
299 0
300 1
301 3
302 2
303 2
304 1
305 1
306 0
307 2
308 5
309 5
310 4
311 2
312 1
313 3
314 0
315 2
316 2
317 2
318 1
319 1
320 0
321 9
322 10
323 9
324 10
325 10
326 9
327 8
328 7
329 7
330 7
331 6
332 6
333 5
334 0
335 9
336 9
337 9
338 9
339 8
340 3
341 4
342 4
343 5
344 6
345 6
346 5
347 5
348 5
349 4
350 4
351 3
352 3
353 2
354 3
355 3
356 2
357 5
358 5
359 4
360 1
361 1
362 0
363 2
364 2
365 2
366 1
367 5
368 2
369 2
370 3
371 3
372 0
373 4
374 3
375 4
376 1
377 0
378 4
379 5
380 2
381 1
382 1
383 1
384 0
385 1
386 0
387 0
388 1
389 0
390 5
391 5
392 4
393 3
394 4
395 4
396 3
397 3
398 5
399 4
400 2
401 2
402 0
403 1
404 3
405 2
406 0
407 1
408 2
409 2
410 2
411 1
412 1
413 0
414 1
415 4
416 1
417 0
418 6
419 7
420 7
421 7
422 6
423 6
424 5
425 4
426 4
427 3
428 3
429 2
430 2
431 2
432 3
433 0
434 3
435 2
436 1
437 0
438 2
439 2
440 2
441 2
442 2
443 2
444 1
445 2
446 2
447 1
448 0
449 0
450 5
451 5
452 4
453 4
454 3
455 1
456 1
457 3
458 3
459 4
460 3
461 3
462 2
463 0
464 2
465 1
466 1
467 2
468 4
469 4
470 3
471 3
472 2
473 1
474 5
475 5
476 4
477 1
478 4
479 4
480 4
481 4
482 3
483 2
484 2
485 2
486 1
487 0
488 1
489 2
490 1
491 1
492 0
493 2
494 3
495 3
496 3
497 3
498 2
499 1
500 1
501 0
502 0
503 1
504 2
505 2
506 1
507 0
508 1
509 0
510 1
511 0
512 0
513 0
514 2
515 1
516 2
517 1
518 1
519 0
520 2
521 1
522 0
523 2
524 2
525 1
526 2
527 2
528 2
529 1
530 1
531 0
532 2
533 0
534 1
535 1
536 0
537 1
538 1
539 0
540 0
541 0
542 1
543 1
544 0
545 3
546 0
547 2
548 1
549 0
550 1
551 2
552 1
553 0
554 0
555 3
556 2
557 2
558 0
559 1
560 0
561 0
562 1
563 2
564 1
565 4
566 1
567 0
568 0
569 0
570 1
571 1
572 1
573 0
574 1
575 1
576 1
577 1
578 0
579 1
580 0
581 4
582 1
583 0
584 0
585 0
586 1
587 0
588 1
589 1
590 1
591 1
592 0
593 1
594 0
595 1
596 1
597 4
598 4
599 4
600 3
601 4
602 4
603 4
604 4
605 3
606 2
607 1
608 0
609 2
610 3
611 4
612 4
613 3
614 3
615 2
616 1
617 1
618 0
619 1
620 1
621 0
622 0
623 2
624 1
625 1
626 0
627 2
628 1
629 0
630 2
631 2
632 2
633 1
634 1
635 1
636 1
637 0
638 0
639 1
640 2
641 1
642 0
643 0
644 1
645 0
646 0
647 3
648 2
649 1
650 1
651 1
652 0
653 0
654 0
655 1
656 1
657 2
658 2
659 2
660 3
661 2
662 2
663 1
664 0
665 1
666 2
667 1
668 0
669 0
670 0
671 1
672 1
673 1
674 0
675 1
676 1
677 0
678 1
679 1
680 0
