45 0
62 8
107 15
120 27
154 58
178 1
179 2
180 6
182 7
199 59
207 94
230 95
240 138
258 139
372 140
430 124
438 24
441 25
443 26
481 16
581 46
582 55
583 47
584 56
585 57
587 28
593 63
626 141
651 3
652 4
653 5
706 170
709 174
720 49
747 61
748 92
751 93
786 180
812 65
821 182
845 96
846 137
854 72
858 186
912 37
936 189
956 194
965 195
991 196
1011 197
1048 184
1100 198
1106 73
1175 199
1187 48
1210 200
1228 205
1279 206
1304 114
1323 9
1363 210
1398 157
1425 215
1471 17
1473 18
1474 19
1476 20
1477 21
1478 22
1479 23
1515 216
1527 99
1555 43
1580 132
1595 202
1621 222
1687 106
1699 64
1703 211
1717 219
1763 80
1766 129
1812 29
1813 44
1815 45
1820 53
1821 54
1844 225
1870 226
1914 158
1929 71
1931 89
1968 31
1989 229
2064 230
2085 231
2112 235
2113 239
2144 147
2146 166
2147 167
2148 169
2152 62
2169 171
2171 173
2183 240
2194 241
2200 242
2212 153
2224 74
2227 86
2242 60
2243 90
2248 91
2254 243
2267 244
2285 248
2314 252
2337 254
2338 151
2375 97
2377 181
2404 255
2423 142
2452 256
2459 98
2460 108
2461 122
2462 136
2472 110
2478 185
2480 183
2481 75
2498 175
2499 176
2500 177
2501 178
2503 179
2505 130
2506 77
2556 236
2622 32
2624 36
2647 257
2677 188
2707 111
2708 190
2709 193
2767 212
2778 207
2785 81
2810 228
2824 109
2899 268
2943 277
3003 232
3110 278
3111 271
3182 203
3183 204
3184 148
3197 282
3201 208
3230 284
3254 131
3274 286
3303 249
3379 300
3381 209
3413 120
3485 304
3497 309
3512 213
3513 214
3525 310
3537 311
3581 221
3667 313
3713 30
3714 42
3715 38
3735 133
3784 201
3797 314
3811 10
3828 315
3849 316
3851 76
3880 322
3910 323
3914 324
3915 191
3929 217
3930 218
3991 100
3998 78
4001 79
4020 329
4055 33
4088 223
4090 224
4091 82
4098 34
4170 68
4171 69
4172 70
4177 87
4178 88
4179 83
4183 187
4199 307
4208 39
4218 250
4248 105
4276 349
4295 279
4312 352
4370 353
4378 136
4388 355
4401 362
4408 237
4409 149
4410 238
4440 233
4441 112
4442 234
4462 145
4463 146
4464 363
4466 168
4470 150
4471 164
4472 165
4479 371
4481 317
4490 172
4493 372
4499 156
4507 107
4521 374
4531 152
4544 85
4579 125
4595 245
4597 246
4598 247
4617 376
4624 11
4625 251
4663 253
4716 378
4774 119
4780 136
4820 121
4826 136
4834 379
4857 380
4930 392
4931 396
4991 35
5015 301
5157 287
5182 227
5184 399
5186 126
5221 400
5264 401
5294 269
5295 276
5323 285
5355 415
5369 364
5383 134
5425 417
5501 330
5517 281
5518 40
5544 283
5545 270
5598 458
5707 66
5773 302
5774 303
5788 308
5802 416
5830 258
5834 220
5844 103
5904 312
5917 397
5920 342
5937 41
5953 67
6018 159
6022 331
6027 460
6072 318
6095 104
6097 321
6131 462
6160 332
6163 123
6168 136
6188 463
6253 466
6264 356
6267 469
6276 470
6360 473
6377 305
6379 306
6392 477
6426 348
6451 351
6477 160
6479 12
6484 481
6495 354
6504 290
6515 482
6517 357
6518 358
6520 359
6521 360
6522 361
6525 384
6570 143
6571 144
6577 162
6578 163
6579 370
6584 467
6632 154
6634 155
6639 373
6646 483
6701 84
6702 375
6788 377
6824 135
6825 118
6840 429
6842 484
6847 136
6892 388
6893 389
6894 390
6895 391
7054 398
7106 486
7140 272
7141 273
7142 274
7143 275
7172 492
7211 494
7237 280
7288 418
7289 419
7290 420
7291 421
7292 422
7293 423
7294 424
7295 425
7296 426
7297 427
7298 428
7299 443
7300 444
7301 445
7302 446
7303 447
7304 448
7305 449
7306 450
7307 451
7308 452
7310 453
7311 454
7312 455
7313 456
7314 457
7357 495
7423 496
7459 101
7460 102
7502 498
7545 440
7580 459
7606 500
7612 192
7618 501
7627 507
7639 296
7644 461
7662 508
7710 509
7719 465
7730 468
7734 350
7768 510
7798 471
7799 472
7815 333
7816 474
7817 476
7821 264
7826 345
7868 478
7869 479
7870 480
7872 288
7907 161
7909 512
7913 289
7949 368
7950 369
7968 517
8035 518
8036 113
8038 115
8039 116
8040 117
8043 402
8088 381
8090 382
8091 383
8092 365
8093 387
8162 50
8191 519
8195 407
8201 520
8215 343
8216 335
8217 485
8218 431
8231 521
8267 491
8294 493
8301 434
8303 513
8314 522
8335 432
8336 433
8337 439
8338 442
8342 530
8354 404
8426 533
8439 319
8440 497
8534 502
8535 506
8537 52
8555 514
8590 437
8592 464
8599 325
8600 328
8623 320
8631 127
8646 475
8648 385
8652 344
8684 366
8712 511
8728 441
8735 534
8744 293
8747 367
8748 265
8765 516
8794 405
8820 128
8841 386
8842 13
8844 14
8867 346
8869 260
8870 347
8896 537
8910 406
8916 542
8921 393
8924 430
8944 547
8955 487
8956 490
8977 403
8984 549
8995 438
8996 529
9000 499
9018 552
9030 503
9035 560
9046 336
9050 531
9051 532
9075 297
9076 299
9103 504
9104 505
9109 51
9138 326
9140 327
9158 561
9177 294
9178 295
9179 334
9181 341
9200 564
9206 262
9273 291
9274 292
9282 569
9285 515
9288 572
9349 259
9383 488
9388 535
9389 536
9401 524
9402 541
9403 263
9404 575
9412 545
9413 546
9420 576
9430 489
9445 580
9451 526
9452 527
9453 528
9469 550
9470 551
9483 553
9484 554
9485 555
9486 559
9487 261
9488 548
9515 298
9521 584
9525 267
9569 538
9573 586
9592 337
9593 338
9595 339
9596 340
9605 562
9606 563
9615 266
9639 568
9644 570
9645 571
9682 595
9707 596
9718 540
9719 525
9723 409
9729 573
9730 574
9733 597
9749 577
9750 578
9751 579
9755 557
9759 435
9760 436
9777 598
9782 558
9796 581
9797 583
9825 600
9831 585
9839 602
9846 601
9891 566
9893 567
9894 615
9919 587
9920 588
9921 589
9922 594
9943 620
9949 539
9954 408
9975 556
9990 621
9992 394
9993 395
9999 582
10017 599
10030 414
10038 625
10069 629
10071 565
10073 614
10109 590
10110 593
10111 412
10122 616
10123 617
10124 618
10125 619
10139 630
10151 631
10175 413
10177 632
10178 623
10180 624
10183 635
10206 626
10208 627
10209 628
10224 603
10225 611
10227 612
10228 613
10244 638
10248 591
10253 592
10254 410
10255 411
10298 644
10300 622
10301 633
10302 634
10304 645
10323 523
10325 543
10335 604
10336 608
10337 610
10346 646
10351 637
10374 544
10378 640
10379 642
10380 643
10402 609
10405 605
10406 606
10407 607
10413 636
10422 647
10436 648
10444 639
10447 641
10503 649
10518 653
10587 652
10606 656
10607 654
10608 655
10640 650
10641 651
10711 657
10770 658
10812 664
10825 659
10826 660
10828 661
10829 663
10844 670
10857 662
10859 665
10860 668
10861 669
10864 672
10871 666
10872 667
10873 671
