0 182
3 180
6 163
7 181
9 153
20 4
21 9
22 5
24 10
25 30
26 180
28 179
50 0
51 1
56 2
57 3
63 6
64 7
68 8
75 180
91 180
95 178
98 11
100 12
101 28
104 29
112 187
121 266
143 32
149 106
194 268
216 164
255 180
257 31
275 130
282 269
287 202
290 133
303 270
317 27
324 195
329 37
351 184
353 185
357 186
424 280
439 208
440 60
469 281
472 293
480 192
485 194
487 265
501 76
504 298
512 180
577 309
603 313
609 62
611 316
612 204
634 317
657 180
670 318
671 329
687 20
701 123
726 141
753 180
758 276
784 330
807 331
811 334
830 17
862 337
864 53
924 180
926 64
928 180
929 174
939 232
997 125
999 126
1000 127
1002 128
1004 129
1032 338
1033 339
1060 134
1062 196
1064 197
1065 201
1099 88
1107 283
1140 347
1148 18
1149 19
1152 26
1159 348
1190 55
1192 350
1196 205
1229 220
1245 353
1265 354
1295 341
1310 183
1347 52
1354 359
1361 367
1370 375
1379 395
1387 400
1427 277
1431 278
1432 279
1445 271
1480 206
1482 207
1568 188
1569 189
1570 190
1571 191
1587 203
1588 211
1589 241
1590 264
1605 292
1630 180
1631 150
1635 151
1706 401
1709 193
1721 403
1727 408
1732 180
1745 413
1760 131
1780 74
1781 295
1783 296
1784 297
1792 299
1793 303
1794 307
1796 308
1797 75
1799 417
1806 77
1849 422
1868 310
1869 311
1871 312
1889 314
1892 315
1909 424
1910 78
1919 346
1927 420
1938 426
1955 434
1963 180
1977 425
1997 180
1998 33
2000 132
2006 180
2010 381
2018 199
2023 321
2025 326
2027 328
2029 327
2057 290
2157 15
2163 435
2207 139
2208 140
2240 216
2244 389
2262 275
2263 245
2264 180
2276 152
2282 155
2286 438
2296 448
2347 90
2348 332
2350 333
2378 171
2392 16
2495 142
2504 335
2507 336
2522 433
2599 124
2602 39
2607 304
2625 209
2635 21
2640 135
2664 176
2665 177
2667 449
2686 146
2695 180
2696 450
2700 355
2704 63
2729 451
2732 251
2775 288
2804 458
2830 461
2843 452
2852 165
2880 200
2885 65
2907 229
2926 462
2954 282
2956 122
2963 244
3004 66
3012 230
3050 463
3069 300
3071 43
3072 301
3073 56
3084 466
3087 470
3098 471
3112 349
3161 473
3174 80
3177 217
3180 219
3205 351
3207 84
3208 180
3209 352
3223 249
3246 40
3252 474
3269 89
3270 340
3293 476
3312 477
3326 121
3338 479
3346 51
3352 180
3353 382
3374 361
3377 366
3378 410
3386 481
3392 372
3393 373
3394 119
3395 374
3404 483
3417 376
3419 172
3421 393
3422 394
3447 396
3448 397
3449 398
3451 154
3452 399
3468 180
3503 324
3511 377
3606 489
3627 492
3645 286
3650 87
3672 198
3686 439
3692 493
3722 402
3748 213
3749 214
3751 215
3752 240
3753 175
3754 210
3756 250
3757 263
3767 105
3799 231
3801 291
3813 494
3817 57
3818 58
3819 59
3824 180
3848 495
3904 441
3912 180
3917 344
3926 97
3931 464
3943 496
3947 497
3950 378
3951 319
3952 404
3953 180
3954 405
3955 406
3956 407
3958 147
3974 411
3975 390
3976 412
4032 294
4035 253
4060 499
4092 167
4103 421
4134 302
4135 61
4151 218
4153 423
4157 501
4161 233
4162 345
4167 418
4168 419
4184 491
4193 100
4225 287
4226 180
4233 67
4234 68
4235 69
4236 70
4237 180
4239 99
4265 168
4266 169
4267 170
4268 173
4299 180
4308 325
4314 320
4331 223
4350 289
4365 323
4379 41
4398 180
4439 505
4447 54
4478 272
4488 507
4517 136
4518 137
4519 138
4520 254
4530 509
4548 13
4549 14
4560 273
4563 274
4570 180
4575 510
4600 436
4601 98
4602 437
4608 440
4610 447
4646 379
4647 380
4648 387
4650 388
4655 511
4685 81
4779 256
4789 224
4853 242
4878 513
4888 432
4929 107
4957 36
4958 38
4962 514
4992 516
5011 525
5019 110
5049 527
5061 166
5065 519
5127 528
5139 485
5166 533
5167 453
5168 455
5169 456
5170 457
5199 459
5202 460
5218 500
5242 535
5275 512
5311 243
5364 538
5401 368
5403 180
5404 465
5405 221
5408 468
5410 469
5442 539
5443 520
5482 544
5486 472
5500 42
5505 545
5511 79
5535 246
5536 247
5537 248
5556 554
5574 212
5593 557
5604 101
5605 475
5606 44
5608 114
5623 478
5631 50
5643 109
5670 252
5671 409
5680 360
5681 480
5685 371
5688 362
5689 363
5690 365
5701 482
5713 392
5738 558
5753 118
5771 559
5797 560
5839 563
5848 85
5850 486
5851 487
5852 488
5863 25
5887 284
5889 285
5893 86
5956 116
5973 94
5974 225
5975 226
5976 228
5977 239
5981 262
5998 104
6034 148
6037 149
6041 454
6114 523
6121 108
6125 158
6128 342
6129 111
6130 343
6140 95
6141 96
6169 384
6170 120
6171 180
6172 115
6173 145
6204 564
6231 566
6250 259
6251 498
6327 305
6367 490
6391 71
6393 322
6399 72
6400 73
6423 364
6460 222
6529 112
6530 113
6532 117
6540 569
6555 306
6557 571
6558 159
6559 502
6561 503
6563 504
6572 160
6619 506
6647 386
6651 508
6665 82
6672 161
6673 162
6674 369
6675 414
6687 227
6699 267
6710 442
6728 91
6731 255
6745 572
6762 573
6786 467
6821 49
6823 542
6862 83
6910 35
6921 431
6940 517
6941 524
6952 526
6962 518
7004 484
7008 430
7069 555
7155 534
7171 537
7184 34
7227 543
7248 576
7260 546
7261 547
7262 548
7263 550
7264 553
7281 556
7356 415
7358 416
7370 22
7371 370
7398 391
7454 561
7455 562
7456 23
7471 24
7528 580
7554 93
7555 92
7556 237
7557 238
7561 260
7562 261
7566 102
7568 103
7632 521
7633 522
7641 156
7642 157
7672 383
7676 180
7698 582
7701 583
7711 565
7715 356
7716 357
7718 358
7720 257
7721 258
7787 584
7895 567
7896 568
7901 570
7936 385
8024 540
8025 541
8026 45
8027 46
8028 47
8029 48
8033 586
8147 427
8148 428
8149 429
8212 588
8232 592
8250 593
8264 536
8320 575
8328 551
8329 552
8330 549
8462 577
8463 578
8464 579
8476 234
8477 235
8478 236
8520 596
8551 597
8557 180
8584 581
8632 598
8677 600
8703 601
8759 589
8803 585
8863 602
8923 587
8930 590
8931 591
8985 574
9006 603
9034 605
9062 611
9098 594
9099 595
9118 144
9164 613
9191 615
9210 599
9264 617
9363 609
9417 446
9481 604
9482 443
9504 610
9550 515
9554 143
9582 444
9591 612
9602 614
9627 616
9688 606
9689 607
9690 608
9717 618
9731 445
9865 621
9982 622
10048 619
10049 620
10104 529
10153 623
10245 531
10246 532
10318 627
10352 530
10382 624
10388 625
10389 626
10466 632
10492 633
10538 631
10553 634
10566 636
10578 638
10586 639
10601 629
10602 630
10624 635
10637 637
10683 628
10736 641
10762 640
10796 647
10816 644
10817 645
10818 646
10832 642
10833 643
10840 648
