84 820
84 2619
84 2952
84 6337
113 360
113 361
113 362
113 363
113 365
113 366
113 367
137 289
137 494
137 499
201 359
201 734
201 737
201 739
201 740
260 975
260 977
260 979
264 950
264 951
264 952
264 954
277 413
277 637
277 1005
277 1006
277 1009
277 1010
289 1066
289 1067
289 1071
300 861
300 1094
300 1095
300 1096
300 1097
300 1098
308 365
308 367
308 619
308 752
308 1114
308 1115
358 224
358 413
358 975
358 1288
358 1290
358 1291
358 1292
360 1047
360 1293
360 1298
413 1400
413 1401
413 1402
413 1403
428 137
428 533
428 752
428 1442
428 1447
429 4034
429 4836
429 4840
464 365
464 1341
464 1521
464 1522
464 1523
464 1524
510 361
510 1638
510 1641
533 1682
533 1684
533 1686
558 1165
558 1669
558 1743
558 1744
637 1964
637 1969
688 898
688 2079
688 2082
688 2084
728 367
728 494
728 2221
728 2222
729 1045
729 2214
729 2215
729 2217
729 2219
740 2214
740 2215
740 2217
740 2225
740 2228
740 2230
820 260
820 1648
820 2352
820 2355
842 1252
842 2281
842 2430
842 2431
842 2433
842 2436
857 499
857 884
857 1402
857 2221
857 2488
857 2489
902 739
902 1418
902 2394
902 2583
902 2585
902 2586
923 1600
923 2615
923 2616
923 2617
923 2618
923 2619
938 1217
938 2669
938 2670
938 2671
938 2673
938 2674
938 2675
938 2676
952 2688
952 2692
952 2693
952 2694
954 2
954 1648
954 2702
954 2703
971 2731
971 2733
971 2735
971 2736
971 2737
972 1095
972 2761
977 2739
977 2742
1030 161
1030 1165
1030 2821
1067 2884
1071 1969
1071 2945
1071 2946
1094 360
1094 2274
1094 2928
1094 2929
1094 2930
1094 2931
1122 2980
1122 2982
1122 2983
1122 2984
1122 2985
1143 3016
1143 3017
1143 3021
1143 3023
1143 3024
1165 2470
1165 2919
1165 3055
1165 3056
1252 1045
1252 2752
1252 3055
1252 6319
1252 8834
1252 10331
1252 10332
1252 10333
1291 1669
1291 3023
1291 3250
1291 3253
1292 876
1292 1309
1292 2427
1292 3224
1292 3255
1292 3259
1293 1047
1293 3262
1293 3263
1324 161
1324 1918
1324 3319
1324 3320
1324 3321
1372 619
1372 1143
1372 2853
1372 3397
1374 938
1374 1005
1374 2673
1374 3226
1374 3434
1374 3435
1380 1309
1380 1442
1380 2259
1380 2511
1380 3272
1380 3445
1384 260
1384 876
1384 1006
1384 1143
1384 3442
1384 3444
1393 2821
1393 3024
1393 3471
1400 861
1400 2739
1400 3488
1400 3489
1400 3490
1401 1442
1401 2761
1401 2922
1511 260
1511 923
1511 1366
1511 2853
1511 3644
1522 2693
1522 3253
1522 4940
1522 6146
1522 6149
1522 6150
1561 2431
1561 3759
1561 3760
1561 3761
1561 3762
1561 3764
1565 1686
1565 3727
1565 3730
1565 3731
1565 3732
1661 688
1661 739
1661 1138
1661 3859
1669 947
1669 3866
1669 3868
1682 3885
1682 3886
1698 2055
1698 3907
1698 3909
1712 1522
1712 3928
1743 3928
1744 2675
1744 3357
1744 3764
1744 3971
1744 3972
1744 3973
1787 4818
1787 5384
1787 8255
1805 972
1805 1481
1805 4043
1805 4044
2079 558
2079 887
2079 2037
2079 2349
2079 4612
2079 7060
2079 7525
2082 977
2082 3139
2082 3968
2084 2566
2084 2931
2084 3253
2084 4391
2094 2945
2094 3089
2094 4395
2094 4397
2102 1787
2102 3507
2102 3862
2102 4400
2102 4402
2119 300
2119 752
2119 1114
2119 1115
2119 1217
2119 4428
2128 224
2128 4034
2128 4437
2170 4556
2170 4557
2221 558
2221 887
2221 1165
2221 2037
2221 3357
2221 4612
2271 3253
2278 979
2278 2205
2278 3928
2278 4582
2278 4587
2281 4589
2319 1600
2319 3900
2319 3996
2319 4632
2319 4633
2319 4634
2355 4790
2394 4823
2395 3622
2395 4733
2395 4734
2395 4736
2414 2585
2414 2900
2414 3668
2414 4761
2414 4762
2430 1059
2430 1341
2430 3024
2430 4362
2430 4783
2430 4785
2430 4786
2431 4790
2433 4781
2433 4782
2450 1143
2450 2230
2450 3731
2450 3936
2450 4582
2450 4812
2489 4777
2489 4841
2489 4842
2489 4844
2494 503
2494 2221
2494 4864
2531 1217
2531 1561
2531 3936
2531 4906
2531 4908
2579 1698
2579 2259
2579 2394
2579 4940
2579 4941
2579 4943
2579 4944
2579 4945
2618 429
2618 3545
2619 2617
2619 3594
2619 4928
2619 4984
2650 2656
2650 2983
2650 4855
2650 5016
2656 1324
2656 5129
2674 2217
2674 4086
2674 4437
2675 820
2675 4513
2675 5039
2692 429
2692 461
2692 533
2692 4664
2692 5063
2694 3548
2721 1712
2721 2222
2721 2431
2721 5076
2721 5077
2721 5078
2721 5079
2736 2502
2736 2618
2736 4984
2752 4864
2752 5111
2787 2427
2787 4812
2787 5141
2853 396
2853 1115
2853 1521
2853 1935
2853 5219
2858 3885
2900 1009
2922 5280
2922 5281
2922 5283
2928 3787
2928 5291
2931 3679
2952 161
2952 4391
2980 1146
2980 2154
2980 2931
2980 4574
2983 1006
2983 4310
2985 4144
2985 5129
2985 5330
2985 5331
2994 1521
2994 2983
2994 4733
2994 5332
3021 857
3021 2154
3021 3787
3028 1964
3028 2217
3028 3760
3043 950
3043 2750
3043 4823
3043 5367
3055 975
3055 4271
3055 5380
3139 161
3139 2128
3139 5079
3224 3862
3224 4271
3226 1565
3226 3056
3226 5635
3253 637
3253 869
3253 1481
3253 2674
3253 5455
3253 5559
3263 2803
3263 4612
3263 5565
3357 5644
3357 5646
3445 752
3445 2692
3445 3676
3445 5737
3471 2922
3471 3909
3471 4111
3471 5420
3471 5421
3471 5422
3471 5423
3548 5826
3556 461
3556 2586
3556 2721
3556 3490
3556 4437
3556 4836
3556 5290
3556 5384
3556 5524
3556 5813
3556 5814
3556 5815
3556 5816
3570 1067
3570 3255
3570 5649
3607 3055
3607 5853
3607 5855
3607 5856
3676 3055
3676 5915
3679 637
3679 1376
3679 2221
3679 5911
3679 5912
3679 5913
3679 5914
3727 1969
3727 5944
3732 2952
3761 510
3761 1165
3761 1252
3761 2274
3761 2447
3761 2853
3761 3163
3761 4272
3761 5565
3761 5735
3761 5985
3761 5986
3761 5987
3761 5988
3832 2494
3832 3320
3832 3607
3832 6054
3832 6055
3859 499
3859 1682
3859 3056
3859 3490
3859 6076
3859 6077
3900 4777
3900 5524
3900 6113
3909 2502
3909 2803
3909 6119
3936 260
3936 264
3936 2694
3968 977
3968 1165
3968 6180
3968 6181
3968 6182
4002 952
4002 1114
4002 2489
4002 6213
4006 494
4006 1309
4006 2531
4034 137
4034 2693
4034 3556
4034 6213
4034 6228
4086 2094
4086 4313
4086 6149
4086 6273
4108 3263
4108 6290
4108 6302
4111 4782
4111 6309
4111 6310
4138 1293
4138 1324
4138 2945
4144 4044
4144 4821
4144 5330
4147 1729
4147 2154
4147 2429
4147 2803
4313 2585
4313 6446
4313 6447
4313 6448
4362 2617
4362 2618
4362 2619
4362 2721
4362 5649
4362 6119
4362 6483
4362 6485
4395 428
4395 1744
4395 2079
4395 2414
4395 4905
4395 6503
4402 6510
4402 6511
4402 6512
4402 6513
4437 1638
4437 1969
4495 2693
4495 6617
4495 6618
4496 361
4496 1143
4496 2858
4496 2928
4496 3885
4496 5815
4496 6601
4496 6602
4496 6603
4496 6604
4496 6605
4496 6606
4496 6608
4496 6609
4496 6610
4496 6611
4496 6612
4506 4783
4506 5985
4506 6429
4506 6635
4513 3885
4513 6637
4533 1969
4557 772
4561 6669
4587 772
4587 1047
4587 2215
4587 2433
4587 3263
4587 3372
4587 6686
4589 260
4589 428
4589 3442
4589 6149
4592 972
4592 1165
4592 3056
4592 6180
4592 6689
4627 2617
4627 2618
4627 2619
4627 4138
4627 4362
4627 5649
4632 1146
4632 1217
4632 5417
4664 2674
4664 4310
4664 6730
4664 6732
4664 6733
4664 6734
4761 1114
4777 161
4777 772
4777 1288
4777 2502
4790 4664
4817 3668
4817 4903
4817 6461
4855 1143
4855 2349
4855 5577
4855 6388
4864 4903
4864 6871
4864 6872
4903 2694
4903 4844
4905 1743
4928 3224
4928 5826
4928 6689
4928 6888
4928 6889
4984 3548
4984 5330
4984 6919
5078 947
5079 3668
5079 4428
5111 2447
5111 2952
5111 6609
5111 6669
5111 6792
5188 2
5188 637
5188 869
5188 4495
5188 4782
5188 7057
5188 7059
5188 7060
5201 358
5201 772
5201 1288
5201 3507
5201 5283
5330 494
5330 2750
5330 5016
5330 5997
5413 2494
5413 4634
5413 7187
5423 2281
5423 3117
5423 3909
5423 7144
5423 7191
5444 2502
5444 4596
5444 7203
5446 2952
5446 5644
5515 3859
5515 5649
5515 6991
5554 7265
5577 137
5577 360
5577 1661
5577 5822
5577 7269
5635 6302
5635 7336
5644 4944
5644 7350
5644 7352
5651 2670
5651 2937
5651 2945
5651 3226
5651 7355
5693 1067
5693 2215
5693 2221
5693 6447
5693 6512
5736 137
5736 5367
5736 6310
5754 637
5754 1179
5754 2787
5754 3490
5754 7399
5754 7414
5791 1600
5791 3488
5791 7435
5874 2670
5874 4596
5911 2984
5911 7512
5911 7513
5911 7515
5915 4391
5915 7516
5915 7517
5915 7518
5915 7519
5955 3545
5955 4086
5955 4391
5955 5201
5955 7542
5955 7544
6014 5283
6014 5791
6014 7350
6014 7435
6014 7575
6014 7576
6055 510
6055 1918
6055 1935
6055 3556
6076 4664
6077 3117
6077 5735
6077 7265
6077 7603
6101 979
6101 2312
6101 2429
6101 3862
6101 4006
6101 4108
6101 5330
6101 6302
6101 6689
6101 7269
6101 7516
6101 7614
6101 7616
6101 7617
6101 7619
6150 4596
6150 5874
6150 7269
6150 7399
6150 7657
6150 7658
6174 7673
6180 5651
6180 7678
6309 1698
6309 2675
6309 3971
6309 7757
6319 5
6319 977
6319 3968
6319 7769
6388 1005
6388 3885
6388 6669
6388 7513
6388 7812
6388 7813
6512 1935
6512 2037
6512 3016
6512 7877
6590 923
6590 1638
6590 2931
6590 7911
6603 6461
6603 7912
6603 7914
6609 2573
6609 2952
6609 3727
6609 3907
6609 4556
6609 6014
6681 1600
6681 4111
6681 5997
6681 6055
6734 1045
6734 1291
6734 2693
7203 775
7203 2511
7203 2787
7203 4736
7279 5649
7355 137
7355 2937
7355 4821
7355 7422
7428 2170
7428 2511
7428 2984
7428 4397
7428 4574
7428 7576
7428 8400
7428 8402
7428 8403
7428 8404
7435 2230
7435 3490
7542 1729
7542 2217
7542 2803
7542 5384
7542 8319
7673 2693
7673 3056
7673 4111
7673 8556
7678 971
7678 1179
7678 2395
7678 3859
7678 8561
7689 1165
7689 2450
7689 3016
7689 8578
7900 360
7900 1143
7900 2670
7900 8699
8159 923
8159 1935
8159 6209
8159 8885
8699 734
8699 1143
8699 4864
8699 9227
8699 9228
8718 1217
8718 3435
8718 9261
8769 1006
8834 2617
8834 6077
8885 5380
8885 6669
8885 9379
8885 9380
8963 1744
8963 10878
9134 494
9134 1565
9134 1600
9134 1729
9134 1787
9134 3028
9134 3668
9134 4612
9134 5380
9134 5913
9134 5944
9134 6589
9134 8282
9134 9431
9134 9577
9134 9578
9134 9579
9134 9580
9134 9581
9228 3761
9228 4556
9228 9616
9228 9617
9379 2
9379 9095
9379 9703
9379 9704
9379 9705
9380 1045
9380 1418
9380 2349
9466 3787
9564 5
9564 6618
9564 7422
9564 9826
9564 9827
9565 2259
9565 5913
9565 9858
9580 9752
9610 2215
9643 4391
9705 1217
9705 2853
9705 9972
9768 396
9768 5367
9768 9985
9834 3253
9834 7542
9834 9826
9834 10024
9881 2900
9881 3668
9881 8834
9881 10064
10024 10168
10055 2433
10103 1964
10103 5915
10103 7689
10103 10247
10189 2447
10189 5380
10189 10307
10247 10353
10332 10399
10526 2787
10526 5735
10526 10596
10613 975
10613 4821
10613 9095
10613 10657
10657 9095
10657 10699
10705 2433
10705 4556
10705 9985
10705 10719
10705 10720
10719 10738
10719 10740
10858 7517
10858 9704
10858 10869
10858 10870
