4 0
13 1
29 12
97 37
99 45
105 38
177 46
222 47
235 53
320 39
321 40
325 41
326 42
330 43
332 44
336 55
433 60
444 61
479 62
489 65
522 66
544 63
599 67
624 68
629 69
631 88
642 109
654 11
743 99
810 48
813 49
816 50
817 51
818 52
839 115
871 21
873 22
874 23
875 24
877 25
881 26
882 36
927 132
930 146
973 134
976 120
981 94
996 147
1110 180
1132 181
1151 152
1160 13
1199 183
1205 54
1283 184
1319 185
1327 187
1345 4
1377 191
1441 27
1446 206
1460 59
1466 110
1483 148
1563 118
1566 207
1574 90
1594 64
1629 208
1657 212
1725 213
1736 214
1756 218
1824 3
1828 219
1890 243
1896 156
1913 247
1937 87
1973 154
1976 248
1988 7
1990 8
1991 9
1992 10
1994 2
1995 249
2180 251
2218 258
2220 284
2237 89
2238 93
2239 107
2241 108
2279 189
2283 168
2396 111
2397 112
2398 113
2401 114
2415 297
2418 299
2513 294
2530 300
2533 304
2538 14
2539 15
2541 20
2545 28
2548 34
2549 35
2553 139
2557 306
2584 275
2629 119
2631 124
2632 125
2633 131
2638 133
2639 145
2653 314
2661 210
2690 320
2691 333
2706 334
2722 72
2734 312
2738 353
2774 360
2792 362
2873 16
2889 301
2912 198
2957 199
2976 366
2989 335
3029 367
3038 201
3051 150
3053 151
3057 368
3136 182
3221 372
3264 374
3275 73
3277 74
3307 75
3313 220
3361 321
3369 375
3408 188
3409 190
3457 377
3466 78
3510 260
3520 5
3534 195
3535 196
3536 205
3546 172
3554 378
3568 379
3590 100
3618 384
3675 386
3725 116
3726 117
3786 29
3855 215
3887 252
3893 121
3905 339
3964 387
3993 216
3994 217
4017 56
4053 305
4089 323
4130 389
4156 245
4158 30
4159 17
4160 246
4169 149
4185 70
4188 71
4189 85
4191 86
4246 392
4249 393
4282 192
4334 186
4349 396
4396 271
4418 126
4420 400
4489 402
4494 406
4498 363
4510 135
4534 256
4535 257
4537 259
4538 283
4559 250
4588 270
4593 166
4594 167
4662 376
4670 413
4692 98
4698 155
4731 328
4743 31
4763 223
4764 295
4766 296
4776 298
4794 235
4879 285
4880 286
4881 287
4882 288
4883 289
4884 290
4885 291
4886 292
4887 293
4901 302
4902 303
4915 18
4917 19
4921 32
4922 33
4949 274
4986 127
4994 128
4995 129
4996 130
5001 122
5002 123
5009 394
5012 136
5013 138
5014 144
5017 77
5018 313
5050 414
5058 318
5059 319
5062 417
5064 158
5090 340
5091 351
5093 352
5094 307
5096 310
5097 311
5130 356
5131 79
5132 359
5151 361
5152 104
5161 424
5173 429
5195 430
5224 433
5267 202
5269 197
5324 364
5325 365
5329 269
5354 203
5396 57
5427 436
5463 437
5528 169
5529 397
5563 373
5564 343
5589 160
5617 444
5621 329
5639 448
5662 327
5676 449
5694 454
5717 455
5799 200
5800 204
5801 193
5803 194
5807 170
5809 171
5819 456
5836 403
5837 463
5849 388
5865 381
5866 382
5868 383
5906 385
5907 105
5922 465
5958 415
5960 466
5961 336
6001 473
6010 322
6017 457
6024 341
6031 342
6040 476
6057 477
6084 483
6087 486
6115 337
6116 338
6120 487
6135 488
6165 452
6175 490
6179 315
6202 331
6212 262
6219 492
6227 501
6232 502
6278 503
6293 230
6355 102
6361 244
6364 324
6371 504
6401 505
6403 390
6404 391
6412 80
6413 84
6471 395
6509 408
6516 507
6549 399
6587 401
6613 404
6614 405
6625 509
6652 253
6653 254
6654 255
6657 279
6658 280
6659 281
6660 282
6662 511
6690 512
6692 153
6693 164
6695 165
6717 416
6726 103
6739 407
6740 411
6741 412
6752 95
6753 96
6754 97
6776 513
6778 493
6803 450
6866 234
6880 431
6887 81
6896 357
6902 272
6903 273
6932 332
6933 140
6934 143
6935 76
6943 137
6958 316
6959 317
6974 515
6976 308
6977 309
6988 354
6990 355
6994 358
7000 519
7026 418
7027 422
7028 423
7042 427
7043 428
7053 520
7055 438
7066 522
7096 432
7112 525
7113 531
7116 451
7122 532
7136 159
7199 435
7202 533
7244 536
7256 349
7328 425
7334 484
7339 445
7340 173
7341 447
7343 265
7347 369
7353 537
7354 539
7359 326
7362 439
7363 440
7364 441
7366 442
7367 443
7382 453
7400 267
7409 540
7413 541
7420 177
7436 178
7437 179
7439 482
7453 462
7463 101
7466 380
7486 370
7496 371
7508 544
7523 464
7571 58
7572 467
7573 472
7586 474
7588 475
7609 330
7610 485
7631 545
7659 546
7675 489
7685 549
7696 261
7702 491
7703 499
7704 500
7727 553
7737 494
7743 226
7744 227
7745 228
7746 229
7831 82
7832 83
7846 458
7863 478
7880 346
7881 506
7886 554
7899 398
7908 419
7915 529
7916 420
7929 556
7934 277
7935 278
7941 510
7951 557
7962 161
7963 162
7964 163
7980 409
7982 410
7983 266
8022 558
8023 560
8099 421
8108 141
8109 142
8128 106
8129 514
8133 516
8140 263
8145 517
8146 518
8153 561
8172 426
8184 521
8220 523
8221 524
8223 530
8225 460
8228 562
8278 224
8289 434
8308 567
8311 534
8312 535
8323 347
8324 348
8347 446
8353 264
8359 538
8360 221
8361 325
8367 91
8368 92
8394 174
8395 175
8396 176
8397 526
8409 479
8410 480
8412 481
8422 461
8424 268
8444 568
8452 542
8453 543
8457 569
8466 570
8474 573
8491 470
8493 471
8569 547
8570 548
8576 209
8587 498
8588 231
8593 550
8595 552
8615 225
8654 578
8664 579
8681 468
8682 344
8683 345
8692 559
8706 580
8707 583
8722 527
8723 528
8727 555
8733 276
8756 584
8777 585
8804 563
8874 587
8892 592
8909 495
8932 459
8979 564
8980 496
8981 565
8982 566
9021 594
9060 157
9064 571
9065 572
9137 497
9139 551
9182 574
9183 575
9184 576
9185 577
9216 595
9239 582
9287 608
9324 581
9366 618
9369 619
9372 586
9382 588
9384 589
9385 590
9386 591
9415 621
9416 620
9429 622
9464 610
9471 593
9476 624
9489 626
9514 628
9534 616
9566 211
9572 629
9584 625
9641 596
9642 607
9649 508
9670 637
9671 597
9691 617
9696 600
9710 350
9720 605
9779 623
9784 601
9801 609
9802 615
9806 627
9812 638
9824 642
9901 606
9911 630
9912 633
9913 634
9914 635
9915 636
9917 643
9929 598
9930 599
9979 602
9980 603
9981 604
9986 645
10000 613
10001 614
10015 639
10016 641
10065 646
10066 652
10101 631
10102 632
10148 644
10157 611
10158 612
10164 640
10192 222
10203 649
10204 650
10205 651
10252 653
10306 654
10313 648
10327 240
10356 232
10385 664
10386 647
10397 239
10414 469
10426 668
10449 669
10469 655
10470 656
10471 663
10482 233
10483 236
10485 237
10486 238
10502 665
10504 667
10540 657
10541 658
10542 659
10543 661
10544 662
10564 670
10584 666
10603 660
10671 674
10692 671
10693 672
10694 673
10724 677
10739 680
10746 675
10747 676
10765 678
10767 679
10804 6
10806 241
10807 242
