0 27
1 3
2 28
3 3
4 3
5 2
6 4
7 6
8 28
9 30
10 29
11 28
12 32
13 17
14 17
15 18
16 18
17 17
18 23
19 16
20 19
21 10
22 31
23 31
24 32
25 33
26 32
27 32
28 31
29 30
30 17
31 30
32 30
33 30
34 30
35 30
36 29
37 30
38 30
39 30
40 30
41 29
42 29
43 29
44 29
45 28
46 17
47 17
48 16
49 32
50 30
51 7
52 10
53 5
54 7
55 9
56 9
57 9
58 9
59 8
60 9
61 24
62 16
63 16
64 17
65 17
66 17
67 16
68 16
69 15
70 22
71 26
72 25
73 25
74 25
75 27
76 28
77 28
78 30
79 30
80 29
81 29
82 29
83 28
84 27
85 28
86 30
87 29
88 29
89 28
90 28
91 28
92 27
93 26
94 27
95 27
96 27
97 27
98 34
99 34
100 33
101 33
102 33
103 33
104 33
105 33
106 32
107 31
108 32
109 32
110 31
111 33
112 34
113 33
114 32
115 32
116 32
117 32
118 31
119 32
120 32
121 32
122 32
123 31
124 31
125 30
126 29
127 28
128 28
129 27
130 27
131 27
132 27
133 26
134 25
135 26
136 25
137 24
138 24
139 24
140 23
141 28
142 25
143 25
144 25
145 24
146 24
147 23
148 24
149 24
150 24
151 23
152 22
153 22
154 22
155 22
156 21
157 28
158 22
159 22
160 22
161 21
162 20
163 20
164 29
165 29
166 28
167 30
168 29
169 29
170 29
171 29
172 29
173 29
174 29
175 29
176 28
177 28
178 28
179 27
180 22
181 32
182 27
183 25
184 25
185 25
186 25
187 25
188 25
189 26
190 28
191 27
192 26
193 26
194 25
195 24
196 27
197 32
198 28
199 28
200 29
201 30
202 29
203 32
204 32
205 31
206 32
207 32
208 32
209 32
210 31
211 31
212 30
213 28
214 27
215 27
216 28
217 28
218 29
219 29
220 29
221 30
222 30
223 30
224 30
225 29
226 29
227 28
228 30
229 30
230 30
231 30
232 33
233 32
234 32
235 31
236 31
237 31
238 31
239 30
240 29
241 30
242 30
243 31
244 31
245 31
246 31
247 30
248 30
249 29
250 29
251 28
252 28
253 27
254 28
255 29
256 29
257 29
258 28
259 28
260 28
261 27
262 26
263 26
264 26
265 25
266 27
267 27
268 27
269 27
270 27
271 27
272 27
273 27
274 26
275 26
276 26
277 26
278 26
279 26
280 25
281 25
282 25
283 24
284 23
285 24
286 23
287 22
288 24
289 24
290 24
291 23
292 25
293 24
294 23
295 22
296 22
297 21
298 20
299 20
300 19
301 9
302 8
303 7
304 7
305 7
306 7
307 6
308 6
309 7
310 10
311 9
312 7
313 6
314 5
315 5
316 5
317 4
318 13
319 13
320 13
321 18
322 19
323 19
324 18
325 13
326 12
327 13
328 17
329 17
330 17
331 16
332 15
333 14
334 15
335 17
336 4
337 20
338 1
339 5
340 6
341 1
342 0
343 11
344 19
345 17
346 18
347 18
348 17
349 17
350 17
351 18
352 18
353 18
354 17
355 16
356 15
357 11
358 10
359 9
360 16
361 2
362 20
363 19
364 12
365 12
366 12
367 12
368 12
369 11
370 8
371 8
372 7
373 3
374 3
375 2
376 1
377 17
378 1
379 14
380 1
381 1
382 0
383 15
384 15
385 16
386 15
387 14
388 1
389 0
390 1
391 11
392 2
393 15
394 16
395 15
396 17
397 16
398 15
399 15
400 15
401 16
402 15
403 14
404 2
405 2
406 1
407 6
408 17
409 2
410 2
411 2
412 2
413 2
414 1
415 0
416 17
417 1
418 14
419 15
420 15
421 17
422 17
423 16
424 16
425 16
426 19
427 19
428 19
429 18
430 18
431 19
432 18
433 18
434 18
435 17
436 16
437 15
438 14
439 15
440 18
441 17
442 18
443 17
444 16
445 16
446 15
447 14
448 14
449 14
450 14
451 14
452 16
453 16
454 16
455 15
456 15
457 14
458 14
459 14
460 15
461 14
462 14
463 16
464 16
465 16
466 15
467 16
468 15
469 15
470 15
471 14
472 15
473 16
474 16
475 15
476 14
477 14
478 14
479 14
480 14
481 14
482 14
483 14
484 20
485 19
486 19
487 19
488 18
489 18
490 19
491 21
492 21
493 21
494 20
495 20
496 19
497 18
498 17
499 14
500 16
501 16
502 18
503 17
504 17
505 18
506 17
507 16
508 16
509 15
510 14
511 14
512 14
513 14
514 14
515 14
516 14
517 14
518 14
519 15
520 14
521 14
522 14
523 14
524 14
525 14
526 15
527 15
528 14
529 15
530 15
531 14
532 14
533 15
534 14
535 15
536 14
537 14
538 14
539 14
540 15
541 15
542 15
543 14
544 15
545 15
546 16
547 16
548 17
549 21
550 21
551 21
552 21
553 21
554 21
555 21
556 21
557 20
558 19
559 19
560 19
561 20
562 19
563 19
564 18
565 18
566 17
567 16
568 15
569 14
570 14
571 14
572 14
573 14
574 15
575 16
576 16
577 15
578 15
579 14
580 14
581 14
582 14
583 14
584 14
585 14
586 14
587 14
588 14
589 14
590 13
591 1
592 1
593 0
594 4
595 4
596 3
597 8
598 7
599 3
600 2
601 3
602 2
603 1
604 2
605 4
606 3
607 1
608 0
609 4
610 0
611 0
612 6
613 3
614 8
615 2
616 8
617 2
618 2
619 2
620 2
621 1
622 1
623 3
624 1
625 11
626 1
627 0
628 1
629 1
630 4
631 7
632 13
633 13
634 13
635 12
636 4
637 5
638 11
639 5
640 4
641 5
642 6
643 5
644 4
645 3
646 2
647 0
648 0
649 3
650 3
651 4
652 4
653 3
654 3
655 2
656 1
657 11
658 11
659 10
660 2
661 10
662 0
663 2
664 1
665 0
666 3
667 3
668 3
669 2
670 5
671 4
672 8
673 2
674 2
675 2
676 1
677 1
678 0
679 4
680 1
681 1
682 4
683 3
684 0
685 3
686 1
687 1
688 2
689 8
690 8
691 7
692 6
693 6
694 6
695 5
696 12
697 5
698 4
699 2
700 1
701 1
702 1
703 0
704 1
705 3
706 3
707 2
708 0
709 5
710 10
711 1
712 0
713 10
714 10
715 0
716 3
717 1
718 10
719 12
720 11
721 11
722 10
723 10
724 10
725 10
726 11
727 11
728 13
729 13
730 12
731 11
732 12
733 12
734 12
735 11
736 10
737 10
738 10
739 10
740 11
741 10
742 10
743 10
744 9
745 2
746 3
747 1
748 6
749 3
750 1
751 1
752 1
753 0
754 1
755 0
756 1
757 4
758 0
759 5
760 3
761 1
762 7
763 4
764 1
765 1
766 6
767 0
768 6
769 6
770 5
771 1
772 1
773 0
774 1
775 1
776 0
777 2
778 1
779 0
780 5
781 0
782 0
783 4
784 4
785 5
786 5
787 6
788 5
789 7
790 6
791 6
792 5
793 4
794 3
795 3
796 3
797 3
798 3
799 2
800 1
801 0
802 0
803 1
804 0
805 2
806 1
807 3
808 4
809 3
810 2
811 3
812 3
813 3
814 3
815 3
816 2
817 3
818 3
819 7
820 8
821 8
822 8
823 7
824 6
825 6
826 7
827 3
828 8
829 2
830 2
831 1
832 3
833 3
834 3
835 3
836 2
837 5
838 4
839 6
840 4
841 4
842 3
843 2
844 2
845 1
846 1
847 1
848 1
849 0
850 10
851 1
852 0
853 2
854 1
855 0
856 2
857 2
858 2
859 2
860 2
861 2
862 7
863 2
864 1
865 1
866 2
867 2
868 2
869 2
870 2
871 5
872 4
873 3
874 2
875 1
876 1
877 0
878 7
879 6
880 6
881 5
882 5
883 5
884 4
885 4
886 4
887 3
888 3
889 3
890 2
891 2
892 1
893 2
894 2
895 2
896 1
897 1
898 0
899 4
900 3
901 2
902 1
903 5
904 1
905 2
906 0
907 2
908 1
909 0
910 3
911 1
912 1
913 0
914 1
915 1
916 1
917 1
918 0
919 1
920 1
921 0
922 1
923 0
924 7
925 6
926 6
927 5
928 2
929 0
930 1
931 2
932 1
933 3
934 4
935 4
936 5
937 5
938 6
939 5
940 4
941 3
942 2
943 0
944 1
945 0
946 1
947 0
948 1
949 1
950 0
951 1
952 5
953 4
954 2
955 1
956 1
957 0
958 4
959 3
960 0
961 1
962 1
963 1
964 0
965 1
966 1
967 0
968 1
969 0
970 2
971 1
972 1
973 1
974 0
975 1
976 0
977 10
978 1
979 0
980 1
981 1
982 1
983 1
984 0
985 0
986 2
987 2
988 1
989 7
990 0
991 1
992 3
993 2
994 1
995 1
996 3
997 0
998 2
999 2
1000 1
1001 0
1002 5
1003 2
1004 1
1005 0
1006 1
1007 0
1008 3
1009 9
1010 8
1011 1
1012 3
1013 0
1014 3
1015 8
1016 2
1017 1
1018 0
1019 4
1020 4
1021 3
1022 2
1023 2
1024 2
1025 2
1026 3
1027 3
1028 3
1029 2
1030 1
1031 0
1032 1
1033 2
1034 1
1035 0
1036 2
1037 1
1038 2
1039 2
1040 1
1041 0
1042 1
1043 0
1044 2
1045 1
1046 2
1047 1
1048 1
1049 1
1050 0
1051 4
1052 2
1053 1
1054 3
1055 3
1056 3
1057 2
1058 2
1059 1
1060 0
1061 2
1062 2
1063 1
1064 1
1065 0
1066 2
1067 1
1068 0
1069 1
1070 0
1071 1
1072 1
1073 7
1074 7
1075 6
1076 2
1077 3
1078 2
1079 2
1080 1
1081 1
1082 0
1083 1
1084 3
1085 1
1086 0
1087 1
1088 0
1089 1
1090 10
1091 9
1092 1
1093 0
1094 0
1095 6
1096 1
1097 0
1098 1
1099 1
1100 0
1101 1
1102 0
1103 0
1104 0
1105 2
1106 0
1107 3
1108 2
1109 2
1110 2
1111 2
1112 2
1113 1
1114 1
1115 2
1116 2
1117 2
1118 1
1119 1
1120 1
1121 0
1122 7
1123 1
1124 0
1125 0
1126 8
1127 8
1128 7
1129 9
1130 9
1131 10
1132 10
1133 10
1134 9
1135 8
1136 7
1137 0
1138 4
1139 0
1140 0
1141 0
1142 1
1143 2
1144 3
1145 3
1146 2
1147 1
1148 1
1149 0
1150 2
1151 2
1152 2
1153 1
1154 1
1155 1
1156 2
1157 1
1158 0
1159 0
1160 1
1161 2
1162 3
1163 7
1164 2
1165 2
1166 1
1167 0
1168 2
1169 1
1170 1
1171 1
1172 0
1173 1
1174 0
1175 10
1176 1
1177 0
1178 1
1179 1
1180 0
1181 1
1182 2
1183 1
1184 1
1185 2
1186 2
1187 1
1188 1
1189 1
1190 0
1191 3
1192 0
1193 7
1194 1
1195 1
1196 2
1197 2
1198 1
1199 1
1200 0
1201 0
1202 7
1203 1
1204 6
1205 2
1206 3
1207 2
1208 1
1209 0
1210 1
1211 1
1212 0
1213 8
1214 7
1215 2
1216 2
1217 1
1218 0
1219 7
1220 5
1221 5
1222 7
1223 8
1224 7
1225 7
1226 6
1227 6
1228 5
1229 4
1230 1
1231 1
1232 3
1233 3
1234 10
1235 10
1236 9
1237 9
1238 8
1239 8
1240 7
1241 6
1242 5
1243 5
1244 4
1245 5
1246 5
1247 5
1248 4
1249 4
1250 4
1251 3
1252 2
1253 3
1254 4
1255 4
1256 6
1257 7
1258 8
1259 8
1260 7
1261 7
1262 6
1263 6
1264 5
1265 6
1266 5
1267 4
1268 3
1269 4
1270 2
1271 1
1272 1
1273 0
1274 1
1275 1
1276 2
1277 2
1278 2
1279 1
1280 1
1281 0
1282 5
1283 4
1284 4
1285 3
1286 2
1287 1
1288 0
1289 0
1290 1
1291 2
1292 2
1293 2
1294 1
1295 0
1296 2
1297 1
1298 1
1299 0
1300 1
1301 0
1302 1
1303 1
1304 0
1305 1
1306 1
1307 1
1308 1
1309 0
1310 0
1311 2
1312 1
1313 0
1314 1
1315 1
1316 0
1317 0
1318 0
