46 92
46 127
46 129
46 130
46 131
46 135
58 165
58 167
58 168
58 169
58 170
58 171
58 172
58 173
58 174
89 270
89 271
89 272
90 89
90 92
90 259
90 262
90 263
90 265
92 279
92 283
127 2364
129 2518
129 3309
129 3314
129 3317
130 447
130 448
130 452
131 459
131 460
131 462
141 505
141 506
141 507
147 523
147 524
147 525
147 527
147 528
147 529
158 495
158 505
158 565
158 566
158 568
158 569
165 591
167 608
167 615
167 616
167 617
168 155
168 540
168 621
170 715
170 719
171 616
171 630
175 92
175 636
175 638
187 167
187 407
187 568
187 693
187 694
187 695
187 696
187 697
187 698
213 172
213 410
213 761
213 762
213 763
213 764
213 765
213 766
213 767
220 776
220 778
220 780
254 901
254 903
254 907
262 944
262 945
265 1028
265 1031
270 263
270 1049
270 1051
272 765
272 982
272 983
272 984
272 985
272 986
272 989
285 345
285 407
285 569
285 1053
285 1055
285 1056
285 1057
345 1219
345 1220
345 1221
345 1223
349 693
349 695
349 698
349 1255
349 1256
349 1259
354 407
354 765
354 867
354 945
354 1072
354 1255
354 1299
354 1301
375 129
375 505
375 565
375 566
375 1316
390 1343
390 1346
407 695
407 1362
410 591
410 617
410 1383
447 174
447 693
447 1504
447 1505
447 1506
448 263
448 2341
448 5150
448 6735
468 1544
468 1545
468 1550
473 127
473 168
473 265
473 1353
473 1533
473 1534
473 1535
473 1537
473 1538
486 165
486 407
486 568
486 694
486 695
486 696
486 697
486 698
486 1255
493 172
493 173
493 636
493 761
493 762
493 763
493 765
493 1456
493 1597
495 893
495 1601
506 410
506 538
506 765
506 867
506 945
506 1072
506 1613
507 538
507 565
507 765
507 1299
507 1614
507 1615
507 1617
507 1618
524 410
524 565
524 765
524 867
524 945
524 1072
524 1299
527 174
527 1667
527 1668
527 1671
528 1831
528 1867
565 1759
565 1761
565 1762
566 459
566 1564
566 1774
568 540
568 621
568 1710
569 130
569 131
569 763
569 851
569 1608
569 1831
591 390
591 1848
591 1850
601 165
601 407
601 568
601 693
601 694
601 695
601 697
601 698
601 1255
615 263
615 538
615 765
615 983
615 989
615 1553
615 1903
615 1904
615 1905
617 649
617 693
617 694
617 697
621 1409
621 1906
621 1908
630 608
636 2013
638 1950
638 1951
638 1954
638 1956
638 1957
639 58
639 92
639 127
639 1322
639 1958
639 1959
647 410
647 566
647 826
647 1959
647 1971
649 1975
666 165
666 407
666 568
666 693
666 694
666 695
666 696
666 697
666 698
666 1255
692 263
692 538
692 697
692 765
692 983
692 1553
692 1904
692 1905
692 2096
692 2097
693 2099
693 2104
693 2105
695 903
696 2114
696 2115
698 639
698 5030
698 5711
719 982
719 1219
719 2185
719 2187
761 2294
761 2295
762 889
762 1533
762 2266
762 2269
765 2284
766 552
766 2287
776 407
776 982
776 984
776 985
776 989
776 1506
776 2297
790 1017
790 2321
790 2322
798 58
798 171
798 638
798 2341
798 2342
823 174
823 636
823 867
823 1456
823 1553
823 2364
823 2365
823 2366
826 31
826 2002
826 2367
826 2368
826 2369
851 129
851 183
851 505
851 565
851 566
851 568
851 1316
851 6265
855 90
855 407
855 565
855 694
855 695
855 984
855 1056
867 213
867 2518
867 2519
889 167
889 2554
890 762
890 2568
893 410
893 565
893 765
893 867
893 945
893 1072
893 1255
893 1299
897 147
897 410
897 566
897 826
897 1971
897 3060
897 5133
901 129
901 695
901 1055
901 1164
901 1456
901 1971
920 127
920 187
920 697
920 1353
920 1534
920 1535
920 1537
920 1553
920 2096
941 172
941 407
941 568
941 636
941 694
941 695
941 696
941 697
941 763
941 764
945 1362
958 158
958 220
958 697
958 1613
958 2711
958 2712
958 2713
983 279
983 2784
984 647
984 2568
984 2746
984 2749
985 141
985 616
985 2754
985 2755
989 1041
989 1144
989 2766
1017 127
1017 697
1017 1534
1017 1535
1017 1537
1017 1553
1017 2096
1017 2372
1017 2710
1024 165
1024 407
1024 568
1024 693
1024 695
1024 696
1026 1109
1026 1818
1031 565
1031 765
1031 945
1031 1299
1042 1759
1042 2826
1042 2827
1051 527
1051 1049
1051 2841
1057 2013
1057 2855
1057 2857
1057 2860
1072 2903
1092 757
1092 1613
1092 1975
1092 2257
1092 2924
1109 174
1109 636
1109 867
1109 1456
1109 1553
1109 2364
1109 2365
1109 2366
1111 1042
1111 1601
1111 2974
1111 2975
1111 2979
1112 537
1112 638
1112 1818
1141 3025
1141 3026
1141 3031
1164 639
1164 1950
1164 3086
1168 495
1168 1533
1168 3060
1168 3061
1168 3064
1184 92
1184 130
1184 131
1184 1056
1184 1959
1184 2034
1204 569
1204 638
1204 855
1204 2649
1219 2857
1219 3159
1223 147
1223 165
1223 763
1223 1056
1223 1959
1223 3060
1256 757
1299 901
1299 3273
1322 92
1322 127
1322 129
1322 130
1322 693
1322 1056
1322 1958
1322 1959
1333 170
1333 263
1333 538
1333 983
1333 1534
1333 1537
1333 1553
1333 1903
1333 1904
1333 1905
1353 92
1357 168
1357 265
1357 1535
1357 1537
1357 1538
1357 2924
1373 165
1373 568
1373 693
1373 694
1373 695
1373 698
1373 3400
1373 3401
1409 169
1409 568
1409 695
1409 697
1409 982
1409 984
1409 986
1409 2297
1414 262
1414 263
1414 1535
1414 3493
1414 3495
1414 3496
1430 127
1430 168
1430 265
1430 1353
1430 1537
1430 1538
1440 31
1440 2826
1440 2855
1440 3529
1494 127
1494 131
1494 1534
1494 3616
1494 3617
1534 1667
1537 1259
1537 3060
1537 3469
1537 3678
1538 58
1538 345
1545 129
1545 495
1545 505
1545 568
1545 984
1545 989
1545 1316
1553 3709
1553 3712
1564 2637
1572 127
1572 130
1572 568
1572 693
1572 694
1572 695
1572 696
1572 697
1597 349
1597 495
1597 920
1597 1042
1597 1903
1597 2710
1601 410
1601 565
1601 765
1601 867
1608 765
1608 982
1608 983
1608 984
1608 985
1608 986
1608 989
1614 1996
1614 6339
1619 263
1619 889
1619 1164
1619 1533
1619 1537
1652 92
1652 130
1652 1111
1652 3846
1688 1049
1688 2376
1688 3896
1688 3897
1739 165
1739 1534
1739 5366
1739 5835
1739 7189
1762 58
1762 127
1762 130
1762 131
1762 693
1762 1056
1762 1959
1765 147
1765 407
1765 505
1765 763
1765 889
1765 989
1765 1504
1765 1614
1765 10156
1774 174
1774 692
1774 3086
1774 3978
1774 4023
1774 4025
1818 155
1835 147
1835 410
1835 566
1835 826
1835 1056
1835 1959
1835 1971
1835 3060
1841 172
1841 173
1841 174
1841 636
1841 867
1841 1456
1841 1535
1841 2364
1850 170
1850 761
1850 1053
1850 1056
1850 1971
1850 2096
1867 410
1867 538
1867 565
1867 1299
1867 1614
1867 3665
1867 4116
1867 4117
1893 410
1893 762
1893 986
1893 2376
1903 608
1903 4143
1904 390
1904 1042
1904 1954
1904 3335
1905 867
1905 2034
1905 4145
1905 4146
1905 4148
1928 263
1928 889
1928 1164
1928 1533
1939 31
1939 410
1939 4117
1958 31
1958 4228
1959 90
1959 171
1959 263
1959 565
1959 761
1959 764
1959 984
1959 2297
1971 1055
1971 1848
1971 2234
2002 31
2002 390
2002 989
2002 1056
2002 4273
2034 638
2034 4316
2096 569
2096 1255
2096 3418
2096 3827
2096 4393
2096 4394
2099 92
2099 127
2099 131
2099 1056
2099 1959
2099 4399
2131 565
2131 945
2131 1164
2131 1299
2131 1614
2143 263
2143 538
2143 1534
2143 1553
2143 1614
2143 1903
2143 1905
2151 538
2151 565
2151 867
2151 945
2151 989
2151 1072
2151 1299
2151 1614
2151 1903
2234 90
2234 1835
2234 4540
2234 4541
2234 4543
2257 1440
2257 2115
2257 3496
2257 4567
2257 4568
2307 220
2307 763
2307 1534
2307 2713
2307 4614
2307 4615
2307 4616
2309 263
2309 538
2309 765
2309 989
2309 1553
2309 1903
2309 1904
2309 1905
2309 4618
2321 155
2321 1112
2321 4635
2342 131
2342 265
2342 505
2342 764
2342 1971
2342 2364
2342 2484
2342 2975
2353 649
2353 1362
2353 3770
2364 733
2364 2367
2367 2307
2367 2341
2368 165
2368 407
2368 537
2368 693
2368 695
2368 696
2368 4129
2385 263
2385 889
2385 1164
2385 1533
2385 1537
2424 90
2424 1041
2424 2364
2440 263
2440 538
2440 1553
2440 1614
2440 1904
2440 1905
2440 2096
2440 4795
2440 4796
2458 1221
2458 2188
2458 3527
2458 4815
2463 89
2463 765
2463 984
2463 985
2463 986
2463 989
2484 1710
2484 1850
2518 2855
2518 3934
2518 4877
2637 147
2637 165
2637 763
2637 1971
2637 3060
2641 147
2641 165
2641 410
2641 566
2641 3060
2660 693
2660 696
2660 3335
2660 5029
2660 5030
2710 566
2710 649
2710 1981
2710 3782
2714 129
2714 505
2714 1056
2714 1971
2714 2975
2720 147
2720 165
2720 410
2720 566
2720 763
2720 1959
2720 3060
2741 165
2741 171
2741 272
2741 1353
2741 5106
2755 147
2755 410
2755 566
2755 826
2755 1056
2755 1959
2755 1971
2755 3060
2784 1026
2809 270
2809 1053
2809 1534
2809 1553
2809 2371
2809 2372
2811 636
2811 1255
2811 1939
2811 3527
2855 5220
2860 407
2860 410
2860 538
2860 867
2860 945
2860 1072
2860 1299
2862 89
2862 92
2862 763
2862 1534
2862 1553
2862 2710
3000 468
3000 3210
3000 4815
3000 5348
3025 3585
3035 147
3035 165
3035 263
3035 1506
3035 1534
3035 1535
3035 1614
3035 5366
3046 220
3046 407
3046 568
3046 989
3058 90
3058 171
3058 263
3058 565
3058 984
3058 1056
3058 2297
3060 390
3060 5381
3061 569
3061 763
3061 1056
3061 1057
3061 1164
3061 1553
3064 1164
3064 4584
3109 89
3109 147
3109 167
3109 765
3109 867
3109 1056
3109 1440
3109 1545
3109 1801
3109 2115
3109 2432
3109 2903
3109 2975
3109 3086
3109 3418
3109 3875
3109 4143
3109 4201
3109 4586
3109 5431
3109 5434
3109 5435
3109 5436
3109 5437
3109 5438
3109 5447
3132 127
3132 168
3132 265
3132 1353
3132 1534
3132 1535
3132 1537
3132 1538
3210 733
3210 9491
3241 147
3241 495
3241 568
3241 763
3241 1056
3241 1959
3317 410
3317 566
3317 621
3317 763
3400 168
3400 265
3400 1055
3400 1353
3400 1535
3400 1537
3400 1538
3400 2034
3418 2309
3418 3861
3433 636
3433 1996
3433 5730
3433 5731
3464 649
3464 2841
3464 3061
3464 4279
3469 2975
3529 127
3529 5434
3529 5796
3583 131
3583 345
3583 407
3583 1053
3583 1055
3583 1056
3583 1057
3583 1456
3583 2365
3603 265
3603 505
3603 2364
3603 2975
3609 407
3609 1055
3609 1056
3609 1057
3609 1601
3609 2975
3609 2979
3609 4606
3616 165
3616 407
3616 693
3616 694
3616 698
3616 1255
3616 3875
3617 131
3617 168
3617 505
3617 763
3617 1055
3617 1537
3617 2484
3617 2975
3626 131
3626 265
3626 505
3626 764
3626 1971
3626 2364
3626 2484
3626 2975
3647 566
3647 757
3647 763
3647 1056
3647 1652
3647 1971
3665 762
3665 1535
3678 1593
3678 3314
3678 4745
3678 5755
3678 5910
3716 171
3716 565
3716 694
3716 889
3716 1506
3716 1537
3716 2097
3716 3060
3742 1049
3742 3812
3742 4403
3742 4718
3750 46
3750 90
3750 5796
3782 131
3782 2297
3782 3495
3782 5942
3782 6008
3782 6009
3806 410
3806 1971
3806 2649
3806 6023
3807 168
3807 265
3807 1053
3807 1353
3807 1534
3807 1535
3807 1537
3807 1538
3827 147
3827 165
3827 410
3827 566
3827 826
3827 1056
3827 1959
3827 3060
3861 174
3861 694
3861 696
3861 761
3861 1055
3861 6078
3861 6079
3861 6080
3861 6081
3863 2188
3863 3585
3863 5711
3875 941
3875 1299
3875 6092
3897 1041
3897 2269
3897 4618
3934 1613
3934 2711
3934 2712
3934 2713
3934 4615
3934 6151
3934 6152
3934 6153
3959 147
3959 165
3959 410
3959 566
3959 763
3959 1959
3959 3060
3982 174
3982 694
3982 696
3982 761
3982 1055
3982 6078
3982 6079
3982 6080
3982 6081
3985 262
3985 263
3985 766
3985 1056
3985 1316
3985 3496
3985 6187
4007 58
4007 92
4007 129
4007 131
4007 763
4007 1056
4007 1534
4048 4042
4048 6241
4048 6242
4048 6244
4099 254
4099 907
4099 6305
4127 131
4127 171
4127 345
4127 495
4127 1504
4127 1765
4127 2364
4129 2855
4129 3583
4129 6333
4148 1534
4148 2371
4201 165
4201 1504
4201 4327
4201 4584
4201 6380
4212 982
4212 2342
4212 3529
4212 3750
4212 4042
4244 183
4244 1042
4244 1652
4244 1903
4244 4616
4244 6265
4245 410
4245 538
4245 867
4245 1042
4245 1164
4279 538
4279 697
4279 765
4279 867
4279 1164
4303 171
4303 621
4303 889
4303 1537
4303 2809
4303 6442
4303 6443
4322 147
4322 165
4322 495
4322 763
4322 1056
4322 1959
4322 3060
4369 147
4369 165
4369 263
4369 1534
4369 1535
4369 1614
4369 2484
4369 5366
4394 3496
4394 6497
4394 6498
4394 6499
4394 6501
4394 6502
4403 2367
4403 4099
4403 6506
4403 6507
4568 407
4568 410
4568 765
4568 867
4568 1072
4568 1255
4568 1299
4571 765
4571 889
4571 989
4571 1456
4571 1533
4571 1535
4571 1958
4571 1959
4584 147
4584 165
4584 263
4584 1506
4584 1534
4584 1535
4584 1614
4584 2484
4584 5366
4586 523
4586 569
4586 1801
4586 3861
4586 6684
4586 6685
4606 1259
4606 10146
4606 10448
4641 170
4641 761
4641 982
4641 985
4641 1053
4641 1056
4641 1971
4641 2096
4643 495
4643 1975
4643 3469
4676 4369
4676 4649
4693 127
4693 4145
4693 6380
4693 6755
4709 3335
4709 6772
4718 131
4718 171
4718 495
4718 568
4718 1255
4718 2364
4720 1042
4720 1056
4720 1506
4720 1534
4720 1535
4720 1614
4720 5366
4720 6783
4745 220
4745 407
4745 410
4745 568
4745 989
4784 985
4784 2188
4813 129
4813 131
4813 763
4813 1534
4867 407
4867 410
4867 568
4867 989
4913 165
4913 410
4913 566
4913 1959
4913 3060
4913 6339
4942 147
4942 220
4942 407
4942 410
4942 989
5008 1619
5008 6569
5008 6926
5025 131
5025 171
5025 345
5025 495
5025 1504
5029 2649
5029 2811
5029 4973
5067 131
5067 171
5067 495
5067 1141
5067 1255
5067 2364
5119 565
5119 694
5119 1031
5119 3060
5119 3742
5119 5302
5150 165
5150 447
5150 3058
5150 3583
5156 147
5156 165
5156 263
5156 1056
5156 1506
5156 1534
5156 1535
5156 2484
5156 5366
5228 410
5228 696
5228 697
5228 983
5241 147
5241 263
5241 1534
5241 1535
5241 2484
5247 410
5247 538
5247 565
5247 766
5247 1299
5252 165
5252 407
5252 693
5252 694
5252 695
5252 696
5252 698
5276 3132
5276 3782
5302 630
5302 695
5302 867
5302 920
5302 1056
5302 1255
5302 2975
5302 3469
5302 4643
5398 165
5398 168
5398 220
5398 566
5398 765
5398 889
5398 989
5398 1164
5398 6008
5415 220
5415 407
5415 410
5415 568
5415 989
5415 7188
5424 171
5424 1537
5424 1550
5424 2365
5424 3060
5424 4143
5431 407
5431 410
5431 568
5431 989
5435 7205
5437 3647
5437 4369
5437 7130
5447 169
5447 982
5447 984
5447 985
5447 1042
5447 1506
5447 2297
5447 5366
5452 1141
5553 147
5553 165
5553 263
5553 1534
5553 1614
5553 5366
5691 131
5691 171
5691 495
5691 568
5691 1255
5691 1504
5755 345
5755 407
5755 1056
5755 1057
5755 1593
5755 1971
5804 1593
5804 5755
5804 7443
5838 407
5838 566
5838 765
5838 1456
5838 1535
5838 1958
5838 3496
5885 147
5885 263
5885 1534
5885 1535
5885 1614
5885 2484
5885 5366
5885 7479
5888 170
5888 693
5888 1055
5888 1506
5888 5277
5894 2857
5894 6569
5894 7503
5894 7504
5942 407
5942 566
5942 765
5942 1456
5942 1535
5942 1958
5942 3496
5963 410
5963 538
5963 565
5963 765
5963 766
5963 867
5963 945
5963 1072
5963 1299
5978 1533
5978 4327
5978 4586
6008 127
6008 1535
6008 3496
6008 6137
6008 7574
6137 127
6137 171
6137 345
6137 1504
6137 2364
6178 1026
6178 6569
6178 7680
6178 7681
6221 170
6221 630
6221 695
6221 920
6221 945
6221 1255
6221 1971
6221 2975
6221 3469
6242 92
6242 127
6242 129
6242 130
6242 131
6242 1056
6242 1534
6242 1959
6244 129
6244 170
6244 345
6244 410
6244 763
6244 1055
6244 1057
6244 2096
6265 410
6265 630
6305 170
6305 636
6305 1550
6305 2234
6305 3609
6341 131
6341 220
6341 984
6341 1164
6341 1414
6341 1506
6341 2554
6341 6008
6421 165
6421 174
6421 407
6421 568
6421 695
6421 697
6421 698
6421 761
6421 1255
6443 131
6443 495
6519 958
6519 1544
6519 5067
6519 6784
6542 89
6542 2143
6542 2353
6542 4403
6542 5398
6568 263
6568 695
6568 920
6568 945
6568 1971
6568 2975
6568 3469
6568 4643
6648 7927
6648 7928
6648 7930
6688 90
6688 638
6688 867
6688 1056
6688 2034
6688 2975
6688 4643
6784 263
6784 630
6784 695
6784 867
6784 920
6784 945
6784 1056
6784 1971
6784 4643
6843 170
6843 761
6843 1053
6843 1056
6843 1765
6843 1971
6843 2096
6926 130
6926 2151
6926 8104
6968 263
6968 630
6968 695
6968 945
6968 1971
6968 2975
6968 4643
6968 7928
7010 345
7010 763
7010 867
7010 984
7010 1055
7010 6380
7020 630
7020 695
7020 920
7020 945
7020 1056
7020 1255
7020 1971
7020 2975
7020 3469
7035 171
7035 262
7035 345
7035 763
7035 867
7035 984
7035 1055
7035 1255
7035 2096
7039 3210
7039 3626
7039 3959
7039 8174
7130 566
7130 765
7130 889
7130 989
7130 1456
7130 1533
7130 1958
7228 1109
7228 3046
7228 3626
7228 8302
7270 168
7270 220
7270 566
7270 765
7270 889
7270 989
7270 1164
7270 6008
7325 171
7325 262
7325 345
7325 763
7325 867
7325 1055
7325 1255
7325 2096
7438 763
7438 1893
7438 2151
7479 5452
7489 129
7489 183
7489 505
7489 565
7489 568
7489 8436
7494 171
7494 262
7494 345
7494 763
7494 867
7494 984
7494 1055
7494 1255
7494 2096
7533 130
7533 407
7533 695
7533 761
7533 1506
7533 1905
7533 1958
7533 2710
7564 131
7564 165
7564 168
7564 989
7564 1164
7564 1506
7564 1533
7596 187
7596 407
7596 761
7596 1506
7596 1905
7596 1958
7596 2710
7681 129
7681 147
7681 696
7681 982
7681 1055
7681 4709
7733 1613
7733 2188
7733 4394
7733 5067
7733 8607
7738 1041
7738 2432
7738 2440
7738 3529
7738 7438
7738 8608
7738 8609
7739 920
7739 2002
7739 3469
7739 7503
7739 8610
7741 130
7741 262
7741 407
7741 495
7741 695
7741 1905
7741 2342
7741 3861
7741 3978
7741 8614
7781 7479
7781 8626
7781 8627
7781 8628
7855 131
7855 495
7855 568
7855 1409
7855 1504
7879 130
7879 345
7879 694
7879 696
7879 1055
7879 1456
7879 3060
7902 141
7902 407
7902 698
7902 1322
7902 8711
7922 3665
7922 5424
7922 8390
8060 130
8060 407
8060 566
8060 695
8060 761
8060 1506
8060 1905
8064 407
8064 1905
8064 6244
8104 147
8104 170
8104 171
8104 262
8104 693
8104 984
8104 1055
8127 174
8127 694
8127 696
8127 761
8127 762
8127 1055
8127 6078
8127 6079
8127 6080
8127 6081
8155 129
8155 147
8155 696
8155 982
8155 1055
8155 4709
8167 2002
8167 4641
8167 10522
8272 345
8272 566
8272 766
8272 1056
8272 1504
8272 1553
8279 565
8279 694
8279 2097
8279 3060
8279 3742
8381 130
8381 262
8381 407
8381 495
8381 695
8381 761
8381 1905
8381 2710
8381 9014
8390 263
8390 698
8390 1904
8390 2710
8390 8662
8481 129
8481 147
8481 696
8481 982
8481 1055
8481 4709
8552 170
8552 171
8552 345
8552 410
8552 763
8552 1055
8552 1057
8552 2096
8589 591
8589 2568
8589 6305
8628 1055
8628 1056
8628 1164
8628 1373
8628 2364
8628 2484
8628 3060
8628 6735
8656 851
8656 3132
8656 9193
8656 9194
8656 9195
8686 147
8686 696
8686 1333
8686 5276
8732 407
8732 566
8732 695
8732 1905
8732 2432
8732 9272
8860 129
8860 696
8860 790
8860 1055
8860 6735
8866 127
8866 130
8866 495
8866 566
8866 695
8866 761
8866 1506
8866 1905
8866 1958
8866 2710
8965 986
8965 6519
8965 9438
9010 168
9010 345
9010 766
9010 1056
9010 1255
9010 1504
9010 1971
9010 2364
9101 171
9101 410
9101 790
9101 1056
9101 1504
9101 3060
9102 3418
9102 3861
9102 9539
9151 171
9151 410
9151 630
9151 1057
9151 2096
9151 4867
9193 171
9193 565
9193 1534
9193 1537
9193 1550
9193 2115
9193 2365
9193 3060
9195 6008
9202 263
9202 1535
9202 8662
9440 4099
9440 4327
9440 9741
9440 9742
9440 9743
9531 4116
9531 4745
9531 6755
9531 9800
9539 9803
9567 591
9567 890
9567 4403
9567 6221
9567 9829
9567 9830
9571 129
9571 168
9571 410
9571 695
9571 1055
9571 1164
9571 1537
9571 1971
9603 168
9603 410
9603 1537
9603 1971
9652 171
9652 1534
9652 3060
9652 9897
9660 127
9660 168
9660 565
9660 1535
9660 1537
9683 1144
9683 4369
9683 4649
9683 9194
9683 10222
9743 5894
9743 9970
9743 9971
9756 958
9756 9976
9756 9977
9756 9978
9772 129
9772 168
9772 695
9772 1055
9772 1164
9772 1537
9772 1971
9775 565
9775 2710
9775 3934
9775 9970
9800 1223
9800 5553
9800 10002
9800 10003
9803 2188
9803 10010
9803 10012
9888 6755
9947 168
9947 345
9947 566
9947 766
9947 1056
9947 1504
9947 1971
9947 2364
9965 168
9965 766
9965 1904
9976 10145
9977 10146
10012 958
10051 345
10051 982
10051 1055
10051 2365
10051 4606
10131 131
10131 168
10131 495
10131 566
10131 763
10131 989
10131 1534
10131 10639
10140 2364
10140 7188
10145 2811
10145 3812
10145 4973
10149 127
10149 693
10149 1299
10149 1353
10149 1456
10149 1905
10149 2096
10156 9971
10156 10283
10156 10284
10165 129
10165 168
10165 695
10165 1055
10165 1164
10165 1537
10165 1971
10194 147
10194 407
10194 505
10194 763
10194 889
10194 989
10345 165
10345 345
10345 982
10345 1055
10345 2096
10345 2365
10345 4606
10445 1981
10445 5424
10445 7188
10445 10522
10468 1164
10468 1537
10468 1971
10530 345
10530 1164
10530 2096
10546 345
10546 867
10546 1504
10546 2096
10546 2365
10546 4606
10562 171
10562 505
10562 1550
10562 1971
10562 2364
10562 3060
10580 345
10580 1055
10580 1614
10580 2096
10580 2365
10580 4606
10639 147
10639 407
10639 505
10639 763
10639 766
10639 867
10639 889
10639 989
10642 147
10642 407
10642 505
10642 763
10642 766
10642 867
10642 1614
10752 5711
10752 6244
10752 6688
10752 8934
10752 10781
10753 2342
10753 6244
10753 6688
10753 8934
10753 10781
10753 10782
10787 168
10787 566
10787 698
10787 867
10787 989
10787 1534
10787 1905
10787 2364
10787 6008
10809 168
10809 989
10809 1164
10809 1534
10809 1905
10809 2364
10820 130
10820 171
10820 984
10820 1904
10820 4643
