33 0
79 1
83 2
185 7
266 10
302 11
455 3
458 22
467 39
521 40
530 41
575 46
588 47
590 56
598 57
602 58
648 61
650 65
704 81
718 82
723 117
727 124
738 125
785 68
895 103
998 126
1013 8
1016 9
1025 130
1102 135
1108 136
1135 140
1153 142
1178 143
1216 144
1230 66
1247 145
1392 155
1397 23
1412 156
1472 161
1488 168
1514 12
1517 15
1518 20
1519 21
1530 169
1554 24
1558 37
1559 38
1609 150
1660 171
1663 79
1681 172
1788 173
1800 42
1802 43
1803 44
1804 45
1840 55
1962 67
1972 90
1979 62
1980 63
1982 64
2008 59
2012 60
2017 77
2026 70
2028 163
2035 175
2069 16
2073 177
2098 195
2120 214
2139 80
2199 83
2201 84
2202 85
2204 89
2206 116
2210 123
2213 118
2245 215
2290 13
2310 216
2332 48
2555 217
2569 17
2613 223
2614 164
2636 224
2644 225
2699 226
2773 229
2807 128
2808 129
2836 232
2838 119
2856 237
2867 238
2870 283
2895 284
2915 233
2938 131
2939 132
2940 134
3007 137
3008 138
3009 139
3036 196
3048 288
3052 293
3063 294
3088 53
3090 141
3123 295
3134 302
3168 91
3202 304
3276 157
3318 308
3324 309
3330 190
3350 158
3363 313
3365 315
3388 316
3391 331
3411 300
3455 332
3479 148
3480 149
3481 152
3482 153
3483 154
3522 254
3578 6
3584 159
3586 160
3592 202
3596 165
3597 166
3598 72
3600 167
3635 334
3640 335
3656 336
3658 4
3660 14
3662 18
3663 19
3685 263
3794 337
3823 340
3857 348
3860 78
3864 170
3892 352
3894 353
3916 355
3922 356
3940 333
3945 357
3946 358
3957 362
3963 5
4041 54
4078 220
4120 363
4126 367
4206 25
4216 296
4230 94
4241 203
4293 71
4294 76
4304 69
4306 162
4323 174
4348 303
4367 176
4380 241
4422 204
4423 211
4424 212
4427 213
4429 359
4477 368
4514 92
4515 93
4516 115
4524 370
4527 120
4528 121
4529 122
4536 286
4550 372
4585 377
4611 246
4677 127
4679 379
4681 290
4714 317
4744 398
4750 258
4758 247
4788 185
4811 400
4837 291
4947 282
4975 221
4976 205
4978 222
4980 404
4985 405
4993 227
5007 406
5032 344
5107 407
5125 228
5149 253
5200 399
5211 414
5238 251
5271 364
5300 133
5317 384
5333 49
5335 416
5368 287
5370 292
5385 199
5386 423
5389 207
5411 50
5418 51
5419 52
5428 425
5429 431
5468 386
5471 301
5521 314
5547 418
5613 305
5615 307
5618 189
5619 371
5627 374
5628 432
5642 383
5654 310
5655 311
5656 312
5657 208
5682 330
5709 433
5718 197
5723 297
5726 299
5740 206
5766 146
5767 147
5775 151
5787 434
5793 360
5794 435
5827 436
5840 200
5841 201
5873 438
5877 249
5884 106
5898 318
5905 349
5918 439
5954 442
6006 239
6007 388
6049 234
6051 338
6052 339
6082 345
6085 346
6086 347
6094 443
6108 218
6109 350
6110 351
6122 322
6123 354
6147 458
6176 361
6208 279
6255 459
6274 219
6301 461
6304 385
6326 366
6334 387
6409 242
6436 73
6437 74
6438 75
6462 243
6487 369
6500 341
6550 209
6552 210
6560 412
6573 380
6581 462
6583 463
6623 413
6636 114
6655 285
6696 396
6697 375
6698 376
6703 464
6724 465
6747 378
6749 280
6751 289
6793 415
6804 397
6859 382
6900 281
6911 102
6920 466
6944 342
6946 343
6961 468
6971 469
6989 470
7003 240
7017 472
7018 252
7109 250
7129 473
7169 444
7174 257
7176 198
7177 417
7178 422
7194 424
7196 429
7197 430
7230 478
7233 437
7255 479
7283 480
7322 306
7324 373
7331 481
7361 475
7372 323
7373 324
7375 329
7424 482
7433 487
7445 298
7482 95
7483 100
7484 101
7485 105
7488 327
7492 235
7495 236
7499 489
7511 264
7535 483
7539 440
7540 441
7541 492
7589 494
7600 495
7636 319
7637 320
7638 321
7691 271
7692 278
7705 496
7771 365
7776 497
7800 86
7801 460
7808 485
7829 499
7874 500
7885 504
7894 393
7943 87
7947 508
7957 510
7959 395
7994 409
7995 513
8000 255
8062 381
8063 26
8123 467
8152 272
8163 471
8179 245
8183 181
8185 267
8219 88
8248 514
8269 419
8270 420
8271 421
8276 256
8285 426
8286 427
8288 428
8307 244
8318 389
8364 474
8370 325
8371 326
8372 328
8401 276
8407 486
8408 97
8432 98
8433 99
8434 104
8437 516
8438 488
8459 517
8468 490
8469 491
8501 493
8519 410
8528 518
8564 519
8573 520
8575 277
8581 270
8596 248
8617 521
8643 484
8653 498
8668 523
8675 188
8695 503
8696 390
8697 391
8698 392
8717 262
8741 505
8742 507
8743 445
8745 525
8751 526
8760 394
8766 509
8775 511
8776 512
8778 531
8802 549
8821 552
8835 554
8937 178
8938 193
8939 194
8960 411
8974 448
8975 555
9002 563
9027 273
9028 274
9029 275
9031 96
9042 515
9079 564
9094 568
9135 268
9136 269
9152 192
9153 260
9154 179
9175 569
9211 522
9222 501
9225 502
9229 186
9259 261
9262 572
9276 450
9277 524
9278 506
9292 527
9293 529
9294 530
9302 546
9303 547
9304 548
9311 550
9312 551
9323 553
9359 565
9360 566
9361 567
9399 574
9406 533
9418 575
9422 576
9439 408
9454 556
9455 559
9456 560
9457 561
9458 562
9468 578
9490 266
9500 581
9503 584
9516 107
9517 31
9518 108
9519 113
9560 585
9570 191
9628 452
9630 570
9631 571
9634 587
9636 449
9647 528
9653 588
9654 532
9655 544
9656 545
9658 589
9666 594
9669 230
9673 579
9687 180
9700 609
9702 612
9709 617
9716 573
9727 265
9734 619
9744 535
9754 557
9757 558
9767 577
9785 580
9788 582
9789 583
9791 110
9792 111
9793 112
9844 599
9853 259
9856 620
9874 615
9879 447
9880 451
9887 586
9898 542
9899 543
9900 476
9906 590
9907 539
9908 593
9932 610
9933 611
9934 595
9935 28
9936 605
9937 606
9938 607
9939 608
9940 616
9967 618
9968 621
9973 534
9974 36
9997 109
10007 623
10009 622
10019 624
10022 183
10026 625
10031 401
10032 402
10034 403
10072 627
10084 29
10085 541
10090 536
10091 537
10092 538
10093 591
10094 592
10105 613
10106 614
10118 598
10119 604
10133 628
10142 30
10144 35
10159 477
10172 182
10179 629
10229 626
10240 596
10241 540
10259 597
10268 630
10277 32
10278 33
10279 34
10280 638
10281 603
10282 27
10295 187
10305 600
10368 635
10369 637
10370 601
10371 602
10403 646
10431 634
10432 636
10440 639
10450 647
10463 653
10479 644
10488 184
10490 640
10491 645
10510 446
10511 456
10512 457
10519 631
10521 650
10524 632
10525 633
10535 651
10537 652
10555 643
10559 656
10581 453
10582 454
10583 455
10592 648
10593 649
10595 657
10597 661
10611 641
10612 642
10620 654
10621 655
10649 660
10650 658
10653 662
10682 659
10713 231
10727 663
10771 668
10783 669
10792 664
10793 665
10794 666
10795 667
10827 678
10830 679
10835 671
10837 677
10838 670
10842 672
10843 676
10852 673
10853 674
10854 675
