0 1
0 3
0 5
0 6
0 7
0 8
0 10
1 13
1 14
1 15
3 20
3 21
3 22
3 24
3 25
3 26
3 27
3 28
8 31
8 32
8 34
8 35
8 36
8 37
10 141
10 142
10 143
14 4524
14 6016
14 7040
20 50
20 52
20 55
20 56
20 59
21 22
21 62
21 63
21 64
21 65
21 68
25 98
25 99
25 100
25 104
25 105
25 107
26 91
26 93
26 96
26 97
62 13
62 178
62 179
62 180
65 178
65 197
65 200
65 201
65 202
65 204
75 3
75 6
75 216
75 221
91 251
91 252
91 257
93 107
93 284
93 287
93 290
96 333
96 334
96 338
96 339
96 341
97 27
97 142
97 502
97 742
97 872
97 873
97 879
97 880
97 881
97 883
99 105
99 324
99 325
99 327
99 329
99 332
107 2981
107 6479
107 8842
107 8843
107 8844
121 480
121 485
121 487
121 488
121 489
141 502
141 503
141 511
180 650
180 651
180 652
192 684
192 690
192 691
200 727
200 729
200 732
200 733
201 737
201 738
201 740
201 742
221 784
251 863
251 864
251 865
251 866
252 500
252 866
252 894
252 899
287 324
287 332
287 1059
287 1060
287 1064
327 324
327 801
327 1177
423 221
423 1407
423 1408
423 1412
423 1413
428 251
428 533
428 1442
428 1443
428 1447
480 290
480 503
480 801
480 1569
480 1570
485 1709
485 1711
487 287
487 544
487 1587
487 1589
487 1590
489 325
489 544
489 1160
489 1593
489 1594
489 1596
498 1044
498 1606
498 1609
498 1611
511 1407
528 290
528 742
528 1831
533 1136
533 1681
533 1684
533 1685
535 422
535 1688
535 1690
535 1691
535 1693
535 1695
556 539
556 1737
556 1739
556 1740
556 1741
577 332
577 1792
577 1793
577 1794
577 1796
593 2152
603 469
603 544
603 1160
603 1868
603 1869
603 1871
632 93
632 180
632 1185
632 1946
632 1947
650 1979
650 1980
650 1981
671 469
671 1751
671 2023
671 2026
671 2027
671 2028
671 2029
684 50
684 2061
684 2062
684 2063
684 2066
684 2067
684 2068
691 1739
691 2106
691 2109
691 2110
691 2111
703 796
703 2129
703 2133
703 2134
703 2135
703 2136
706 100
706 2145
706 2147
706 2148
706 2149
706 2150
727 454
727 1979
727 2210
727 2211
727 2213
729 1159
729 2214
729 2215
729 2216
729 2219
729 2220
740 1426
740 2214
740 2215
740 2225
740 2228
811 22
811 1393
811 2346
811 2347
811 2350
821 372
821 2376
821 2377
821 2378
850 1819
850 2445
850 2447
850 2448
850 2449
850 2452
856 334
856 2514
862 13
862 216
862 1711
862 2504
864 257
864 1347
865 993
865 2260
865 2442
865 2508
865 2511
866 1426
866 2524
866 2526
866 2529
894 2582
925 105
925 1278
925 2625
925 2626
925 2627
1052 625
1052 2834
1052 2835
1052 2836
1052 2838
1052 2839
1052 2840
1107 290
1107 1690
1107 2955
1107 2957
1107 2959
1113 1852
1113 2960
1113 2961
1113 2963
1113 2964
1113 2965
1151 3050
1151 3051
1151 3053
1153 703
1153 2290
1153 2569
1159 2999
1159 3068
1159 3069
1159 3071
1159 3072
1169 93
1169 180
1169 1185
1169 1946
1169 1947
1169 3065
1169 3067
1177 380
1177 3072
1177 3097
1185 500
1185 542
1185 2426
1185 3107
1188 200
1188 454
1188 964
1188 3648
1188 3734
1188 3898
1188 6647
1188 7022
1236 454
1236 650
1236 1368
1236 3194
1236 3195
1241 1347
1241 3143
1241 3200
1241 3201
1241 3202
1334 503
1334 533
1334 732
1334 801
1334 1029
1339 221
1339 498
1339 3339
1339 3340
1339 3341
1347 3346
1347 3347
1347 3348
1347 3350
1352 6
1352 1868
1352 2508
1359 894
1359 1946
1359 1947
1359 2486
1359 3067
1359 3373
1363 796
1363 2504
1363 3201
1363 3381
1368 1654
1368 3383
1368 3385
1368 3386
1380 1309
1380 1442
1380 2511
1380 3272
1392 588
1392 2069
1392 3478
1392 3479
1392 3480
1392 3481
1392 3482
1392 3483
1393 3467
1393 3468
1393 3471
1393 3472
1401 1442
1401 2761
1401 2922
1401 3487
1443 894
1443 993
1443 3543
1443 3545
1465 5
1465 1871
1465 2818
1465 2904
1465 3222
1465 3572
1465 3573
1465 3574
1472 1393
1472 3065
1472 3276
1472 3350
1472 3582
1472 3584
1472 3586
1488 2028
1488 2614
1488 3482
1488 3596
1488 3598
1488 3600
1512 1426
1512 1737
1512 3654
1512 3655
1512 3656
1517 503
1517 1408
1517 2290
1517 3661
1518 2069
1518 2511
1518 2569
1518 3385
1518 3663
1556 37
1556 503
1556 2906
1556 3722
1589 329
1589 1160
1589 3748
1589 3749
1589 3751
1590 2421
1590 2963
1590 3755
1590 3756
1590 3757
1596 2955
1596 3065
1596 3776
1596 3777
1596 3778
1596 3779
1596 3780
1611 1447
1611 3796
1611 3798
1640 459
1640 2145
1640 3811
1640 3835
1685 454
1685 964
1685 1740
1685 2445
1685 3898
1688 3
1688 732
1688 1352
1688 2376
1688 3893
1688 3894
1688 3896
1691 2150
1691 3562
1691 3901
1691 3902
1711 1236
1711 1368
1711 1751
1711 3918
1711 3919
1711 3921
1720 2211
1720 3000
1720 3947
1720 3948
1721 7
1721 469
1721 3722
1721 3950
1721 3951
1739 796
1739 5616
1739 5835
1739 7189
1740 455
1740 1037
1740 3798
1740 3898
1740 3964
1793 3069
1793 3072
1793 4134
1793 4135
1794 3482
1794 6327
1794 6555
1794 7926
1796 1570
1809 380
1809 2216
1809 4052
1819 27
1819 863
1819 872
1819 879
1819 880
1819 3084
1819 4062
1887 1946
1887 1947
1887 2486
1887 3065
1887 3067
1887 3373
1888 1037
1946 4207
2017 1962
2017 2026
2017 4292
2017 4293
2017 4294
2023 1868
2023 3951
2023 4268
2023 4314
2026 785
2026 2147
2026 2256
2027 7
2027 22
2027 625
2027 2029
2027 2840
2027 2961
2027 3246
2028 329
2028 3340
2028 3478
2028 3761
2056 93
2056 180
2056 1946
2056 3065
2056 4346
2056 4347
2061 4500
2061 4501
2061 4502
2062 1153
2062 3582
2062 4354
2062 4355
2062 4356
2063 1267
2063 3354
2063 3648
2063 4357
2063 4358
2063 4359
2063 4360
2066 488
2066 2068
2067 539
2067 1740
2067 3850
2077 1278
2077 2346
2077 3950
2077 4371
2077 4372
2084 732
2084 2566
2084 2646
2084 2931
2084 4392
2111 1267
2111 1741
2111 2275
2111 4357
2111 4358
2111 4360
2111 4433
2120 1087
2120 4241
2120 4422
2120 4424
2120 4425
2120 4426
2124 459
2124 1169
2124 2216
2124 4356
2133 4539
2135 2685
2135 2771
2135 2955
2135 4173
2135 4443
2135 4444
2145 3468
2145 4473
2145 4474
2145 4475
2148 4466
2149 75
2149 1408
2149 4087
2206 1972
2206 2211
2206 3168
2206 3835
2206 4514
2206 4515
2206 4516
2207 1060
2207 4517
2207 4518
2210 2213
2210 2838
2210 3798
2210 4527
2210 4528
2210 4529
2210 4530
2220 6
2220 1962
2220 3000
2220 4537
2220 4538
2232 99
2232 4357
2232 4358
2232 4359
2244 98
2244 466
2244 3511
2244 3950
2244 4646
2244 4647
2244 4648
2247 93
2247 1185
2247 1946
2247 3065
2247 3067
2247 4346
2286 480
2286 865
2286 1589
2286 2625
2286 4087
2286 4600
2286 4602
2288 91
2288 2378
2288 2986
2288 7284
2336 1185
2336 2625
2336 3654
2336 4656
2346 856
2346 1136
2346 4668
2346 4669
2346 4671
2347 3269
2395 35
2395 2145
2395 4734
2395 4735
2395 4736
2421 3950
2448 1611
2448 2061
2448 2275
2448 3613
2448 4433
2448 4811
2452 652
2452 4355
2452 4537
2486 2499
2486 9529
2492 1962
2492 2819
2492 3584
2492 4371
2492 4852
2492 4853
2504 593
2504 1347
2504 2152
2504 2904
2520 3683
2520 4238
2520 4475
2520 4911
2526 964
2526 4891
2526 4892
2526 4893
2526 4894
2526 4895
2526 4896
2526 4897
2526 4898
2526 4899
2535 180
2535 1185
2535 1946
2535 3065
2535 3067
2535 3373
2613 466
2613 602
2613 3330
2613 4975
2613 4977
2613 4978
2626 4986
2626 4987
2626 4988
2631 13
2631 26
2631 329
2631 2260
2631 3893
2631 5002
2647 2799
2681 894
2681 3354
2681 3481
2681 5050
2681 5052
2681 5053
2690 105
2690 1611
2690 4534
2690 4776
2690 5059
2771 1188
2774 52
2774 252
2774 1352
2774 4958
2818 2010
2819 3354
2819 5193
2819 5195
2835 602
2835 1751
2835 1962
2835 5207
2835 5208
2836 5425
2836 9669
2836 10713
2840 784
2840 4698
2840 5207
2840 5210
2840 5211
2843 25
2843 1151
2843 1868
2843 2350
2843 4853
2843 4868
2904 2931
2904 3156
2904 4986
2904 5263
2904 5264
2904 5265
2906 459
2906 2765
2906 3478
2906 4999
2922 2232
2922 5280
2922 5281
2922 5284
2931 1620
2931 3068
2931 4052
2931 6352
2963 459
2963 3071
2963 4518
2963 4853
2963 5310
2963 5311
2965 2145
2965 4656
2965 5312
2965 5313
2986 1087
2986 2955
2986 3755
2986 7345
2999 178
2999 2961
2999 3340
2999 5335
2999 5336
2999 5338
2999 5339
3000 121
3000 3210
3000 5348
3009 200
3009 998
3009 3065
3009 5344
3009 5345
3019 5179
3065 200
3065 1751
3065 5387
3084 1570
3084 5404
3084 5405
3143 3568
3143 4721
3143 5481
3143 5483
3156 1800
3156 3755
3156 5488
3156 5489
3161 91
3161 2799
3161 4602
3161 5405
3161 5486
3164 488
3164 684
3164 1593
3164 1606
3164 2062
3164 2068
3164 4501
3164 5504
3202 1962
3202 3483
3202 5405
3210 733
3210 850
3210 9301
3210 9491
3210 9492
3220 2646
3220 3835
3220 6779
3220 9271
3220 9299
3220 9300
3222 15
3222 3373
3222 4425
3222 5982
3257 2090
3257 3072
3257 3272
3257 5562
3269 1099
3297 3898
3297 4529
3297 5587
3318 52
3318 2566
3318 3168
3318 5613
3318 5614
3318 5615
3318 5616
3330 738
3330 3490
3330 5618
3341 598
3346 143
3346 3246
3346 5630
3346 5631
3350 2504
3373 2819
3373 2835
3373 4194
3373 5195
3373 5662
3373 5663
3377 1606
3377 5688
3377 5689
3377 5690
3386 577
3386 3722
3386 5526
3386 5681
3406 2626
3406 4987
3406 5700
3436 2452
3436 5733
3436 5734
3436 5735
3455 201
3455 3654
3455 5738
3455 5739
3468 4135
3468 5151
3468 5752
3468 5753
3471 2922
3471 5421
3471 5422
3477 658
3477 1620
3477 4052
3477 5402
3477 5764
3479 1701
3479 3919
3479 5002
3479 5768
3481 498
3481 1609
3481 1611
3481 4293
3481 4589
3481 5775
3487 99
3487 4975
3487 5184
3487 5776
3487 5778
3487 5779
3511 5793
3542 1267
3542 1741
3542 2820
3542 4028
3542 4358
3542 4359
3554 993
3554 1278
3554 2421
3554 4698
3554 5572
3554 5812
3562 200
3562 5310
3562 5821
3562 5822
3562 5823
3565 1254
3565 2068
3565 4437
3572 372
3572 383
3572 1359
3572 4203
3572 4960
3574 35
3574 3811
3574 5483
3574 5827
3581 1241
3581 5779
3581 5834
3581 5835
3586 2347
3636 3084
3636 3565
3636 5873
3636 5875
3656 1185
3656 3551
3656 3584
3656 5898
3734 1680
3734 4497
3734 5948
3734 5949
3748 329
3748 1962
3748 5002
3757 422
3757 454
3757 1741
3757 5820
3757 5980
3757 5981
3761 1267
3761 2447
3761 3163
3761 3246
3761 3776
3761 4062
3761 4119
3761 4125
3761 4272
3761 5735
3761 5985
3761 5986
3761 5987
3761 5988
3780 34
3780 35
3780 36
3780 4804
3798 498
3798 5387
3798 5739
3798 6019
3850 4949
3850 6073
3859 2904
3859 3490
3894 6111
3901 511
3901 1254
3916 511
3916 4975
3916 5617
3916 6122
3916 6123
3918 1809
3918 6124
3918 6127
3919 192
3919 3850
3919 4729
3919 6143
3919 6144
3947 1099
3947 1309
3947 1868
3947 5733
3964 6179
3988 200
3988 204
3988 1401
3988 4856
3988 5781
3988 5902
4006 26
4006 1309
4006 2260
4006 3385
4125 74
4125 3798
4125 4530
4125 6327
4137 1623
4137 1888
4137 5412
4137 6334
4137 6335
4167 1868
4173 5336
4173 5614
4173 5615
4173 6366
4190 34
4190 35
4190 528
4190 3386
4190 4392
4190 5949
4194 52
4194 879
4194 1690
4194 2029
4194 3798
4268 2378
4268 4537
4268 4628
4268 6127
4268 6419
4294 3598
4294 6299
4294 6436
4294 6437
4294 6438
4354 1751
4354 1946
4354 3065
4354 5344
4355 3655
4355 6478
4355 6479
4356 178
4356 1151
4356 1680
4356 4293
4356 5562
4356 6475
4356 6476
4425 4012
4425 4988
4425 6546
4425 6547
4425 6548
4426 290
4426 5345
4426 5966
4426 6543
4433 151
4437 3009
4437 4347
4473 204
4473 2244
4473 3385
4473 4497
4475 5572
4475 6573
4475 6574
4505 4717
4505 6623
4505 6624
4505 6626
4505 6627
4505 6630
4506 98
4506 1151
4506 1701
4506 4960
4506 5985
4506 6429
4506 6635
4516 99
4516 703
4516 1794
4516 3663
4516 3798
4516 4703
4516 6636
4524 201
4524 1962
4524 3069
4524 6646
4524 6647
4530 4729
4530 5631
4530 6651
4534 121
4534 2068
4534 3780
4534 4736
4534 5504
4534 6652
4534 6653
4538 99
4538 6656
4538 6657
4538 6658
4538 6659
4538 6660
4589 428
4589 4804
4628 1981
4628 3210
4628 6230
4628 6249
4648 925
4648 1107
4648 2010
4648 5587
4648 6647
4713 2066
4713 2288
4713 4203
4713 6744
4713 6773
4713 6774
4713 6776
4713 6777
4717 2447
4717 6627
4717 6781
4717 6782
4729 6143
4729 6781
4729 6795
4729 6796
4729 6797
4804 1514
4804 6829
4811 216
4811 603
4811 3482
4811 3598
4852 1107
4852 6773
4852 6863
4852 6864
4868 593
4868 2017
4878 75
4878 257
4878 1871
4878 5690
4949 4397
4949 5873
4949 6902
4949 6903
4958 329
4960 15
4960 93
4960 5768
4969 65
4969 3258
4969 4096
4969 4422
4977 3019
4977 3601
4977 4354
4977 4735
4977 5821
4987 2090
4987 7122
4987 7152
4987 7421
4987 8344
4987 8345
4988 2133
4988 5779
4988 6922
5049 1107
5049 3756
5049 4868
5049 6952
5052 6886
5111 970
5111 2447
5111 3565
5111 6978
5117 5339
5147 26
5147 202
5147 6614
5147 7016
5147 7017
5151 1151
5175 742
5175 2904
5175 2959
5175 3385
5175 3902
5175 5880
5175 7067
5184 52
5184 1701
5184 2492
5184 5917
5184 7054
5193 2836
5207 658
5210 2864
5211 2232
5211 3946
5211 6560
5211 6623
5264 3381
5264 7134
5276 598
5276 785
5276 3859
5276 7121
5276 7122
5284 4868
5284 5338
5284 5630
5284 6456
5310 3377
5310 4538
5310 7148
5335 727
5335 2213
5335 2290
5335 3084
5373 1701
5373 4028
5373 7169
5402 1408
5402 2211
5402 2997
5402 3661
5402 7185
5412 5614
5425 542
5425 593
5425 4505
5425 6570
5425 7193
5488 4238
5488 6897
5488 7220
5515 589
5515 3859
5515 4958
5515 6991
5515 7233
5517 107
5517 3065
5517 3901
5517 7237
5534 3347
5534 3348
5534 7246
5534 7247
5534 7248
5581 3565
5581 7344
5581 7345
5587 7276
5597 3584
5615 2207
5615 2959
5615 7322
5616 899
5616 3222
5616 4987
5616 7323
5617 221
5617 544
5617 1339
5617 1711
5617 1828
5617 2621
5617 3568
5617 3613
5617 4703
5617 5488
5617 5793
5617 6479
5617 6614
5617 6652
5617 6744
5617 7014
5617 7318
5617 7328
5617 7362
5617 7364
5617 7367
5627 141
5627 544
5627 998
5627 3490
5627 7324
5630 1589
5630 6479
5630 7328
5630 7329
5631 993
5631 2447
5631 2765
5631 3071
5631 4293
5631 7334
5662 325
5662 3893
5662 3946
5663 3097
5663 4028
5663 4052
5663 6352
5671 2904
5682 6122
5682 7372
5682 7373
5682 7375
5690 856
5690 1794
5690 3019
5690 5387
5690 6729
5702 200
5702 1809
5702 7152
5702 7391
5702 7392
5702 7393
5712 544
5712 3683
5712 4703
5712 7395
5712 7396
5733 6441
5733 6897
5733 6991
5734 7404
5752 7412
5768 5534
5768 7421
5771 75
5771 500
5771 2625
5771 5690
5779 329
5779 2133
5779 4268
5779 7424
5812 1741
5820 6779
5820 7446
5820 7447
5820 7448
5820 7449
5820 7450
5821 2577
5821 6781
5821 7392
5827 2836
5873 2836
5873 4811
5873 7233
5873 7453
5880 7478
5891 7491
5954 3007
5954 4529
5954 4975
5954 7372
5954 7373
5954 7539
5954 7540
5980 93
5980 703
5980 4722
5980 7437
5981 706
5981 1709
5981 2931
5981 7561
5981 7562
6073 6978
6094 454
6094 727
6094 998
6094 2799
6111 5331
6122 1037
6122 3584
6122 4717
6122 5898
6122 7636
6122 7638
6131 1654
6131 2499
6131 3455
6131 6549
6131 7643
6131 7644
6143 3250
6143 3297
6143 3482
6143 7652
6143 7653
6154 455
6154 3780
6154 7661
6154 7663
6154 7664
6180 1623
6180 6334
6180 7678
6230 3901
6230 3991
6230 4999
6230 5339
6230 5891
6230 7707
6230 7708
6294 588
6294 7439
6294 7749
6299 423
6299 970
6299 1408
6299 7753
6335 864
6335 6820
6335 7777
6335 7778
6335 7780
6360 593
6360 742
6360 2499
6360 3991
6360 7798
6360 7799
6369 1711
6369 3068
6369 7802
6419 2520
6441 7846
6444 1666
6444 3761
6444 6180
6444 7719
6479 801
6479 2514
6479 3811
6479 5284
6482 2621
6482 7597
6482 7883
6516 3258
6516 4059
6516 5050
6516 6657
6516 7334
6516 7881
6540 34
6540 121
6540 3386
6540 7895
6540 7896
6543 535
6543 866
6543 1087
6543 4987
6543 7897
6549 99
6549 423
6549 3565
6549 7832
6549 7899
6560 7994
6560 8519
6560 8660
6560 8679
6560 8960
6581 1278
6581 4241
6581 4975
6616 6419
6616 6479
6616 7920
6621 202
6630 5966
6636 8313
6636 9516
6636 9517
6636 9518
6647 325
6647 864
6647 2504
6647 3069
6647 3324
6656 35
6656 1556
6656 3164
6656 5949
6656 7067
6656 7931
6656 7933
6657 13
6657 3901
6657 7400
6657 7935
6732 7708
6757 593
6757 2820
6757 7708
6774 14
6774 5663
6774 5820
6774 8002
6776 99
6782 7778
6829 333
6829 7016
6829 7677
6829 8032
6859 2836
6859 5543
6859 6573
6859 8062
6863 1739
6863 2964
6863 5820
6863 6646
6863 8066
6863 8067
6886 680
6886 4096
6886 7994
6886 7995
6921 7008
7008 970
7008 8147
7008 8149
7017 3007
7017 3483
7017 3598
7017 8163
7040 31
7040 856
7040 1852
7040 2690
7040 4173
7040 8173
7067 1868
7067 2647
7067 8186
7067 8187
7067 8188
7067 8189
7092 98
7092 141
7092 2646
7092 8205
7092 8206
7121 2959
7121 4203
7121 8233
7121 8234
7127 2421
7127 2836
7127 3019
7127 5873
7127 8180
7134 327
7134 6335
7134 8242
7134 8243
7134 8244
7134 8245
7148 3341
7148 3780
7148 6531
7148 8252
7148 8254
7178 3324
7178 5821
7178 6560
7178 8269
7178 8270
7178 8271
7203 2511
7203 4736
7203 6352
7203 8019
7203 8292
7246 5949
7246 7329
7246 7446
7246 8313
7246 8314
7255 539
7255 3946
7255 8326
7299 1151
7299 4272
7299 8218
7299 8335
7299 8336
7318 7851
7318 8033
7318 9252
7318 9253
7318 9254
7318 9255
7318 9256
7367 3324
7375 3330
7375 6180
7375 8370
7375 8371
7395 796
7395 1408
7395 6543
7395 6859
7395 7532
7395 8376
7395 8377
7395 8378
7400 2864
7400 4203
7400 4698
7400 5284
7400 7983
7412 1852
7412 2062
7412 2350
7412 4241
7421 2864
7421 5284
7421 6864
7424 3483
7428 658
7428 1408
7428 2511
7428 4397
7428 8400
7428 8401
7428 8402
7428 8403
7428 8404
7439 8409
7439 8410
7439 8412
7453 2840
7453 3722
7453 7846
7453 8422
7453 8423
7508 3297
7508 3339
7508 4698
7508 5617
7508 8452
7508 8453
7510 1037
7510 1100
7510 2864
7510 3297
7510 7628
7597 202
7597 3948
7597 4502
7597 8502
7597 8503
7597 8504
7597 8505
7643 880
7643 1368
7643 3210
7643 3406
7643 6987
7661 55
7661 1796
7661 4689
7661 8554
7678 593
7678 1185
7678 2395
7678 3859
7678 6933
7678 8561
7692 1800
7692 8401
7692 8574
7692 8575
7707 3478
7707 5768
7707 6327
7719 3222
7719 3761
7719 5184
7719 8592
7753 3069
7787 329
7787 5405
7802 2864
7829 1412
7829 5662
7829 5771
7829 8653
7851 200
7883 10
7883 10080
7926 74
7926 2010
7926 2288
7926 3490
7926 5338
7942 121
7942 1593
7942 8739
7942 8740
7994 9439
7995 1412
7995 2145
7995 7373
7995 8776
8019 466
8019 2514
8019 8807
8020 8791
8020 8792
8020 8793
8033 329
8033 690
8033 5768
8033 7008
8033 7701
8033 8803
8053 598
8053 3859
8053 6933
8106 796
8106 1401
8106 8489
8106 8847
8106 8848
8106 8849
8106 8851
8197 200
8197 727
8197 993
8197 6016
8197 6352
8197 8914
8218 3568
8218 5195
8218 6479
8218 8375
8224 466
8224 1960
8224 2514
8224 3377
8224 4292
8224 8019
8224 8787
8224 8807
8242 8933
8243 93
8243 5821
8243 6294
8243 8935
8247 3572
8247 4628
8247 7983
8247 8842
8247 8936
8252 8940
8265 2028
8265 4524
8265 5331
8268 880
8268 1570
8268 2090
8268 5276
8268 7185
8268 8957
8268 8959
8292 8972
8292 8973
8326 883
8326 2288
8326 7446
8326 8813
8326 8986
8344 8997
8345 3339
8345 6000
8345 8999
8375 7661
8375 8793
8401 3276
8401 6646
8401 9027
8401 9028
8401 9029
8401 9030
8404 8936
8410 466
8410 6933
8410 7067
8410 7832
8415 252
8415 4419
8415 8843
8415 9002
8422 1334
8422 1401
8422 3554
8422 9034
8430 8019
8454 1151
8454 2981
8454 3210
8454 7193
8456 192
8456 542
8456 4238
8456 8247
8456 9054
8488 1100
8488 3835
8488 8791
8488 9078
8488 9079
8489 1962
8489 4052
8489 8265
8489 9054
8489 9072
8489 9074
8500 2486
8500 3811
8500 7942
8500 9089
8507 93
8507 1659
8507 2864
8507 3385
8516 93
8516 1659
8516 3385
8516 9100
8574 3601
8574 4703
8574 5572
8592 9138
8625 93
8625 577
8625 9163
8660 680
8660 1962
8660 3471
8660 9191
8660 9192
8739 970
8739 6000
8739 8679
8739 9269
8739 9270
8743 598
8743 2906
8743 4735
8743 7169
8743 9516
8743 9669
8762 2211
8762 3835
8762 7643
8762 9289
8787 1740
8787 2288
8787 9298
8791 200
8791 1796
8791 1960
8791 3377
8791 5405
8791 9301
8793 4804
8813 10081
8821 65
8821 2124
8821 2213
8821 7255
8821 9312
8843 31
8843 2211
8843 2486
8843 3835
8843 6551
8843 9330
8849 2997
8849 8489
8849 8813
8919 5735
8953 2145
8953 4419
8953 7994
8953 9426
8953 9427
8953 9428
8959 2511
8959 2981
8959 8625
8972 680
8972 2447
8972 2820
8972 9441
8973 338
8973 4516
8973 7753
8973 8679
8973 8914
8973 9443
8986 9447
9002 22
9002 1800
9002 3756
9002 9454
9002 9455
9002 9457
9002 9458
9012 894
9012 970
9012 3947
9012 7400
9012 9464
9012 9465
9018 469
9018 2010
9018 4857
9018 9470
9025 3071
9025 4437
9025 4969
9025 5617
9034 8625
9034 9481
9047 99
9047 6299
9047 7883
9047 9330
9054 8843
9054 9500
9092 339
9092 2062
9092 3210
9092 5050
9092 9532
9092 9533
9092 9534
9100 329
9100 577
9100 9535
9100 9537
9116 3222
9116 4238
9116 5581
9116 5966
9116 6154
9116 6779
9116 7008
9116 9553
9118 9554
9140 9138
9158 993
9158 2152
9158 7644
9158 8314
9158 9584
9163 1666
9163 4174
9163 5768
9163 9587
9191 1666
9191 3071
9224 423
9224 2986
9224 3478
9224 6299
9224 9613
9226 9621
9253 9252
9292 74
9292 488
9292 1593
9292 1962
9292 3663
9299 9301
9299 9651
9299 9653
9300 863
9300 2840
9300 3339
9300 5179
9300 6016
9366 652
9366 8409
9366 9534
9366 9691
9366 9692
9366 9694
9378 1408
9378 3598
9378 7883
9378 9252
9400 25
9400 2026
9400 4804
9400 5966
9400 9720
9418 602
9418 2152
9418 9079
9418 9732
9425 970
9425 7942
9425 9269
9425 9735
9441 4238
9443 2290
9455 602
9455 3921
9455 9754
9455 9755
9455 9757
9457 2395
9457 9573
9486 2647
9486 8247
9486 9755
9486 9782
9500 650
9500 1412
9500 1666
9500 9002
9500 9785
9534 99
9534 7122
9534 9801
9534 9802
9554 1347
9554 3991
9554 9378
9554 9824
9573 428
9573 2904
9573 6294
9573 9470
9573 9831
9628 4062
9628 4125
9628 5631
9628 9720
9628 9879
9639 652
9639 1606
9639 7677
9639 9300
9653 8776
9653 9454
9666 650
9666 1659
9666 2569
9666 8549
9666 9793
9666 9907
9666 9909
9692 2905
9692 7883
9692 9713
9692 9925
9720 1
9720 99
9720 4515
9720 7692
9720 9639
9720 9784
9720 9979
9720 9980
9720 9981
9720 9982
9723 993
9723 1871
9723 8409
9732 1278
9732 6154
9732 9226
9732 9961
9732 9962
9732 9963
9735 2215
9755 8314
9755 9975
9785 1606
9785 8019
9802 9464
9802 10000
9802 10001
9824 6646
9824 7122
9824 10015
9824 10016
9837 556
9837 863
9837 2997
9837 6810
9837 10026
9837 10027
9857 5873
9857 9492
9857 9639
9857 10040
9865 5
9865 1060
9865 1347
9865 3921
9865 10048
9865 10049
9869 9732
9869 9757
9869 9821
9896 200
9896 1960
9896 8813
9896 9271
9896 10080
9896 10081
9898 598
9898 727
9898 7169
9898 9669
9898 9907
9898 10084
9905 7255
9905 7400
9905 10086
9905 10087
9905 10088
9905 10089
9907 650
9907 5873
9907 8401
9907 10090
9907 10091
9907 10092
9909 466
9909 9821
9909 10095
9982 7008
10000 970
10000 2957
10000 2964
10000 4537
10000 10157
10000 10158
10016 10164
10026 3568
10026 3946
10026 6636
10081 65
10081 500
10081 7510
10081 8423
10144 8813
10144 9517
10144 10081
10144 10277
10144 10278
10144 10279
10167 459
10177 742
10177 2499
10177 6646
10177 8842
10280 216
10280 487
10280 8519
10280 10369
10328 7798
10369 4977
10369 8345
10369 9439
10369 10432
10403 588
10403 10489
10403 10490
10403 10491
10403 10492
10418 2931
10418 3487
10418 7439
10418 9869
10418 10495
10474 1153
10474 3648
10474 4628
10474 6327
10474 9857
10474 9975
10479 1514
10479 1623
10479 3568
10479 6334
10479 10555
10481 454
10481 5543
10481 10553
10489 9002
10489 10563
10489 10564
10491 1472
10491 10479
10507 2111
10507 10570
10507 10571
10507 10572
10507 10573
10507 10574
10507 10576
10553 3069
10553 3565
10553 5681
10553 10328
10553 10492
10555 2378
10555 2646
10555 4975
10555 10611
10563 0
10563 252
10563 9018
10564 9981
10574 589
10574 2068
10574 6531
10574 7008
10574 7692
10574 10418
10593 2028
10593 7719
10593 9118
10593 10507
10671 192
10671 7400
10671 10090
10671 10692
10671 10693
10671 10694
10729 1960
10736 1347
10736 4059
10736 5880
10736 8415
10736 9982
10736 10762
10739 8793
10739 10765
10739 10766
10739 10767
10754 703
10754 2211
10754 3568
10754 4174
10754 6327
10754 9455
10766 3482
10766 4355
10766 8625
10766 10789
10766 10791
10785 8313
10785 8516
10785 10808
10829 883
10829 8914
10829 10858
10858 6352
10858 8914
10858 9034
10858 10869
10858 10870
