38 117
38 118
38 122
38 124
38 126
60 184
76 206
76 208
76 209
76 210
76 211
76 212
76 214
87 208
87 242
87 243
87 244
87 247
87 248
118 368
118 369
118 370
118 373
118 376
118 377
122 415
122 416
122 417
122 418
124 419
124 420
124 421
124 425
124 426
126 244
126 957
176 640
176 641
176 643
176 644
176 645
184 667
184 668
184 669
184 672
192 684
192 685
192 686
192 689
192 690
206 641
206 756
206 760
231 1270
231 1271
231 1273
231 1274
236 256
236 836
236 838
236 840
236 841
242 669
242 783
242 852
244 669
244 957
244 1021
244 1023
247 1276
247 1277
247 1280
248 76
248 419
248 860
256 686
256 860
256 918
256 921
315 1161
315 1163
316 1147
331 1189
331 1191
331 1194
331 1195
369 1311
369 1312
369 1313
421 921
421 1420
421 1421
421 1422
421 1424
421 1426
426 1435
426 1436
426 1437
426 1438
576 1603
576 1789
604 373
604 3166
604 4204
604 4651
604 4653
641 1970
645 1974
660 134
660 2001
660 2003
660 2007
668 1435
668 2015
668 2016
669 2015
669 2050
669 2051
684 2066
684 2067
684 2068
685 2086
685 2087
685 2088
685 2089
685 2091
685 2092
685 2095
721 1458
721 2067
721 2189
721 2190
721 2193
756 1816
756 5684
756 6496
756 6725
760 2121
760 2379
792 604
792 1974
792 2325
792 2329
792 2330
838 415
838 2405
838 2406
838 2409
840 2420
840 2422
840 2426
840 2428
841 256
841 838
841 1421
841 2417
904 244
904 2409
904 2588
904 2589
904 2590
904 2591
904 2593
990 1312
990 2776
990 2777
990 2779
1015 323
1015 416
1021 2779
1021 2814
1021 2815
1021 2816
1021 2817
1052 625
1052 2834
1052 2837
1052 2839
1161 640
1161 1467
1161 2861
1161 3059
1194 1525
1194 3152
1194 3155
1194 3156
1195 644
1195 3116
1218 640
1218 3059
1246 1531
1246 3212
1246 3214
1274 319
1274 2059
1274 2078
1281 741
1281 860
1281 1246
1281 3235
1311 721
1311 1313
1311 1932
1311 3301
1313 2203
1313 3292
1348 256
1348 1467
1348 3351
1348 3356
1385 1932
1415 1754
1415 1974
1415 2659
1415 2848
1415 3498
1415 3500
1421 921
1421 2039
1421 2589
1421 3508
1421 3509
1422 319
1422 667
1422 1137
1422 3561
1422 3737
1444 243
1444 3531
1444 3532
1444 3533
1458 87
1458 2091
1458 3566
1458 3567
1459 176
1459 1137
1459 2393
1459 3561
1459 3563
1459 3564
1512 384
1512 1426
1512 3654
1512 3655
1512 3657
1525 124
1525 640
1525 1250
1525 1603
1525 3666
1633 921
1633 1816
1633 3844
1633 3845
1758 184
1758 1467
1758 4004
1847 1021
1847 1194
1847 3157
1847 3763
1847 3990
1932 192
1932 852
1932 3446
1932 3474
1932 3706
1974 3169
2001 316
2001 4049
2001 4270
2007 1932
2007 4288
2007 4289
2007 4290
2016 4351
2039 640
2039 3845
2039 4326
2039 4328
2050 3508
2050 4109
2050 4337
2066 488
2066 660
2066 2068
2067 1459
2067 3850
2078 885
2078 4374
2078 4375
2078 4376
2083 1603
2083 2007
2083 3990
2083 4381
2083 4383
2083 4384
2083 4386
2091 2086
2091 2087
2091 2088
2091 2089
2091 3876
2091 4431
2091 4432
2092 643
2092 644
2159 315
2159 2589
2159 4482
2203 1365
2203 4508
2203 4512
2250 3399
2323 756
2323 4542
2345 134
2345 4583
2345 4666
2345 4667
2379 2776
2393 3461
2393 4726
2393 4727
2393 4729
2393 4730
2400 1603
2400 2016
2400 4562
2400 4702
2400 4741
2400 4742
2406 134
2406 256
2409 4755
2409 4756
2417 860
2417 4770
2422 87
2496 625
2496 4259
2496 4858
2496 4859
2542 1365
2603 3461
2603 4328
2603 4562
2603 4961
2603 4963
2603 4964
2659 1365
2659 4532
2659 5021
2659 5022
2779 3474
2779 3903
2779 4320
2779 4727
2815 852
2815 1637
2815 3079
2815 5183
2815 5185
2816 1469
2816 2765
2816 5187
2816 5189
2816 5190
2816 5191
2851 885
2851 2051
2851 6676
2851 7991
2851 7992
2851 7993
2883 192
2883 5257
2883 5259
3115 431
3115 3441
3115 5448
3115 5449
3135 48
3135 236
3135 5465
3156 3755
3156 5489
3164 488
3164 672
3164 684
3164 2068
3164 5504
3212 1344
3212 2086
3212 2087
3212 2089
3212 2832
3212 4939
3212 5525
3217 1532
3217 2832
3217 5095
3217 5526
3217 5527
3285 669
3285 1156
3285 2190
3285 2941
3285 5206
3285 5579
3285 5581
3292 48
3292 243
3292 5021
3292 5229
3292 5582
3292 5584
3351 1218
3351 1532
3351 5632
3351 5633
3351 5634
3356 2589
3356 3351
3356 5633
3356 5641
3399 3649
3399 5336
3399 5695
3399 5696
3441 672
3441 2066
3441 3961
3441 5708
3453 741
3453 2323
3453 3737
3453 4356
3453 5741
3473 124
3473 2659
3473 5761
3473 5763
3500 134
3500 4374
3500 5785
3531 2777
3531 4390
3566 3115
3604 643
3604 644
3604 4482
3604 5575
3734 1680
3734 3212
3734 5319
3734 5948
3734 5949
3763 2590
3763 3461
3763 5999
3781 192
3781 4337
3781 6011
3781 6012
3781 6013
3850 3876
3850 4204
3850 5021
3850 6073
3903 623
3903 2067
3903 2190
3903 2393
3919 192
3919 2496
3919 3850
3919 4729
3919 6143
3919 6144
3923 394
3923 431
3923 2193
3923 3655
3970 2039
3970 4542
3970 4843
3970 6183
4004 6222
4049 243
4049 373
4049 686
4049 1932
4049 6233
4049 6235
4085 5504
4085 6271
4192 323
4192 3561
4192 4109
4192 6372
4192 6373
4204 6383
4270 1015
4270 6414
4270 6415
4270 6416
4275 2496
4275 3473
4275 6424
4289 206
4289 3166
4289 6433
4326 1344
4326 2086
4326 2087
4326 2088
4326 2089
4326 3876
4326 4432
4328 376
4328 760
4328 3285
4328 6458
4356 1680
4356 5562
4356 6405
4356 6475
4356 6476
4375 1512
4384 274
4384 2521
4386 644
4386 2776
4386 6494
4546 576
4546 2765
4546 3242
4546 3261
4546 5021
4546 6663
4583 1046
4583 3135
4583 4631
4583 6683
4631 431
4631 756
4631 2193
4631 6566
4631 6683
4631 6713
4666 2091
4666 3895
4666 4374
4666 6737
4666 6738
4727 1021
4727 3682
4729 316
4729 3169
4729 6143
4729 6795
4729 6796
4729 6797
4729 6798
4729 6799
4923 369
4923 643
4923 644
4923 1280
4923 1296
4923 3116
4923 3474
4923 6514
4964 6799
4964 6912
4964 6913
4964 6915
5135 3157
5135 5584
5135 6929
5135 7001
5135 7002
5185 478
5185 2190
5185 2941
5185 5579
5187 1365
5187 3235
5187 4384
5187 6683
5187 6716
5189 1296
5189 1469
5189 7061
5189 7063
5191 2088
5191 3763
5191 5257
5191 7064
5191 7065
5206 7087
5206 7088
5206 7089
5206 7091
5232 1816
5232 6011
5288 7081
5288 7127
5502 48
5502 4729
5502 5901
5519 885
5519 4307
5519 6405
5519 7280
5519 7315
5519 7316
5519 7317
5581 7267
5581 7344
5581 7345
5632 7335
5696 242
5696 4311
5696 5949
5696 6928
5696 7249
5696 7280
5763 176
5763 214
5763 3876
5763 7418
5785 904
5785 7432
5890 2837
5892 840
5901 1365
5901 6214
5901 6640
5901 7506
5999 841
5999 1194
5999 3212
5999 5319
6143 2087
6143 4374
6143 7652
6143 7653
6222 2323
6222 3164
6222 6666
6252 4729
6252 4843
6252 6929
6252 7154
6252 7717
6271 508
6271 3649
6271 6235
6271 7349
6271 7731
6307 3903
6372 7835
6374 48
6374 7249
6405 3604
6405 6466
6405 7209
6405 7828
6415 643
6415 644
6415 2776
6415 3261
6415 6716
6458 209
6458 2603
6458 6666
6458 7856
6458 7857
6514 3682
6514 5336
6607 2588
6607 2591
6607 4727
6607 7917
6640 7979
6663 3923
6664 2883
6664 3500
6664 5303
6664 7948
6676 672
6676 3156
6676 7952
6716 2345
6716 7967
6798 7432
6798 8010
6798 8011
6798 8012
6798 8013
6905 319
6905 2832
6905 5214
6905 7828
6912 660
6912 3876
6912 6214
6912 8011
6912 8100
6928 3654
6970 4755
7002 416
7002 689
7002 2190
7029 2362
7029 6433
7036 1633
7036 4384
7036 7472
7036 7767
7038 7493
7038 7954
7038 8171
7044 6011
7044 7267
7044 7981
7044 8177
7044 8178
7064 8037
7088 3844
7089 5579
7089 8200
7089 8203
7089 8204
7127 2941
7127 3351
7127 5584
7127 8180
7154 921
7154 3682
7154 7029
7154 8249
7154 8251
7160 672
7160 8263
7200 1525
7200 2400
7200 6676
7200 8290
7249 2379
7249 2837
7249 8315
7315 2842
7315 3166
7315 8339
7315 8340
7315 8341
7335 6466
7335 7835
7335 7992
7335 8348
7335 8349
7348 117
7348 1932
7348 3156
7348 4755
7348 5021
7348 6405
7348 7345
7348 8355
7349 315
7349 9168
7349 9238
7351 4307
7351 4383
7351 8339
7351 8340
7351 8356
7472 1021
7472 3164
7472 7038
7472 8427
7493 2409
7493 6683
7493 8442
7493 8443
7506 623
7537 4374
7537 8522
7682 2815
7682 4727
7682 5303
7682 6607
7682 7917
7682 8565
7731 118
7731 6235
7731 7058
7731 8291
7731 8603
7731 8604
7731 8605
7809 8603
7864 1191
7864 8605
7864 8667
7864 8669
7948 576
8013 2420
8013 7204
8013 8788
8178 5288
8178 6970
8178 8053
8178 8899
8178 8900
8178 8902
8204 4383
8204 8918
8204 8919
8256 7002
8256 8949
8256 8950
8256 8952
8263 669
8291 6314
8348 3092
8348 4546
8348 7731
8349 3923
8349 4383
8349 6545
8349 8416
8349 9005
8443 48
8443 236
8443 1633
8443 3135
8443 9043
8567 243
8567 376
8567 1274
8567 6374
8567 9127
8604 860
8604 5191
8604 8177
8604 8672
8604 8983
8604 9003
8604 9141
8619 319
8619 1469
8619 2068
8619 9068
8619 9156
8642 315
8642 2848
8642 7731
8642 9168
8642 9169
8667 1021
8669 1281
8669 6725
8669 9077
8669 9199
8669 9201
8676 2777
8676 5232
8676 5303
8676 9024
8856 2362
8856 7432
8856 9343
8856 9344
8856 9345
8900 756
8900 3446
8900 3737
8900 9394
8948 7002
8948 9419
8950 400
8950 885
8950 2184
8950 9423
8952 643
8952 9168
8967 2007
9003 1052
9003 4858
9003 9462
9003 9463
9024 756
9024 1435
9024 9086
9024 9473
9057 3212
9057 4085
9057 4204
9057 5206
9057 9502
9066 8619
9077 2250
9077 3399
9077 6374
9105 5696
9105 7002
9105 8950
9105 9540
9105 9541
9127 5890
9146 2379
9146 2400
9146 9568
9168 10328
9168 10329
9169 641
9215 756
9215 3446
9215 9156
9215 9611
9344 3970
9344 6296
9344 6970
9344 9681
9387 420
9387 3876
9463 8636
9463 9345
9463 9763
9463 9764
9463 9765
9463 9766
9541 7058
9541 7682
9541 8203
9541 8563
9541 9804
9541 9805
9667 1469
9667 5288
9667 7961
9667 8579
9667 9169
9681 9918
9724 2086
9724 2089
9724 3166
9724 9956
9724 9958
9758 124
9758 478
9758 9984
9765 1789
9843 400
9843 1191
9843 3654
9843 4546
9843 10028
9854 118
9996 2042
9996 3561
9996 4192
9996 10150
9996 10152
10150 9146
10303 860
10303 4755
10303 9499
10360 860
10391 2087
10391 3531
10391 4085
10391 7736
10391 10476
10391 10477
10396 420
10396 576
10396 1021
10396 3135
10396 9499
10453 5936
10453 6314
10453 8100
10453 10454
10453 10455
10454 8053
10454 10529
10529 1532
10529 6725
10655 5949
10655 7031
10655 9472
10655 10477
10696 2851
10696 3706
10696 10714
10714 416
10714 689
10714 7002
10714 9343
10714 10731
10715 1280
10715 3498
10715 10733
10715 10734
10733 206
10733 3453
10733 10338
10733 10755
10733 10756
10756 644
10756 3498
10756 4374
10848 2420
10848 4755
10848 7038
10848 9086
10848 10617
