0 11
1 11
2 11
3 25
4 12
5 12
6 12
7 12
8 11
9 12
10 10
11 37
12 40
13 22
14 27
15 25
16 26
17 26
18 37
19 36
20 37
21 36
22 36
23 36
24 35
25 35
26 35
27 35
28 37
29 36
30 38
31 38
32 38
33 37
34 37
35 37
36 38
37 41
38 40
39 40
40 40
41 40
42 40
43 39
44 39
45 39
46 38
47 38
48 38
49 38
50 37
51 36
52 35
53 35
54 35
55 35
56 35
57 34
58 27
59 32
60 27
61 27
62 27
63 26
64 25
65 34
66 34
67 26
68 26
69 27
70 27
71 25
72 26
73 26
74 31
75 27
76 27
77 26
78 26
79 25
80 25
81 25
82 25
83 28
84 27
85 27
86 27
87 26
88 25
89 25
90 25
91 33
92 25
93 26
94 25
95 28
96 28
97 29
98 29
99 30
100 30
101 29
102 29
103 29
104 29
105 28
106 28
107 27
108 27
109 28
110 28
111 28
112 28
113 27
114 27
115 26
116 27
117 32
118 27
119 26
120 27
121 28
122 29
123 29
124 35
125 31
126 30
127 30
128 30
129 30
130 30
131 29
132 29
133 28
134 28
135 27
136 27
137 26
138 26
139 25
140 25
141 25
142 25
143 24
144 14
145 13
146 6
147 6
148 13
149 12
150 10
151 23
152 34
153 34
154 34
155 34
156 34
157 34
158 34
159 34
160 33
161 17
162 11
163 34
164 10
165 10
166 19
167 14
168 13
169 30
170 12
171 12
172 12
173 12
174 19
175 20
176 20
177 19
178 34
179 32
180 20
181 21
182 21
183 33
184 25
185 25
186 25
187 25
188 24
189 25
190 26
191 26
192 26
193 26
194 26
195 26
196 26
197 26
198 26
199 26
200 25
201 25
202 24
203 23
204 24
205 25
206 24
207 24
208 23
209 22
210 29
211 23
212 23
213 23
214 22
215 22
216 21
217 21
218 20
219 19
220 19
221 18
222 15
223 13
224 13
225 12
226 11
227 11
228 11
229 10
230 27
231 12
232 11
233 11
234 29
235 10
236 11
237 34
238 34
239 34
240 33
241 23
242 10
243 29
244 28
245 10
246 10
247 15
248 15
249 15
250 15
251 19
252 18
253 20
254 20
255 19
256 18
257 18
258 18
259 17
260 17
261 17
262 17
263 16
264 16
265 15
266 14
267 13
268 12
269 12
270 12
271 13
272 34
273 34
274 33
275 12
276 12
277 31
278 11
279 10
280 10
281 10
282 31
283 33
284 33
285 33
286 33
287 33
288 32
289 32
290 33
291 33
292 34
293 33
294 34
295 35
296 35
297 35
298 35
299 34
300 33
301 32
302 32
303 33
304 34
305 34
306 33
307 33
308 32
309 31
310 31
311 31
312 31
313 30
314 10
315 22
316 12
317 11
318 12
319 32
320 31
321 11
322 10
323 11
324 10
325 11
326 10
327 35
328 10
329 10
330 32
331 32
332 31
333 34
334 12
335 17
336 12
337 11
338 11
339 10
340 10
341 10
342 10
343 17
344 11
345 11
346 11
347 11
348 10
349 10
350 11
351 13
352 13
353 12
354 22
355 12
356 11
357 11
358 10
359 10
360 10
361 10
362 10
363 10
364 11
365 10
366 10
367 12
368 12
369 12
370 11
371 11
372 11
373 11
374 10
375 12
376 27
377 22
378 22
379 22
380 12
381 10
382 10
383 11
384 20
385 20
386 21
387 20
388 19
389 13
390 30
391 32
392 32
393 31
394 31
395 31
396 31
397 32
398 31
399 30
400 30
401 30
402 29
403 29
404 29
405 28
406 14
407 28
408 27
409 16
410 21
411 27
412 19
413 18
414 18
415 19
416 21
417 21
418 20
419 20
420 20
421 19
422 20
423 19
424 19
425 18
426 18
427 18
428 17
429 16
430 15
431 15
432 18
433 18
434 18
435 18
436 17
437 17
438 16
439 17
440 17
441 18
442 27
443 19
444 27
445 27
446 26
447 20
448 20
449 27
450 22
451 21
452 21
453 25
454 27
455 27
456 26
457 27
458 26
459 27
460 26
461 27
462 26
463 25
464 26
465 31
466 32
467 31
468 35
469 35
470 35
471 34
472 34
473 34
474 33
475 34
476 33
477 32
478 31
479 31
480 30
481 30
482 29
483 31
484 32
485 32
486 32
487 31
488 31
489 30
490 29
491 28
492 29
493 28
494 27
495 27
496 26
497 26
498 26
499 26
500 25
501 25
502 24
503 25
504 25
505 25
506 26
507 25
508 26
509 26
510 26
511 25
512 24
513 24
514 23
515 23
516 23
517 22
518 22
519 23
520 23
521 23
522 23
523 23
524 22
525 22
526 22
527 21
528 20
529 20
530 19
531 19
532 19
533 18
534 18
535 18
536 17
537 16
538 17
539 18
540 17
541 18
542 17
543 16
544 19
545 19
546 18
547 17
548 17
549 16
550 15
551 15
552 14
553 13
554 13
555 13
556 12
557 13
558 12
559 11
560 10
561 10
562 11
563 11
564 11
565 11
566 10
567 10
568 10
569 10
570 11
571 11
572 13
573 12
574 12
575 11
576 10
577 12
578 11
579 12
580 12
581 13
582 14
583 14
584 14
585 14
586 13
587 12
588 11
589 11
590 12
591 11
592 11
593 10
594 10
595 10
596 10
597 10
598 10
599 11
600 10
601 10
602 10
603 10
604 11
605 12
606 13
607 12
608 12
609 12
610 14
611 14
612 14
613 13
614 12
615 11
616 10
617 10
618 11
619 10
620 11
621 11
622 11
623 10
624 10
625 11
626 12
627 11
628 10
629 10
630 10
631 10
632 10
633 10
634 10
635 11
636 10
637 12
638 12
639 12
640 11
641 12
642 12
643 12
644 12
645 12
646 11
647 10
648 10
649 10
650 10
651 10
652 10
653 10
654 10
655 10
656 10
657 10
658 9
659 9
660 9
661 9
662 8
663 8
664 8
665 7
666 7
667 6
668 5
669 4
670 4
671 4
672 5
673 4
674 6
675 5
676 3
677 3
678 3
679 10
680 10
681 9
682 8
683 2
684 1
685 5
686 5
687 7
688 6
689 5
690 5
691 4
692 6
693 6
694 5
695 5
696 4
697 4
698 4
699 3
700 2
701 1
702 3
703 2
704 5
705 5
706 4
707 4
708 0
709 2
710 2
711 1
712 1
713 6
714 6
715 6
716 6
717 6
718 6
719 6
720 6
721 6
722 5
723 4
724 0
725 4
726 4
727 3
728 2
729 2
730 2
731 1
732 6
733 5
734 4
735 0
736 1
737 0
738 0
739 5
740 1
741 1
742 0
743 6
744 1
745 2
746 2
747 2
748 1
749 0
750 4
751 2
752 3
753 3
754 3
755 3
756 2
757 2
758 2
759 2
760 1
761 2
762 2
763 3
764 0
765 1
766 0
767 1
768 1
769 1
770 2
771 2
772 1
773 0
774 1
775 3
776 2
777 1
778 2
779 1
780 0
781 5
782 3
783 2
784 1
785 1
786 1
787 0
788 2
789 2
790 2
791 1
792 0
793 2
794 0
795 4
796 0
797 3
798 0
799 2
800 3
801 3
802 2
803 1
804 2
805 0
806 0
807 2
808 0
809 1
810 2
811 1
812 1
813 4
814 0
815 1
816 0
817 1
818 4
819 1
820 0
821 2
822 1
823 5
824 3
825 2
826 1
827 0
828 1
829 1
830 1
831 2
832 5
833 5
834 5
835 5
836 4
837 3
838 0
839 0
840 1
841 1
842 0
843 0
844 8
845 8
846 7
847 0
848 3
849 2
850 5
851 2
852 1
853 0
854 2
855 0
856 1
857 3
858 4
859 4
860 3
861 2
862 1
863 1
864 0
865 1
866 0
867 3
868 0
869 2
870 2
871 2
872 4
873 1
874 0
875 1
876 2
877 6
878 2
879 1
880 3
881 0
882 0
883 2
884 1
885 0
886 3
887 2
888 2
889 1
890 0
891 2
892 1
893 2
894 1
895 1
896 0
897 0
898 3
899 2
900 1
901 0
902 1
903 0
904 4
905 2
906 2
907 2
908 3
909 5
910 5
911 4
912 4
913 4
914 3
915 4
916 3
917 3
918 3
919 3
920 2
921 2
922 2
923 2
924 1
925 2
926 2
927 1
928 1
929 0
930 1
931 1
932 1
933 0
934 0
935 1
936 1
937 3
938 0
939 0
940 0
941 2
942 1
943 1
944 0
945 8
946 2
947 1
948 1
949 1
950 0
951 4
952 0
953 1
954 1
955 0
956 0
957 0
958 2
959 1
960 0
961 2
962 1
963 0
964 3
965 3
966 2
967 1
968 1
969 0
970 0
971 1
972 0
973 3
974 2
975 1
976 0
977 1
978 0
979 0
980 1
981 4
982 3
983 2
984 2
985 2
986 1
987 0
988 1
989 1
990 0
991 3
992 2
993 2
994 2
995 2
996 2
997 1
998 1
999 0
1000 1
1001 1
1002 1
1003 0
1004 0
1005 2
1006 1
1007 2
1008 1
1009 1
1010 0
1011 8
1012 7
1013 7
1014 7
1015 6
1016 3
1017 1
1018 0
1019 1
1020 0
1021 3
1022 2
1023 1
1024 0
1025 2
1026 2
1027 2
1028 2
1029 1
1030 5
1031 4
1032 0
1033 1
1034 0
1035 1
1036 1
1037 0
1038 0
1039 1
1040 0
1041 0
1042 0
1043 0
1044 1
1045 0
1046 1
1047 1
1048 0
1049 1
1050 0
1051 1
1052 1
1053 1
1054 0
1055 7
1056 6
1057 3
1058 2
1059 3
1060 3
1061 2
1062 1
1063 0
1064 6
1065 5
1066 4
1067 3
1068 4
1069 3
1070 2
1071 1
1072 3
1073 2
1074 1
1075 1
1076 1
1077 0
1078 1
1079 5
1080 5
1081 5
1082 5
1083 4
1084 1
1085 1
1086 2
1087 1
1088 0
1089 1
1090 1
1091 0
1092 4
1093 4
1094 3
1095 0
1096 1
1097 0
1098 3
1099 3
1100 2
1101 2
1102 1
1103 1
1104 1
1105 0
1106 0
1107 3
1108 7
1109 8
1110 7
1111 7
1112 6
1113 8
1114 8
1115 7
1116 6
1117 6
1118 5
1119 5
1120 4
1121 3
1122 3
1123 3
1124 2
1125 1
1126 1
1127 1
1128 1
1129 0
1130 0
1131 2
1132 1
1133 0
1134 1
1135 1
1136 1
1137 0
1138 1
1139 0
1140 0
1141 0
1142 1
1143 1
1144 0
1145 1
1146 0
1147 0
1148 3
1149 3
1150 2
1151 1
1152 1
1153 0
1154 1
1155 0
1156 1
1157 0
1158 0
1159 1
1160 1
1161 1
1162 0
1163 3
1164 1
1165 0
1166 3
1167 0
1168 0
1169 1
1170 1
1171 2
1172 4
1173 4
1174 3
1175 3
1176 2
1177 1
1178 0
1179 1
1180 0
1181 3
1182 4
1183 5
1184 4
1185 3
1186 2
1187 1
1188 0
1189 1
1190 0
1191 1
1192 0
1193 7
1194 6
1195 0
1196 1
1197 2
1198 2
1199 1
1200 1
1201 0
1202 2
1203 2
1204 2
1205 2
1206 3
1207 2
1208 1
1209 0
1210 6
1211 6
1212 6
1213 5
1214 0
1215 1
1216 0
1217 1
1218 0
1219 1
1220 0
1221 1
1222 2
1223 2
1224 2
1225 1
1226 5
1227 2
1228 1
1229 0
1230 0
1231 1
1232 1
1233 0
1234 2
1235 1
1236 1
1237 1
1238 0
1239 4
1240 0
1241 1
1242 0
1243 1
1244 1
1245 1
1246 1
1247 0
1248 1
1249 1
1250 1
1251 0
1252 0
1253 0
1254 2
1255 1
1256 0
1257 2
1258 2
1259 2
1260 1
1261 1
1262 4
1263 3
1264 2
1265 1
1266 2
1267 0
1268 4
1269 3
1270 0
1271 1
1272 0
1273 2
1274 2
1275 2
1276 2
1277 2
1278 2
1279 1
1280 0
1281 1
1282 1
1283 1
1284 0
1285 0
1286 1
1287 0
1288 1
1289 2
1290 2
1291 1
1292 1
1293 0
1294 0
1295 1
1296 0
1297 2
1298 2
1299 1
1300 0
