2 0
11 1
12 10
29 697
40 2
41 3
42 4
43 5
44 6
47 7
48 8
49 9
60 703
76 230
87 233
101 730
103 276
106 693
109 693
112 747
119 748
139 704
152 749
161 30
162 751
181 693
184 702
186 248
198 693
203 330
208 225
210 227
212 228
214 229
218 755
224 734
227 756
231 765
236 693
241 32
245 226
248 232
249 550
256 693
264 693
277 693
280 693
282 151
286 775
291 56
292 693
311 371
314 724
317 693
318 729
319 131
343 61
344 693
347 693
352 732
353 152
357 733
358 746
359 519
381 693
382 398
384 331
385 693
387 50
388 51
390 693
392 194
394 594
396 16
400 776
415 302
430 693
435 38
474 693
477 739
509 551
519 810
526 812
560 202
564 304
570 693
571 693
573 750
574 437
578 223
584 813
586 820
590 832
592 693
596 705
620 161
623 671
629 97
637 693
638 693
654 696
655 520
656 523
660 343
661 693
662 549
668 701
669 693
672 372
678 693
679 132
683 693
700 438
702 837
707 206
708 71
709 693
710 80
712 81
713 693
716 848
736 468
746 656
753 693
768 299
769 752
770 753
771 754
772 75
773 300
777 598
793 244
794 693
795 115
804 312
806 502
836 301
838 693
839 222
840 236
841 693
842 693
860 57
861 231
876 738
892 294
896 557
900 217
916 853
918 58
922 693
931 693
949 11
950 12
951 13
953 14
954 693
971 858
972 693
975 735
1001 181
1006 260
1010 518
1034 332
1035 690
1038 691
1043 692
1062 96
1073 767
1076 773
1078 403
1080 37
1081 774
1083 503
1084 63
1085 66
1088 224
1095 126
1102 693
1120 706
1122 710
1123 693
1124 711
1125 153
1128 719
1129 720
1131 721
1133 722
1135 41
1139 723
1140 859
1149 500
1150 501
1154 693
1156 484
1166 726
1170 727
1171 693
1172 147
1173 728
1192 316
1199 693
1204 693
1206 59
1208 60
1212 693
1214 693
1215 584
1237 143
1240 144
1243 693
1244 188
1245 693
1249 350
1260 33
1264 731
1266 324
1269 760
1270 761
1271 762
1273 763
1274 764
1283 768
1288 736
1290 737
1292 745
1303 599
1305 808
1315 532
1317 826
1320 64
1324 693
1326 579
1332 47
1336 48
1337 34
1338 49
1342 52
1343 53
1345 54
1346 55
1348 693
1365 576
1367 693
1369 811
1376 439
1378 288
1384 867
1385 868
1388 693
1389 633
1391 480
1400 869
1405 137
1406 207
1462 118
1463 693
1466 200
1467 201
1481 664
1500 693
1508 634
1521 17
1539 558
1540 693
1542 564
1548 625
1561 872
1562 559
1575 538
1624 873
1637 874
1653 777
1655 808
1656 809
1658 693
1660 693
1662 15
1665 554
1668 608
1677 887
1682 890
1713 693
1718 693
1733 406
1742 891
1750 693
1756 894
1758 897
1773 254
1777 629
1778 654
1779 655
1782 898
1787 840
1802 162
1805 808
1808 693
1824 29
1832 255
1834 814
1836 405
1837 816
1838 817
1839 819
1840 830
1843 831
1856 253
1857 351
1858 481
1873 18
1874 19
1875 20
1876 21
1877 22
1878 23
1879 24
1880 25
1881 693
1882 676
1883 693
1891 408
1907 757
1915 562
1918 150
1919 156
1920 160
1937 900
1942 902
1950 513
1951 514
1952 515
1953 259
1955 693
1956 516
1957 517
1963 693
1964 163
1965 511
1966 512
1967 693
1969 295
1983 533
1985 903
1988 239
1990 694
1991 695
1994 26
1995 187
2003 329
2004 342
2014 522
2015 630
2016 120
2019 699
2020 700
2022 693
2025 904
2033 133
2045 906
2049 589
2050 298
2052 693
2057 693
2058 85
2059 670
2070 39
2072 82
2073 693
2075 171
2076 529
2085 908
2101 909
2102 911
2103 912
2127 395
2128 914
2130 693
2140 321
2155 67
2156 68
2158 69
2161 70
2162 693
2164 565
2165 569
2167 72
2168 73
2170 77
2171 79
2176 469
2177 86
2178 847
2182 693
2184 915
2190 446
2193 566
2203 917
2218 922
2240 373
2249 580
2273 483
2276 95
2277 113
2279 114
2281 117
2282 693
2304 766
2310 127
2311 155
2324 925
2326 693
2333 129
2334 130
2337 693
2338 204
2348 926
2355 275
2383 693
2396 31
2397 218
2399 220
2400 125
2401 221
2405 303
2406 693
2409 327
2411 663
2415 693
2416 693
2417 499
2419 693
2422 234
2427 235
2428 172
2430 693
2431 464
2434 243
2435 693
2436 467
2438 863
2446 609
2487 927
2497 693
2502 430
2512 570
2513 622
2522 149
2527 693
2541 828
2542 928
2550 485
2552 941
2570 289
2572 290
2573 291
2574 285
2575 292
2576 293
2578 524
2581 556
2597 693
2600 543
2603 420
2604 849
2605 852
2607 785
2609 590
2610 591
2611 592
2612 535
2617 328
2619 693
2634 282
2649 693
2650 693
2651 575
2652 470
2653 473
2654 474
2656 693
2657 476
2660 693
2664 487
2665 101
2675 943
2700 687
2701 525
2702 688
2703 689
2731 854
2733 855
2735 856
2736 693
2737 857
2748 552
2750 322
2762 128
2763 693
2772 213
2775 693
2782 944
2796 91
2801 396
2805 455
2815 947
2822 184
2844 333
2853 693
2873 87
2882 693
2891 772
2892 649
2893 693
2907 35
2908 36
2912 949
2921 65
2928 693
2932 860
2938 102
2939 595
2940 693
2941 597
2943 607
2946 409
2952 553
2956 950
2982 707
2983 262
2984 336
2985 709
2989 99
2991 385
2994 718
2995 693
2998 283
3008 40
3012 378
3014 555
3021 953
3028 587
3032 352
3043 954
3074 588
3077 145
3079 146
3081 725
3083 27
3088 108
3090 307
3093 136
3099 277
3111 314
3112 315
3123 955
3126 693
3130 693
3133 693
3135 693
3136 508
3145 397
3162 583
3165 431
3180 668
3181 693
3203 477
3204 693
3205 192
3206 193
3207 198
3209 199
3224 345
3227 185
3228 186
3229 693
3231 677
3233 758
3234 759
3251 962
3256 743
3259 744
3283 782
3284 693
3285 783
3286 784
3294 526
3296 527
3300 693
3314 540
3319 577
3321 578
3323 83
3325 368
3326 369
3327 370
3328 45
3331 42
3332 43
3333 44
3335 46
3352 693
3365 963
3368 966
3371 488
3375 693
3390 334
3402 693
3403 693
3404 645
3405 646
3414 286
3416 287
3429 364
3441 865
3442 657
3444 866
3456 28
3458 214
3460 582
3461 182
3463 478
3466 479
3489 325
3508 296
3519 528
3520 237
3523 531
3524 631
3526 632
3539 240
3544 875
3548 306
3559 636
3577 189
3593 964
3619 892
3639 263
3640 610
3641 611
3642 612
3645 693
3659 386
3672 116
3677 967
3679 693
3687 929
3696 563
3720 560
3721 561
3724 278
3733 923
3745 308
3746 448
3752 383
3759 870
3760 585
3762 871
3775 968
3785 661
3787 100
3799 379
3810 141
3828 365
3851 173
3852 683
3853 684
3854 685
3855 686
3862 344
3884 888
3886 889
3887 919
3903 673
3912 693
3923 969
3924 693
3926 693
3961 471
3977 678
3979 679
3980 680
3981 681
3993 893
3994 157
4004 896
4039 972
4041 829
4043 778
4044 567
4046 808
4047 647
4050 648
4051 693
4054 693
4064 973
4067 974
4079 815
4083 818
4084 154
4097 693
4104 134
4106 250
4109 251
4110 252
4118 660
4120 693
4122 428
4130 541
4138 975
4144 708
4150 981
4175 158
4176 159
4185 410
4186 899
4188 436
4189 693
4200 901
4215 257
4216 258
4217 256
4222 693
4225 183
4226 693
4234 92
4235 93
4236 94
4237 693
4277 340
4278 341
4284 521
4287 698
4300 652
4301 653
4308 358
4310 261
4325 449
4331 111
4332 905
4333 693
4334 297
4338 693
4339 628
4340 626
4345 482
4348 669
4351 119
4362 693
4367 624
4376 640
4385 984
4387 907
4400 910
4405 544
4407 493
4411 986
4414 987
4435 536
4436 913
4446 391
4447 392
4449 393
4450 394
4460 284
4467 989
4468 432
4476 990
4483 366
4487 568
4490 78
4508 916
4533 920
4535 921
4556 74
4557 76
4560 400
4562 121
4577 210
4581 112
4583 715
4592 693
4627 991
4638 924
4640 486
4663 203
4685 168
4702 122
4733 716
4738 219
4741 123
4742 124
4744 320
4746 323
4752 798
4756 326
4766 623
4770 498
4772 271
4773 272
4777 992
4783 460
4785 461
4786 462
4787 463
4789 374
4790 274
4791 861
4792 838
4793 862
4797 465
4799 466
4800 425
4801 494
4805 495
4808 496
4809 497
4816 804
4832 265
4838 995
4851 662
4860 209
4862 212
4865 997
4874 693
4879 613
4880 614
4881 615
4882 616
4883 617
4884 618
4885 619
4886 620
4887 621
4888 148
4900 769
4915 827
4928 693
4929 169
4930 940
4948 109
4950 138
4953 489
4955 693
4961 411
4962 412
4963 413
4964 419
4967 542
4968 850
4971 851
4974 534
4983 388
4984 693
5004 279
5005 280
5007 281
5016 389
5018 472
5034 571
5035 572
5036 573
5037 574
5039 942
5040 842
5054 833
5055 836
5075 1000
5120 215
5129 475
5159 84
5161 89
5162 90
5182 1001
5183 945
5185 742
5186 946
5204 1012
5214 1013
5216 693
5219 682
5222 1016
5231 693
5239 142
5241 693
5245 770
5246 771
5249 245
5250 246
5251 247
5269 948
5291 504
5293 600
5294 601
5295 606
5300 596
5301 414
5317 309
5330 693
5332 717
5333 103
5359 952
5365 586
5367 672
5369 174
5371 658
5396 98
5397 637
5411 104
5414 135
5417 105
5418 106
5419 107
5433 627
5465 505
5466 693
5467 507
5468 311
5469 693
5470 273
5482 1019
5505 693
5513 264
5521 190
5523 191
5541 208
5545 313
5555 956
5556 961
5557 375
5574 667
5579 740
5591 693
5592 357
5593 363
5643 593
5649 355
5666 965
5692 1002
5697 641
5698 643
5701 644
5726 675
5736 864
5743 581
5777 490
5780 659
5795 62
5819 447
5826 305
5833 530
5869 205
5887 665
5889 666
5901 1033
5911 443
5912 444
5914 445
5921 1034
5924 249
5967 346
5968 1035
5974 376
5975 377
5977 382
5979 780
5997 390
6028 139
6029 140
6093 970
6107 918
6116 195
6119 457
6121 180
6136 407
6141 429
6222 895
6224 971
6226 539
6229 781
6231 808
6236 650
6237 651
6245 164
6246 165
6247 167
6257 693
6258 426
6260 834
6276 1037
6283 1040
6304 310
6307 1041
6320 427
6345 978
6346 979
6347 980
6386 1045
6391 170
6392 693
6399 509
6400 510
6427 335
6428 339
6452 319
6455 241
6458 1048
6460 110
6483 458
6485 459
6488 988
6490 982
6491 434
6492 983
6500 380
6515 1049
6525 933
6526 985
6527 491
6528 492
6575 1051
6640 1021
6665 196
6666 399
6681 713
6683 714
6689 216
6690 693
6721 242
6723 693
6799 415
6809 797
6811 1052
6830 423
6831 424
6834 1053
6837 799
6838 800
6839 803
6841 1007
6857 993
6858 994
6861 1055
6862 197
6868 211
6874 996
6879 433
6888 367
6889 347
6890 693
6891 1059
6892 936
6893 937
6894 938
6895 939
6899 877
6905 1060
6911 416
6913 417
6915 418
6919 456
6920 387
6945 435
6953 693
6954 835
6964 998
6965 999
6980 1017
6998 1065
7024 360
7028 88
7030 317
7049 537
7050 693
7051 547
7052 548
7055 712
7056 741
7065 348
7073 1008
7074 1009
7075 1010
7076 421
7077 1011
7093 1014
7094 1015
7097 693
7099 693
7100 693
7101 349
7102 693
7140 602
7141 603
7142 604
7143 605
7160 693
7166 951
7168 976
7179 841
7180 845
7181 846
7214 506
7227 1018
7259 1067
7260 957
7261 958
7262 786
7263 960
7277 353
7278 354
7279 356
7281 359
7282 362
7363 805
7387 642
7388 1068
7433 693
7445 674
7474 1072
7493 1077
7505 1027
7506 1032
7511 440
7512 441
7515 442
7557 381
7559 779
7591 788
7666 1078
7674 1038
7705 1079
7710 166
7711 787
7714 266
7723 545
7735 1036
7736 1039
7754 1081
7791 1082
7793 977
7809 1043
7810 1044
7811 843
7815 175
7816 176
7817 693
7838 337
7839 338
7852 318
7856 1046
7857 1047
7859 1058
7887 361
7906 1050
7924 844
7929 1084
7975 267
7976 268
7977 269
7978 270
7979 1020
8034 422
8045 801
8046 802
8048 1003
8049 1004
8050 1005
8051 1006
8059 1085
8065 1054
8086 384
8088 930
8090 931
8091 932
8093 935
8109 1069
8122 1061
8135 789
8144 1064
8181 546
8183 1086
8196 693
8208 401
8209 402
8211 404
8213 693
8241 638
8255 839
8263 693
8315 1087
8325 1066
8330 959
8342 1031
8407 454
8428 1070
8429 1071
8442 1073
8443 1075
8444 1076
8445 1022
8447 1023
8449 1024
8450 1025
8451 1026
8594 821
8603 1042
8624 1090
8631 177
8636 1080
8646 178
8648 179
8654 1095
8656 1096
8657 1099
8665 1057
8678 1100
8727 1083
8815 1104
8841 934
8865 1106
8870 822
8871 1062
8872 1063
8901 1110
8915 450
8916 452
8917 453
8950 1113
8961 1114
8976 1115
8996 1030
9016 823
9017 824
9019 825
9043 1074
9091 635
9146 1117
9147 876
9157 1088
9159 1089
9166 693
9182 1091
9183 1092
9184 1093
9185 1094
9188 1097
9190 1098
9197 1056
9307 1101
9308 1102
9310 1103
9347 1105
9391 1107
9392 1108
9393 1109
9403 451
9422 1111
9423 1112
9445 1120
9452 1028
9453 1029
9456 1121
9466 1122
9478 878
9482 790
9568 1116
9588 639
9590 1130
9635 881
9668 1131
9740 1132
9749 1118
9750 885
9751 1119
9768 792
9769 793
9770 794
9771 796
9776 806
9777 807
9781 1123
9786 1133
9838 1124
9839 1126
9840 1127
9841 1129
9843 1135
9846 1125
9866 1138
9877 1142
9885 879
9886 880
9924 1143
9943 1147
9985 791
9988 795
10028 1134
10029 1128
10050 1136
10052 1137
10068 1141
10075 1149
10111 884
10123 1144
10124 1145
10125 1146
10189 1152
10200 1140
10208 1153
10223 1154
10232 1148
10254 882
10255 883
10268 1156
10270 1157
10306 1150
10307 1151
10320 1139
10340 1158
10346 886
10360 1155
10417 1168
10425 1167
10497 1159
10498 1164
10499 1165
10500 1166
10559 1171
10565 1160
10566 1161
10567 1162
10568 1163
10618 1175
10620 1169
10621 1170
10658 1172
10659 1173
10660 1174
10705 1180
10719 1178
10720 1179
10730 1187
10738 1176
10740 1177
10748 1183
10749 1185
10750 1186
10777 1181
10778 1182
10779 1184
10804 238
