1 11
1 12
1 16
8 30
8 32
8 34
8 35
8 36
12 40
12 43
12 44
12 49
106 166
106 343
106 344
106 346
106 347
115 397
115 398
115 399
115 404
166 205
166 600
166 605
166 606
166 607
195 278
195 399
195 605
195 702
195 703
195 707
227 106
227 343
227 344
227 347
227 793
227 794
227 795
253 483
253 886
253 888
253 892
273 635
273 967
273 995
281 542
281 837
281 5495
281 5496
286 203
286 1073
286 1074
286 1077
286 1079
286 1081
314 560
314 596
314 1119
314 1120
314 1121
314 1124
314 1125
314 1131
314 1139
343 44
343 1206
343 1208
343 1209
344 399
344 1214
344 1215
346 1231
346 1233
347 1237
347 1238
347 1239
347 1240
347 1241
397 1197
397 1350
397 1351
397 1352
397 1355
483 1119
483 1581
483 1582
596 106
596 343
596 344
596 346
596 347
596 794
596 795
605 1895
605 1897
605 1901
676 2045
702 2977
702 3574
702 5054
703 2129
703 2134
703 2136
707 5869
716 931
716 1171
716 2176
716 2177
789 742
789 2313
789 2316
789 2317
789 2318
789 2320
794 922
794 1233
794 2333
794 2334
794 2335
837 30
837 2412
837 2413
886 554
886 878
886 1406
886 2558
892 900
892 2571
892 2572
892 2574
892 2575
892 2576
906 30
906 1227
906 2596
906 2597
906 2598
906 2600
906 2601
916 1391
916 1406
916 2604
916 2605
922 1171
922 2609
922 2610
922 2611
931 1171
931 2176
931 2652
931 2654
931 2657
931 2658
946 702
967 350
967 946
967 2333
1073 3181
1073 7529
1073 7530
1079 1012
1079 2044
1079 2894
1079 2898
1121 269
1121 273
1121 2987
1121 2988
1154 344
1154 794
1154 795
1154 3040
1158 2176
1158 2658
1158 3047
1158 3049
1171 343
1171 344
1171 346
1171 347
1171 794
1171 3074
1197 2192
1197 3119
1197 3121
1201 2798
1201 3142
1201 3143
1201 3146
1214 2898
1214 3162
1231 3186
1231 3188
1231 3190
1231 3192
1241 554
1241 3143
1241 3200
1241 3203
1308 2317
1308 2318
1308 3287
1352 310
1352 560
1352 2571
1352 3370
1352 3371
1364 310
1364 635
1364 1007
1364 2320
1364 2565
1391 301
1391 2236
1391 3203
1391 3463
1391 3465
1396 1089
1396 2658
1396 7238
1410 3375
1410 3467
1410 3501
1410 3502
1410 3504
1410 3505
1410 3506
1500 3229
1500 3284
1500 3639
1500 3641
1500 3642
1546 3941
1546 8309
1546 9536
1546 10045
1546 10457
1581 36
1581 878
1581 2783
1581 3739
1642 837
1642 1922
1642 2425
1719 2320
1719 3941
1719 3944
1742 106
1742 343
1742 346
1742 347
1742 793
1742 794
1742 795
1838 106
1838 343
1838 344
1838 347
1838 793
1838 794
1838 795
1952 1953
1953 1012
1953 2684
1953 3736
1953 4197
1953 4215
1953 4217
1967 106
1967 343
1967 344
1967 347
1967 793
1967 794
1967 795
2004 40
2004 203
2004 4278
2044 3119
2044 3719
2044 4341
2044 4345
2045 702
2045 3181
2045 3825
2045 4329
2045 4332
2045 4333
2101 314
2192 4505
2236 1239
2236 2516
2236 4336
2236 4545
2236 4547
2313 4247
2313 4465
2313 4619
2313 4622
2316 2898
2327 3114
2327 4642
2327 4644
2370 3370
2370 3791
2370 4707
2412 1582
2412 4757
2412 4760
2413 11
2413 1077
2413 1233
2416 347
2416 931
2416 1391
2416 1967
2416 2176
2416 3316
2416 3375
2416 4227
2416 4345
2416 4801
2416 4802
2416 4804
2416 4805
2416 4806
2416 4807
2416 4808
2416 4809
2425 4094
2487 106
2487 343
2487 344
2487 346
2487 347
2487 793
2487 794
2487 795
2490 1861
2490 3821
2490 4082
2490 4845
2490 4847
2490 4848
2490 4849
2490 4850
2497 707
2497 848
2497 1171
2497 3229
2497 4860
2497 4861
2516 397
2516 6292
2516 7206
2558 205
2574 103
2574 2634
2574 3153
2574 4336
2597 560
2597 4953
2597 4955
2600 205
2600 949
2600 4953
2600 4966
2605 11
2605 1240
2605 4861
2605 4968
2605 4971
2634 3114
2634 4665
2634 5004
2634 5005
2634 5006
2658 2565
2658 2798
2662 837
2662 3196
2662 8749
2663 2317
2663 2318
2663 2320
2663 2412
2663 3287
2663 5040
2684 2898
2684 5047
2684 5048
2763 343
2763 794
2763 2425
2763 2497
2763 2772
2763 3458
2763 5120
2780 5136
2854 560
2854 2978
2865 742
2865 2317
2865 2320
2865 2412
2865 4806
2871 1861
2871 1967
2871 5234
2871 5235
2893 344
2893 347
2893 793
2893 794
2893 795
2893 5249
2893 5250
2893 5251
2894 3366
2898 4269
2948 3022
2948 3196
2948 3681
2948 4215
2948 5306
2948 5307
2977 5054
2977 5321
2978 2565
2978 4845
2978 5310
2978 5328
3001 596
3001 946
3001 3022
3001 5306
3022 5126
3022 5306
3022 5307
3022 5360
3047 30
3047 5273
3047 5373
3047 5374
3114 3941
3121 542
3121 2572
3121 5360
3128 115
3128 1308
3128 3502
3128 5136
3128 5460
3128 5461
3128 5462
3133 106
3133 344
3133 346
3133 347
3133 5470
3143 3074
3143 5481
3143 5483
3146 2658
3146 5474
3146 5475
3146 5476
3146 5477
3146 5478
3153 397
3153 3504
3153 4336
3153 5484
3181 3639
3181 4333
3181 5513
3196 106
3196 344
3196 346
3196 347
3196 794
3229 1154
3229 1406
3229 5541
3284 3181
3368 44
3368 2490
3368 2654
3368 3593
3368 5664
3368 5666
3375 44
3375 1391
3375 3371
3375 3941
3375 4953
3382 742
3382 789
3382 2316
3382 2317
3382 2318
3382 5040
3382 5477
3465 742
3465 3176
3465 3574
3465 5748
3465 5749
3465 5751
3502 301
3502 606
3502 3316
3502 5786
3504 909
3504 949
3504 2911
3504 3780
3504 5792
3574 16
3574 35
3574 5483
3639 1953
3639 2684
3639 2772
3639 3341
3639 4215
3639 4217
3694 1308
3694 2658
3694 3502
3694 5929
3697 3911
3697 4757
3697 5476
3697 5930
3697 5931
3702 1240
3702 4619
3702 5934
3780 34
3780 35
3780 36
3780 4802
3780 4804
3908 11
3908 1077
3908 1233
3908 3119
3908 4971
3941 1240
3941 2516
3941 5966
3941 6164
3944 2730
3944 6166
4016 106
4016 346
4016 794
4033 1636
4033 2192
4033 3790
4033 4094
4033 5477
4033 5725
4082 5460
4082 5792
4082 6266
4082 6268
4082 6270
4093 542
4093 742
4093 5664
4093 6295
4093 6297
4093 6298
4094 6277
4094 6279
4094 6280
4197 1922
4197 5476
4197 6375
4197 6376
4215 1832
4215 4217
4254 2854
4254 6368
4329 273
4329 4701
4329 6454
4329 6455
4341 5388
4341 6537
4465 1719
4465 4094
4505 44
4505 6624
4505 6626
4505 6627
4505 6630
4619 3181
4637 2854
4644 1079
4701 3944
4804 1077
4804 4247
4804 4916
4806 3908
4806 4269
4806 4336
4806 6832
4806 6833
4807 4665
4807 5540
4807 6813
4807 6835
4848 1922
4848 5136
4848 5461
4848 6627
4861 4505
4861 5346
4861 6870
4955 2044
4955 2763
4955 3458
4955 6186
4955 6904
4966 2865
4966 6963
5006 6930
5006 6931
5048 2320
5048 6358
5234 1922
5234 5880
5293 397
5293 4465
5306 2571
5307 837
5307 1410
5307 6931
5307 7146
5307 7147
5310 1391
5310 3119
5310 7148
5359 1953
5359 7032
5373 205
5373 1239
5373 6358
5373 7168
5441 3341
5450 560
5450 2413
5450 4465
5450 6292
5450 7206
5450 7207
5450 7208
5466 946
5466 1832
5466 2497
5466 5321
5466 5470
5466 7213
5466 7214
5478 4033
5478 7071
5478 7224
5520 2977
5520 4505
5520 6904
5540 560
5540 5321
5540 7250
5727 3941
5727 5966
5880 7478
5921 7524
5968 344
5968 346
5968 347
5968 794
5968 795
5968 2574
5968 5921
5980 703
5980 1201
5980 1231
5980 1742
5980 4722
6148 4807
6194 2412
6194 7686
6194 7687
6277 6813
6285 3790
6285 6813
6285 7021
6285 7740
6297 755
6297 2177
6306 3821
6306 7570
6306 7754
6306 7755
6306 7756
6362 1953
6362 6787
6362 7796
6362 7797
6459 5047
6459 6277
6459 6813
6459 7206
6474 397
6474 5136
6474 6787
6474 7146
6474 7862
6533 2854
6533 3366
6533 4254
6544 900
6544 2318
6544 3287
6544 3908
6544 7258
6544 7669
6615 35
6615 596
6615 3001
6615 7919
6630 5966
6770 1922
6771 2634
6771 3681
6771 4665
6787 2565
6787 2662
6787 6285
6787 7570
6787 8005
6853 1912
6853 3368
6853 6533
6853 8058
6853 8059
6854 600
6854 7032
6854 7238
6854 7960
6885 2316
6885 6417
6885 7570
6885 8084
6914 399
6914 2316
6914 8084
6914 8101
7021 205
7021 8164
7021 8165
7071 1636
7071 4215
7071 5725
7148 3341
7148 3780
7148 7224
7148 8252
7148 8254
7254 676
7254 8321
7254 8322
7524 605
7524 7563
7524 8460
7524 8461
7529 404
7529 2327
7529 4123
7530 2634
7530 7939
7530 8465
7530 8467
7553 605
7553 7524
7553 8461
7558 618
7558 3574
7558 8479
7558 8480
7624 205
7624 4465
7624 5880
7667 1231
7667 3908
7667 4637
7667 4802
7667 6833
7669 8877
7669 9678
7669 9813
7687 347
7687 1239
7687 5360
7690 789
7690 1077
7690 8525
7690 8572
7729 5346
7729 6853
7729 7939
7729 8601
7729 8602
7754 2177
7755 8622
7796 1073
7796 2600
7796 7206
7803 909
7803 3941
7803 8480
7803 8638
7803 8639
7892 742
7892 7529
7892 8059
7892 8637
7960 2730
8056 600
8056 1233
8056 8817
8056 8819
8069 205
8069 900
8069 6417
8069 8645
8164 3791
8164 8888
8164 8889
8164 8890
8168 1089
8168 1866
8168 8891
8168 8893
8168 8894
8252 8940
8362 4016
8362 9008
8362 9009
8458 1074
8458 3366
8458 6833
8458 8210
8458 9084
8458 9085
8458 9087
8461 8868
8465 9460
8465 10423
8465 10424
8465 10425
8465 10427
8513 203
8513 3697
8513 7032
8572 2753
8572 6362
8572 6787
8572 8710
8673 1838
8673 4094
8673 4254
8673 4916
8719 886
8719 3001
8719 4247
8719 6931
8719 9260
8749 3944
8749 6417
8749 9004
8749 9279
8865 4217
8865 5047
8865 5880
8865 9347
8868 7530
8868 8894
8868 9275
8868 9348
8877 9375
8888 3382
8888 9265
8901 1073
8901 6306
8901 9391
8901 9392
8901 9393
8903 1922
8951 777
8951 2316
8951 9087
8951 9348
8951 9424
9004 3681
9004 3697
9004 8005
9004 8868
9004 9459
9004 9460
9061 1391
9061 9424
9061 9505
9061 9506
9061 9507
9160 205
9160 1866
9160 9583
9268 2320
9268 3287
9279 946
9279 6544
9279 9362
9279 9638
9335 1922
9335 3791
9335 9678
9335 9679
9335 9680
9347 3128
9374 205
9374 7250
9374 9607
9374 9701
9391 2684
9391 9348
9400 4804
9400 5966
9400 9721
9400 9722
9424 9505
9459 9348
9459 9761
9459 9762
9461 397
9474 4336
9474 9147
9474 9790
9545 5048
9545 9810
9545 9811
9545 9813
9583 9882
9672 9391
9684 16
9684 2320
9684 3162
9684 9368
9701 2605
9701 9916
9701 10381
9721 281
9721 3146
9721 9959
9722 1582
9722 9951
9722 9952
9722 9953
9746 350
9746 7431
9746 8467
9813 2176
9813 6712
9813 8749
9813 9368
9813 10013
9882 3739
9882 5346
9882 7529
9882 10067
9916 8467
9916 10107
9916 10108
9951 1922
9951 2753
9951 2893
9952 5388
9952 10134
9952 10135
9959 6194
9959 9780
9959 10136
9959 10138
9964 1158
9964 4094
9964 10141
10011 10063
10045 7238
10045 9536
10045 10188
10063 3504
10063 4861
10063 10197
10063 10198
10063 10199
10067 3639
10079 2634
10135 9460
10135 9953
10135 10265
10135 10266
10135 10267
10141 8513
10141 10079
10155 7238
10163 1074
10163 8458
10163 8525
10163 8888
10163 10286
10163 10287
10199 6770
10199 9348
10199 10322
10207 10013
10330 1074
10330 3382
10330 10398
10376 606
10376 2317
10376 2320
10376 10451
10381 350
10381 2192
10381 5346
10381 10459
10398 10487
10425 10497
10425 10498
10425 10499
10487 8458
10487 9810
10487 9855
10487 10558
10487 10560
10487 10561
10497 5968
10498 777
10498 2634
10498 3681
10498 9147
10498 10565
10498 10568
10557 2412
10557 10618
10561 3911
10561 7071
10561 9147
10561 10622
10618 44
10618 350
10618 777
10618 8942
10618 10658
10618 10660
10635 4916
10635 10678
10635 10679
10648 5725
10679 273
10679 9374
10679 10701
10701 7238
10701 10045
10701 10722
10704 9746
10704 10730
10730 606
10730 2605
10730 4955
10730 7960
10730 10748
10730 10749
10730 10750
10748 4247
10748 10660
10748 10777
10748 10778
10749 7238
10749 9374
10749 10779
10779 9780
