39 156
39 162
39 163
54 145
54 146
54 150
54 152
81 750
81 1014
81 5969
81 5970
81 5971
150 539
150 541
150 543
162 570
162 571
162 573
162 578
162 579
239 844
239 914
239 915
239 917
268 215
268 968
268 969
268 970
268 974
280 1035
280 1038
280 1040
280 1043
311 970
311 3323
311 3327
311 3328
387 1332
387 1336
387 1337
387 1338
387 1339
387 1340
411 1417
411 1419
496 1620
496 1622
496 1624
496 1626
498 1044
498 1606
498 1607
498 1611
516 665
516 914
516 1649
516 1650
516 1651
543 1986
543 1987
550 59
550 1733
550 1734
550 1735
556 539
556 1484
556 1737
556 1740
570 3300
570 3429
570 3793
571 1778
571 1779
586 1332
586 1834
586 1837
713 2162
713 2164
713 2165
750 2249
750 2253
750 2255
750 2256
791 992
791 2181
791 2308
844 1894
844 2453
844 2454
844 2455
891 992
891 1626
891 2561
891 2562
891 2563
968 1338
968 1419
968 2725
968 2727
992 815
992 1616
992 2769
992 2771
1080 241
1080 1260
1080 1337
1080 2908
1082 1921
1082 2454
1082 2620
1082 2910
1082 2913
1101 815
1101 2546
1101 2968
1101 2969
1101 2971
1101 2972
1172 241
1172 498
1172 3078
1180 3100
1180 3101
1180 3102
1180 3103
1180 3104
1188 454
1188 964
1188 2561
1188 3648
1188 3898
1188 7022
1235 239
1235 1101
1235 3323
1235 4715
1243 1172
1243 1543
1243 3227
1243 3228
1332 1080
1332 1606
1332 3331
1332 3332
1332 3333
1339 221
1339 498
1339 1501
1339 3078
1339 3339
1388 1332
1388 2249
1388 3460
1463 2626
1463 3577
1463 3579
1463 3580
1464 969
1464 2725
1464 3569
1493 454
1493 2454
1493 2725
1513 3643
1513 3646
1513 3648
1513 3651
1543 779
1543 1501
1543 3693
1543 3695
1607 791
1607 3792
1611 3300
1611 3796
1611 3798
1622 3805
1622 3808
1624 1733
1626 3814
1626 3815
1626 3816
1665 186
1665 1078
1665 1080
1665 1622
1665 2748
1685 454
1685 964
1685 1462
1685 1740
1685 3898
1713 1034
1713 3924
1713 3925
1734 3960
1740 3798
1740 3898
1772 239
1772 1685
1772 3792
1772 4018
1772 4019
1772 4021
1776 66
1776 454
1776 803
1776 3160
1776 4029
1776 4030
1782 66
1782 570
1782 2813
1782 3619
1782 4036
1834 66
1834 3323
1837 1078
1837 1172
1837 4019
1837 4079
1837 4081
1856 186
1856 3580
1856 4106
1856 4110
1883 570
1883 4125
1948 4030
1948 4209
1948 4210
1948 4211
1948 4213
1948 4214
1987 3643
1987 4253
1987 4255
1987 4256
2019 457
2019 3288
2019 3327
2019 4285
2019 4286
2019 4287
2080 228
2080 1626
2080 4133
2080 4377
2135 1464
2135 2685
2135 2771
2135 2955
2135 3808
2135 4443
2135 4444
2135 4445
2162 3300
2162 3429
2162 3793
2162 4483
2165 1336
2165 4487
2255 4558
2308 250
2343 833
2343 1337
2343 1338
2343 1339
2343 4672
2374 4810
2407 61
2407 787
2407 3718
2407 3808
2407 4752
2407 4754
2419 880
2419 4772
2419 4773
2421 54
2421 2756
2421 3428
2421 4613
2455 411
2455 3793
2455 3795
2455 4110
2455 4767
2477 4223
2477 4613
2477 4827
2477 4828
2523 2727
2523 2968
2523 3428
2523 4889
2523 4890
2546 186
2546 3580
2546 4924
2546 4925
2620 2181
2626 4256
2626 4987
2626 4989
2655 2255
2655 5023
2655 5024
2655 5026
2655 5027
2727 54
2727 2620
2727 4686
2727 5083
2727 5084
2727 5085
2756 1172
2756 1501
2756 3462
2756 3643
2756 4081
2756 5115
2768 250
2769 311
2769 4223
2769 4377
2771 1188
2913 1462
2913 4754
2913 5143
2913 5272
2966 5314
2966 5315
2966 5316
2966 5318
3078 3118
3078 5399
3078 5400
3101 710
3101 974
3101 4163
3101 5399
3103 1078
3167 7397
3167 8207
3193 2181
3193 5514
3193 5516
3199 7758
3199 7759
3199 7760
3199 7761
3199 7762
3199 7763
3199 7764
3199 7765
3199 7766
3204 3577
3204 5522
3204 5523
3300 1338
3300 1857
3300 3032
3300 3204
3300 5591
3403 3327
3403 5697
3403 5698
3410 5702
3410 5703
3410 5704
3410 5705
3410 5706
3460 5743
3462 5760
3643 4623
3643 5952
3651 4613
3651 5020
3651 5612
3795 411
3795 1921
3795 3793
3798 498
3798 1607
3798 2374
3798 5739
3798 6019
3798 6020
3805 4552
3805 6021
3815 6033
3820 145
3820 1232
3820 5533
3820 6035
3820 6036
3879 3193
3879 6091
3924 1733
3924 2626
3924 4097
3924 6136
3925 1883
3925 3290
3925 3815
3925 8536
3925 8725
3925 8862
4000 1082
4000 6205
4000 6206
4000 6207
4019 919
4019 4526
4030 2142
4030 6313
4030 6315
4030 6317
4036 466
4036 710
4036 3167
4036 4163
4036 7944
4036 7945
4036 7946
4067 791
4067 1243
4067 5143
4067 6259
4067 6260
4097 250
4097 571
4097 1232
4097 1338
4097 3879
4097 4732
4097 4987
4097 5142
4097 5371
4097 5916
4125 3798
4152 516
4152 1093
4152 3199
4152 6354
4152 6356
4210 5164
4213 2469
4223 992
4223 2165
4223 2969
4223 5916
4223 6260
4286 665
4286 5046
4286 6431
4286 6432
4385 2135
4385 3628
4385 5516
4385 6490
4385 6492
4526 7475
4526 9113
4552 4036
4552 6218
4564 1685
4564 3101
4564 3798
4564 6440
4564 6667
4752 883
4752 6808
4752 6809
4816 1883
4816 4483
4816 4752
4816 6240
4816 6837
4816 6838
4816 6839
4956 146
4956 5706
4956 6906
4956 6908
4987 7152
4987 7421
4987 8344
4987 8345
5020 1606
5020 6947
5026 1501
5026 6936
5026 6937
5026 6938
5026 6939
5046 550
5046 1232
5046 3628
5046 5318
5046 6918
5046 6949
5055 228
5055 6260
5055 6580
5055 6954
5086 3932
5086 4152
5086 5947
5086 6972
5109 1616
5109 5231
5109 7728
5109 9376
5109 10014
5122 516
5122 6985
5142 3102
5142 5620
5142 6925
5142 7006
5143 665
5143 4255
5143 5231
5143 5947
5143 7009
5231 5967
5231 7101
5231 7102
5240 970
5240 5591
5240 6036
5240 6240
5240 7110
5240 7111
5272 1921
5272 3795
5272 6015
5272 6937
5272 7120
5314 5315
5314 6450
5314 6939
5314 7150
5314 7151
5314 7152
5314 7153
5315 5164
5469 578
5469 2419
5469 3308
5472 4209
5472 7022
5472 7216
5516 2181
5516 5808
5516 7234
5516 7235
5534 3347
5534 3348
5534 6759
5534 7247
5583 880
5583 3167
5583 3798
5583 6019
5587 7276
5588 498
5588 6038
5588 7271
5588 7272
5588 7274
5591 680
5591 3323
5591 7277
5591 7278
5612 150
5612 1340
5612 1713
5612 7321
5698 311
5698 3323
5698 7277
5698 7387
5702 6440
5702 7152
5702 7391
5702 7393
5705 787
5705 8966
5705 10014
5762 1340
5762 3428
5762 4256
5762 7415
5762 7416
5768 3032
5768 5534
5768 7421
5772 241
5772 970
5772 5916
5772 6918
5798 1628
5798 4956
5798 5768
5798 6808
5808 833
5808 1014
5808 2813
5808 3932
5808 4672
5842 787
5842 1093
5842 3898
5842 4715
5842 4987
5842 5143
5842 5947
5842 7457
5842 7458
5916 7520
5928 5046
5928 6939
5947 516
5947 1093
5947 3118
5947 4285
5947 6356
5947 7009
5947 7538
6015 5026
6015 7577
6015 7578
6020 2813
6035 5798
6105 39
6105 280
6105 2453
6105 4526
6105 7626
6177 146
6177 750
6177 4623
6177 7677
6206 1172
6206 3078
6206 3300
6206 7695
6207 803
6207 1607
6207 7016
6207 7688
6240 6985
6240 9556
6272 3462
6272 3925
6272 6450
6356 3579
6356 5970
6356 7235
6356 7795
6418 1093
6432 152
6432 2813
6432 6431
6432 7840
6432 7841
6440 3428
6440 4125
6440 7848
6450 39
6450 6864
6450 7520
6450 7853
6450 7854
6580 6313
6736 3100
6736 3308
6736 5533
6736 7674
6736 7984
6736 7985
6785 2968
6785 7945
6785 8003
6802 1417
6802 5142
6802 6315
6802 7814
6802 8017
6802 8018
6802 8019
6829 7016
6829 7677
6829 8032
6839 815
6839 4623
6839 7232
6839 8045
6839 8046
6937 411
6937 1014
6937 3793
6937 3795
6949 5026
6949 8119
6949 8121
6982 2620
6982 2968
6982 6038
6982 6450
6982 8008
6982 8018
6982 8130
6982 8131
6993 5315
7092 1336
7092 4285
7092 8205
7092 8206
7092 8207
7099 713
7099 1014
7099 1078
7099 4564
7099 8207
7099 8211
7101 5523
7102 2162
7102 7278
7105 8214
7111 162
7111 1040
7111 6315
7111 8224
7120 8235
7173 2756
7173 8265
7173 8266
7212 1078
7212 3118
7216 3815
7216 5084
7216 8103
7216 8297
7216 8298
7222 5798
7222 7272
7222 8051
7222 8299
7222 8300
7232 61
7232 1340
7232 3808
7232 8306
7276 3428
7388 311
7388 7277
7388 7387
7421 1399
7421 6450
7421 6864
7457 4000
7457 6047
7457 8357
7457 8417
7457 8418
7457 8419
7457 8421
7475 3428
7475 7397
7475 8430
7475 8431
7538 8310
7615 3100
7615 3167
7615 4285
7615 4772
7615 6240
7615 8222
7620 1340
7620 2620
7620 5083
7620 8531
7625 2455
7625 6206
7625 6808
7625 8533
7626 2453
7838 970
7918 146
7918 4097
7918 5768
7918 7173
7918 8714
7918 8715
7918 8716
7942 8739
7942 8740
8019 466
8019 2514
8019 8806
8019 8807
8121 8858
8199 589
8199 4209
8199 6918
8224 466
8224 2514
8224 4292
8224 8019
8224 8787
8224 8807
8230 2672
8230 5026
8230 6985
8230 8721
8265 550
8265 5315
8299 454
8299 1776
8299 6036
8299 8969
8299 8970
8299 8971
8344 8997
8345 3101
8345 3339
8345 6000
8345 8998
8345 8999
8369 917
8369 2672
8369 4292
8369 8966
8369 9012
8419 9033
8430 8019
8536 7851
8536 8862
8536 9112
8536 9113
8660 680
8660 1883
8660 9112
8660 9192
8700 2813
8700 6384
8700 8714
8700 9230
8700 9231
8700 9232
8729 241
8729 4754
8729 6918
8729 7889
8729 8287
8739 578
8739 970
8739 6000
8739 9269
8739 9270
8787 1740
8787 6047
8787 9298
8806 5583
8862 1463
8862 3348
8862 8725
8927 7092
8927 7840
8927 8131
8927 8720
8927 8926
8971 7814
9012 750
9012 970
9012 9465
9022 964
9022 2142
9022 2955
9022 4715
9022 9056
9056 1857
9056 2469
9056 3648
9056 3932
9056 9509
9112 1439
9112 3462
9112 8715
9112 9552
9113 1883
9113 3290
9113 3815
9113 8725
9113 9551
9212 411
9212 1921
9212 2813
9212 3793
9212 3795
9212 8720
9212 9189
9212 9213
9263 8660
9263 8725
9425 970
9425 7942
9425 9269
9425 9735
9425 9736
9432 411
9432 1921
9432 3793
9432 9728
9432 9737
9432 9739
9524 5026
9739 3349
9776 152
9776 4816
9866 5967
9866 10050
9866 10052
9905 5928
9905 10086
9905 10087
9905 10088
9905 10089
9950 2672
9950 6937
9950 10129
9950 10130
9955 2771
9955 8310
9955 9113
9966 1417
9966 2771
10036 241
10036 1616
10036 6259
10036 8214
10036 8725
10068 570
10068 3199
10068 10200
10068 10201
10200 10320
10201 1399
10201 5026
10201 10316
10201 10317
10201 10319
10312 1232
10312 1606
10312 9556
10326 4445
10326 7747
10326 9263
10417 221
10417 1340
10417 1665
10417 3167
10446 3924
10446 4286
10446 7889
10446 10527
10446 10528
10465 550
10465 9189
10465 9923
10465 10547
10465 10548
10465 10549
10480 2162
10480 2813
10480 8018
10480 10551
10480 10552
10528 8310
10536 7475
10536 10130
10536 10527
10619 919
10619 10662
10662 4255
10662 7620
10662 10688
10662 10689
10681 311
10681 3462
10681 9923
10681 10250
10721 3925
10721 4715
10721 8019
10721 10741
10741 3793
10751 5315
10780 2469
10780 2813
10780 8214
10780 10728
