12 40
12 41
12 42
12 43
12 44
12 47
12 48
12 49
29 654
60 184
76 208
76 210
76 212
76 214
87 208
87 241
87 245
87 248
101 139
101 314
101 317
101 318
101 319
106 343
106 344
106 347
109 385
109 387
109 388
109 390
109 392
109 394
112 352
112 353
112 357
112 358
112 359
119 103
119 381
119 382
119 384
162 570
162 571
162 573
162 574
162 578
181 359
181 655
181 656
181 660
181 661
181 662
184 564
184 668
184 669
184 672
198 708
198 709
198 710
198 712
198 713
218 564
218 768
218 769
218 770
218 771
218 772
218 773
227 106
227 343
227 344
227 347
227 793
227 794
227 795
231 1269
231 1270
231 1271
231 1273
231 1274
236 256
236 768
236 773
236 836
236 838
236 839
236 840
236 841
236 842
248 76
248 860
248 861
256 291
256 860
256 918
256 922
264 949
264 950
264 951
264 953
264 954
277 637
277 638
277 1006
277 1010
280 264
280 1035
280 1038
280 1043
286 203
286 1073
286 1076
286 1078
286 1080
286 1081
292 317
292 806
292 1083
292 1084
292 1085
292 1088
311 3323
311 3325
311 3326
311 3327
311 3328
314 560
314 596
314 1120
314 1122
314 1123
314 1124
314 1125
314 1128
314 1129
314 1131
314 1133
314 1135
314 1139
317 1149
317 1150
317 1154
317 1156
318 669
318 1166
318 1170
318 1171
318 1172
318 1173
343 44
343 1206
343 1208
344 1212
344 1214
344 1215
347 1237
347 1240
347 1243
347 1244
347 1245
352 700
352 1083
352 1260
352 1264
352 1266
358 224
358 678
358 975
358 1288
358 1290
358 1292
381 1084
381 1320
381 1324
381 1326
385 161
385 2396
385 4338
385 4339
385 4340
387 1332
387 1336
387 1337
387 1338
390 1342
390 1343
390 1345
390 1346
390 1348
430 1462
430 1463
430 1466
430 1467
474 181
474 245
474 249
474 896
474 1539
474 1540
474 1542
519 390
519 1653
519 1655
519 1656
519 1658
519 1660
526 245
526 804
526 1369
526 1662
526 1665
570 2619
570 3300
570 3429
570 6226
571 669
571 1777
571 1778
571 1779
574 1336
574 2396
574 4188
586 390
586 1332
586 1834
586 1836
586 1837
586 1838
586 1839
590 1317
590 1802
590 1840
590 1843
592 1873
592 1874
592 1875
592 1876
592 1877
592 1878
592 1879
592 1880
592 1881
592 1882
596 106
596 343
596 344
596 347
596 794
596 795
620 1918
620 1919
620 1920
637 1963
637 1964
637 1965
637 1966
637 1967
637 1969
638 282
638 1950
638 1951
638 1952
638 1953
638 1955
638 1956
638 1957
654 280
654 1824
654 1988
654 1990
654 1991
654 1994
656 2014
660 2003
660 2004
661 2612
661 4435
661 7049
661 7050
661 7051
661 7052
668 2015
668 2016
668 2019
668 2020
668 2022
669 385
669 1777
669 2015
669 2022
669 2050
678 2070
678 2072
678 2073
678 2075
678 2076
683 2052
683 2057
683 2058
683 2059
702 1808
702 1963
702 5054
702 5055
707 5869
708 1085
708 2155
708 2156
708 2158
708 2161
709 1204
709 2167
709 2168
709 2170
709 2171
713 277
713 474
713 1918
713 2162
713 2164
713 2165
716 392
716 931
716 1171
716 2014
716 2176
716 2177
716 2178
753 198
753 2276
753 2277
753 2279
753 2281
753 2282
768 892
768 2050
794 922
794 2333
794 2334
794 2337
794 2338
838 415
838 2405
838 2406
838 2409
839 1466
839 2396
839 2397
839 2399
839 2400
839 2401
840 2422
840 2427
840 2428
841 256
841 838
841 842
841 1988
841 2416
841 2417
841 2419
842 109
842 2281
842 2430
842 2431
842 2434
842 2435
842 2436
892 900
892 1378
892 2570
892 2572
892 2573
892 2574
892 2575
892 2576
896 509
896 660
896 1665
896 2578
896 2581
916 1391
916 1406
916 2168
916 2603
916 2604
916 2605
916 2607
922 1171
922 2049
922 2609
922 2610
922 2611
922 2612
931 1171
931 2176
931 2652
931 2653
931 2654
931 2656
931 2657
954 2
954 1658
954 2700
954 2701
954 2702
954 2703
971 2140
971 2731
971 2733
971 2735
971 2736
971 2737
972 1062
972 1095
972 2310
972 2762
972 2763
1073 87
1073 161
1073 282
1073 2304
1073 3181
1076 352
1076 1283
1076 1858
1076 2022
1076 2891
1076 2892
1076 2893
1080 241
1080 1260
1080 1337
1080 2907
1080 2908
1084 5795
1085 2921
1102 87
1102 1244
1102 1365
1102 2938
1102 2939
1102 2940
1102 2941
1102 2943
1122 1665
1122 2982
1122 2983
1122 2984
1122 2985
1123 2127
1123 2995
1123 2998
1128 1150
1128 2991
1128 2994
1135 435
1135 2070
1135 3008
1140 1919
1140 2991
1140 3012
1140 3014
1154 344
1154 794
1154 795
1166 76
1166 249
1166 1338
1166 1879
1166 3081
1166 3083
1171 343
1171 344
1171 347
1171 794
1171 3028
1171 3074
1172 241
1172 3077
1172 3079
1192 804
1192 1406
1192 3111
1192 3112
1199 839
1199 3133
1199 3135
1199 3136
1204 198
1204 637
1204 638
1204 1919
1204 2649
1204 2650
1204 2651
1212 381
1214 1388
1214 3162
1214 3165
1243 1172
1243 1955
1243 2822
1243 3227
1243 3228
1244 1995
1245 3204
1245 3205
1245 3206
1245 3207
1245 3209
1269 1320
1269 1907
1269 3231
1269 3233
1269 3234
1274 319
1274 574
1274 1891
1274 2059
1274 2070
1274 3133
1283 1199
1292 876
1292 2427
1292 3224
1292 3256
1292 3259
1305 41
1305 249
1305 1655
1305 3283
1305 3284
1305 3285
1305 3286
1315 2
1315 2170
1315 2578
1315 2701
1315 3294
1315 3296
1315 3519
1315 3520
1315 3523
1317 3077
1317 8594
1317 8870
1317 9016
1317 9017
1317 9019
1324 161
1324 1204
1324 1365
1324 1918
1324 3319
1324 3321
1332 1080
1332 1135
1332 3331
1332 3332
1332 3333
1332 3335
1348 256
1348 1467
1348 3352
1367 1084
1367 1389
1367 1508
1367 3402
1367 3403
1367 3404
1367 3405
1369 679
1369 3390
1378 1405
1378 2355
1378 2574
1378 3414
1378 3416
1384 876
1384 1006
1384 3441
1384 3442
1384 3444
1388 48
1388 1332
1388 2249
1388 3126
1388 3460
1389 3524
1389 3526
1391 3203
1391 3461
1391 3463
1391 3466
1400 162
1400 343
1400 861
1400 2193
1400 2338
1400 3489
1463 1750
1463 2882
1463 3577
1500 2446
1500 3229
1500 3284
1500 3639
1500 3640
1500 3641
1500 3642
1540 241
1540 1204
1540 1562
1540 2570
1540 3720
1540 3721
1542 1915
1542 3696
1561 2431
1561 3759
1561 3760
1561 3762
1624 1733
1655 400
1655 860
1655 1342
1655 1805
1655 2991
1655 3206
1655 4046
1655 5216
1655 7591
1655 7887
1655 8135
1655 9403
1655 9482
1655 9768
1655 9769
1655 9770
1655 9771
1655 9776
1655 9777
1656 392
1656 1133
1656 1658
1658 1662
1658 2660
1658 3851
1658 3852
1658 3853
1658 3854
1658 3855
1660 1562
1660 1668
1660 1802
1660 2940
1660 3862
1665 186
1665 660
1665 949
1665 1078
1665 1080
1665 2748
1665 2952
1677 9635
1677 10111
1677 10346
1682 186
1682 2651
1682 3093
1682 3810
1682 3884
1682 3886
1713 564
1713 1034
1713 1879
1713 3924
1713 3926
1718 620
1718 4685
1718 7097
1718 7099
1718 7100
1742 106
1742 343
1742 347
1742 793
1742 794
1742 795
1750 592
1750 3231
1750 3977
1750 3979
1750 3980
1750 3981
1756 29
1756 3619
1756 3855
1756 3993
1756 3994
1758 184
1758 590
1758 1264
1758 1467
1758 4004
1782 344
1782 570
1782 3458
1782 3619
1787 1243
1787 4772
1787 4792
1787 6890
1787 8255
1805 972
1805 1481
1805 4043
1805 4044
1805 4046
1808 317
1808 4047
1808 4050
1808 4051
1824 1994
1824 3083
1824 3456
1834 161
1834 3323
1837 1078
1837 1172
1837 2127
1837 2665
1837 4079
1838 106
1838 343
1838 344
1838 347
1838 793
1838 794
1838 795
1839 564
1839 2311
1839 4083
1839 4084
1840 2541
1840 3088
1840 3390
1840 4041
1856 186
1856 4104
1856 4106
1856 4109
1856 4110
1881 1824
1881 4097
1881 4118
1881 4120
1883 570
1883 3314
1883 4130
1919 282
1919 353
1919 1125
1919 2311
1920 953
1920 3994
1920 4175
1920 4176
1937 916
1937 4185
1937 4186
1937 4188
1937 4189
1942 2156
1942 2653
1942 4083
1942 4200
1952 1953
1953 1062
1953 1773
1953 4215
1953 4216
1953 4217
1955 1963
1955 2522
1955 3912
1955 4222
1955 4225
1955 4226
1963 2072
1963 2796
1963 4234
1963 4235
1963 4236
1963 4237
1967 106
1967 343
1967 344
1967 347
1967 793
1967 794
1967 795
1988 3520
1988 10804
2004 40
2004 203
2004 384
2004 1034
2004 4277
2004 4278
2014 4284
2016 4351
2019 2946
2019 3327
2019 4287
2022 736
2022 1367
2022 1808
2022 2796
2022 3181
2022 4300
2022 4301
2025 2607
2025 4308
2025 4310
2045 702
2045 3111
2045 3181
2045 4331
2045 4332
2045 4333
2050 1969
2050 3508
2050 4109
2050 4334
2052 2892
2052 3130
2052 3785
2052 4362
2057 1326
2057 2411
2057 2775
2057 3180
2057 4348
2073 1102
2073 1660
2073 2415
2073 2939
2073 4367
2085 900
2085 1274
2085 4054
2085 4387
2101 314
2102 385
2102 1787
2102 1983
2102 3862
2102 4400
2103 584
2103 931
2103 1575
2103 1965
2103 2178
2103 4387
2103 4405
2103 4407
2127 4446
2127 4447
2127 4449
2127 4450
2128 224
2128 1778
2128 3461
2128 4188
2128 4435
2128 4436
2130 1856
2130 3093
2130 3181
2130 4333
2162 3300
2162 3429
2162 3828
2162 4483
2165 1336
2165 1953
2165 2193
2165 4044
2165 4487
2170 4556
2170 4557
2171 4490
2178 1787
2178 4900
2178 7179
2178 7180
2178 7181
2182 161
2182 3539
2182 6455
2182 6721
2182 6723
2203 1243
2203 1365
2203 3548
2203 4508
2218 3887
2218 4185
2218 4188
2218 4533
2218 4535
2273 1858
2273 3093
2273 3224
2273 4345
2277 1062
2277 2989
2277 3787
2277 4331
2277 4581
2281 343
2281 795
2281 3672
2282 1462
2282 2400
2282 4592
2311 4084
2324 1303
2324 2102
2324 2182
2324 3733
2324 4104
2324 4638
2326 1156
2326 2550
2326 3461
2326 4189
2326 4640
2337 319
2337 430
2337 560
2337 4663
2348 2607
2348 4789
2355 4790
2383 347
2383 1891
2383 2946
2383 3659
2383 4122
2399 4738
2400 2016
2400 4562
2400 4702
2400 4741
2400 4742
2406 256
2406 564
2406 4744
2406 4746
2409 241
2409 1266
2409 3489
2409 4756
2411 1575
2411 4851
2415 679
2415 839
2415 1500
2415 2279
2415 2513
2415 4766
2416 347
2416 387
2416 736
2416 838
2416 931
2416 1088
2416 1391
2416 1967
2416 2176
2416 2273
2416 2326
2416 2406
2416 2419
2416 2664
2416 3375
2416 4345
2416 4407
2416 4801
2416 4805
2416 4808
2416 4809
2417 11
2417 860
2417 2279
2417 4770
2419 840
2419 1988
2419 2182
2419 4772
2419 4773
2422 87
2430 4362
2430 4783
2430 4785
2430 4786
2430 4787
2431 4790
2435 347
2435 435
2435 3659
2435 4797
2435 4799
2435 4800
2438 1983
2438 2932
2438 3206
2438 4791
2438 4792
2438 4793
2487 106
2487 343
2487 344
2487 347
2487 793
2487 794
2487 795
2497 707
2497 1171
2497 2660
2497 3229
2497 4860
2497 4862
2513 186
2513 4879
2513 4880
2513 4881
2513 4882
2513 4883
2513 4884
2513 4885
2513 4886
2513 4887
2522 4888
2527 44
2527 1713
2527 2736
2527 3130
2541 1315
2541 1324
2541 1891
2541 2873
2541 4915
2542 1365
2542 1985
2550 2075
2552 2998
2552 3206
2552 3851
2552 4928
2552 4929
2552 4930
2574 103
2574 2634
2574 2665
2574 2998
2574 4460
2581 3014
2597 560
2597 1660
2597 4953
2597 4955
2600 949
2600 4953
2600 4964
2600 4967
2603 3461
2603 4185
2603 4562
2603 4961
2603 4962
2603 4963
2603 4964
2605 11
2605 1240
2605 1907
2605 4968
2605 4971
2612 1315
2612 1983
2612 4974
2619 2617
2619 4928
2619 4984
2634 3099
2634 3724
2634 5004
2634 5005
2634 5007
2649 1963
2650 1919
2650 2656
2650 2983
2650 2991
2650 5016
2651 2033
2651 2512
2651 5034
2651 5035
2651 5036
2651 5037
2653 3961
2653 5018
2654 2058
2656 1324
2656 5129
2660 2853
2660 3335
2660 4560
2675 1150
2675 1365
2675 1883
2675 5039
2700 282
2700 3083
2700 4967
2736 1963
2736 2502
2736 4984
2763 343
2763 794
2763 2497
2763 2772
2763 3458
2763 5120
2775 382
2775 570
2775 1324
2775 1342
2775 1481
2775 3645
2775 4225
2775 4772
2796 3323
2796 5159
2796 5161
2796 5162
2815 1172
2815 1637
2815 3032
2815 3079
2815 5183
2815 5185
2815 5186
2853 396
2853 1521
2853 1750
2853 2772
2853 4407
2853 5219
2882 679
2882 3093
2882 3810
2882 4104
2882 5239
2882 5241
2891 661
2891 746
2891 2550
2891 4900
2891 5245
2891 5246
2893 344
2893 347
2893 793
2893 794
2893 795
2893 5249
2893 5250
2893 5251
2912 245
2912 2128
2912 2431
2912 5269
2928 292
2928 3787
2928 5291
2940 931
2940 5300
2940 5301
2943 777
2943 1303
2943 4962
2943 5293
2943 5294
2943 5295
2952 161
2952 1062
2952 1240
2952 3112
2952 4277
2956 3326
2983 1006
2983 4310
2985 4144
2985 5129
2985 5330
2989 44
2989 629
2989 2177
2989 2396
2989 2873
2989 5396
2994 1521
2994 2983
2994 4583
2994 4733
2994 5332
2995 2130
2995 4832
2995 5333
3021 292
3021 3335
3021 3787
3021 5040
3021 5359
3028 900
3028 1915
3028 1964
3028 3760
3028 5365
3043 950
3043 1369
3043 1385
3043 1858
3043 2750
3043 5367
3088 5333
3088 5411
3088 5417
3088 5418
3088 5419
3093 2033
3093 4104
3093 5414
3111 5545
3123 2310
3123 7591
3126 277
3126 661
3126 2998
3126 3012
3126 5036
3130 560
3130 841
3130 3165
3130 4468
3133 106
3133 344
3133 347
3133 5469
3133 5470
3135 48
3135 236
3135 1773
3135 2928
3135 5465
3135 5466
3135 5467
3135 5468
3180 1824
3180 4047
3180 5574
3181 3639
3181 4333
3181 5369
3181 5513
3204 277
3204 3577
3204 5521
3204 5523
3207 392
3207 4685
3207 6116
3207 6665
3207 6862
3224 3862
3229 1154
3229 1406
3229 5521
3229 5541
3251 1907
3251 2076
3251 5555
3251 5556
3251 5557
3256 1062
3256 1665
3256 5185
3284 3181
3285 669
3285 1001
3285 1156
3285 2190
3285 2941
3285 5579
3300 1249
3300 1338
3300 1857
3300 3032
3300 3204
3300 5591
3300 5592
3300 5593
3314 4407
3335 3328
3352 1963
3352 3912
3352 4226
3352 5643
3365 5521
3368 44
3368 1376
3368 2654
3368 3593
3368 4886
3368 5666
3375 44
3375 280
3375 1391
3375 2502
3375 3371
3375 4953
3402 1078
3402 1244
3402 2597
3402 9091
3402 9166
3403 574
3403 700
3403 949
3403 1102
3403 3327
3403 4235
3403 4376
3403 5697
3403 5698
3404 5701
3441 672
3441 1857
3441 2438
3441 3961
3441 4176
3441 5736
3460 5743
3520 1345
3523 772
3523 2076
3523 4175
3523 5833
3548 5826
3639 1953
3639 2772
3639 2983
3639 4215
3639 4217
3645 347
3645 5887
3645 5889
3679 574
3679 637
3679 700
3679 1376
3679 5911
3679 5912
3679 5914
3687 382
3687 736
3687 1084
3687 2570
3687 3133
3720 3083
3752 2240
3752 4331
3752 4789
3752 5557
3752 5974
3752 5975
3752 5977
3775 753
3775 3233
3775 3544
3775 3619
3810 1405
3810 4950
3810 6028
3810 6029
3887 2578
3887 2873
3887 2882
3887 6107
3903 623
3903 2190
3903 3539
3903 4215
3903 5367
3912 620
3912 1802
3912 1963
3912 4226
3912 6121
3923 388
3923 390
3923 394
3923 1562
3923 2193
3923 2311
3924 1733
3924 1802
3924 4097
3924 6136
3926 2383
3926 4235
3926 6141
4004 6222
4039 382
4039 772
4039 6093
4039 6224
4046 2162
4046 5979
4046 6229
4046 6231
4051 381
4051 564
4051 2892
4051 6236
4051 6237
4054 1750
4054 6245
4054 6246
4054 6247
4064 526
4064 1010
4064 2140
4064 2603
4067 1088
4067 1243
4067 5979
4067 6258
4067 6260
4097 11
4097 571
4097 746
4097 1088
4097 1338
4097 1915
4097 1964
4097 2497
4097 3442
4097 4047
4097 4832
4097 5371
4097 5433
4097 5468
4097 5780
4106 5924
4120 683
4120 2396
4120 3903
4120 5216
4120 5726
4122 47
4122 4800
4122 4862
4122 6258
4122 6320
4138 76
4138 1140
4138 1324
4138 3458
4144 382
4144 3645
4144 4044
4144 5330
4150 2701
4150 5979
4150 6345
4150 6346
4150 6347
4189 3466
4189 4955
4215 1832
4215 4217
4222 1001
4222 2882
4222 3461
4226 1964
4226 4054
4226 4685
4226 4929
4226 6391
4226 6392
4237 343
4237 753
4237 2653
4237 3371
4237 6391
4237 6399
4237 6400
4277 2155
4277 2844
4277 3390
4277 6427
4277 6428
4287 1320
4331 241
4331 2665
4331 2938
4331 3088
4331 4948
4331 6460
4333 4054
4338 109
4338 678
4338 1548
4338 4340
4338 5433
4362 2617
4362 2619
4362 5649
4362 6119
4362 6483
4362 6485
4385 5036
4385 5643
4385 6399
4385 6490
4385 6491
4385 6492
4407 2805
4407 3639
4407 5777
4407 6527
4407 6528
4411 2552
4411 2805
4411 2844
4411 3390
4411 4577
4411 6525
4411 6526
4414 2597
4467 2070
4467 3539
4467 6093
4467 6488
4476 3325
4533 1969
4557 772
4557 1345
4560 382
4560 3145
4560 5997
4560 6665
4560 6666
4583 12
4583 3135
4583 6304
4583 6681
4583 6683
4592 972
4592 1802
4592 6689
4592 6690
4627 2617
4627 2619
4627 4138
4627 4362
4627 4685
4627 5649
4744 5468
4744 6452
4746 2140
4746 2570
4746 2750
4746 3639
4752 44
4752 1988
4752 2396
4752 6809
4777 161
4777 560
4777 772
4777 1288
4777 2502
4777 4407
4792 804
4800 1988
4800 6830
4800 6831
4816 1883
4816 4483
4816 4752
4816 6837
4816 6838
4816 6839
4838 11
4838 224
4838 2991
4838 6857
4838 6858
4862 4577
4862 6868
4865 1824
4865 2701
4865 6689
4865 6874
4874 347
4874 2527
4874 3672
4874 3862
4874 6879
4928 660
4928 3224
4928 5231
4928 5826
4928 6689
4928 6888
4928 6889
4928 6890
4930 3687
4930 6892
4930 6893
4930 6894
4930 6895
4955 2763
4955 3458
4964 5301
4964 6799
4964 6911
4964 6913
4964 6915
4983 2991
4983 3659
4983 6920
4984 3548
4984 4983
4984 5330
4984 5505
4984 6919
5055 6260
5055 6689
5055 6953
5055 6954
5075 1915
5075 2513
5075 3165
5075 6452
5075 6964
5075 6965
5161 2058
5161 2177
5161 2873
5161 7028
5185 477
5185 2190
5185 2941
5185 5579
5185 7055
5185 7056
5204 4950
5204 6841
5204 7073
5204 7074
5204 7075
5204 7076
5204 7077
5216 392
5216 2619
5216 3559
5216 3640
5216 4334
5216 4948
5222 1548
5222 2399
5222 4790
5222 7093
5222 7094
5231 5967
5231 6889
5231 7065
5231 7101
5231 7102
5241 106
5241 344
5241 794
5241 795
5293 953
5293 3787
5293 6245
5295 1249
5295 3111
5295 3851
5295 5301
5295 7140
5295 7141
5295 7142
5295 7143
5330 2750
5330 5016
5330 5997
5330 7160
5359 1805
5359 1953
5359 5574
5359 7166
5466 1832
5466 2497
5466 5470
5466 7214
5468 2570
5468 3548
5468 6304
5469 578
5469 1088
5469 2419
5482 3672
5482 4929
5482 6391
5482 6980
5482 7227
5505 1718
5505 2805
5505 4685
5505 6452
5556 3414
5556 7260
5556 7261
5556 7262
5556 7263
5591 381
5591 3323
5591 3456
5591 7277
5591 7278
5591 7279
5593 4308
5593 7281
5593 7282
5698 311
5698 2952
5698 3323
5698 7277
5698 7387
5726 7445
5736 2240
5736 5367
5819 2190
5901 753
5901 1365
5901 1918
5901 6640
5901 7505
5901 7506
5911 2984
5911 6428
5911 7511
5911 7512
5911 7515
5968 344
5968 347
5968 794
5968 795
5968 2574
5968 5921
5977 2907
5977 3012
5977 3799
5977 6500
5977 7557
5979 198
5979 710
5979 892
5979 7559
6222 5979
6222 6666
6231 1305
6231 2607
6231 7262
6231 7711
6247 7710
6257 1575
6257 1883
6257 2600
6257 4405
6257 7723
6276 836
6276 900
6276 1288
6276 5182
6276 7735
6283 319
6283 381
6283 1369
6283 1985
6283 7674
6283 7736
6304 1085
6304 2634
6304 3090
6304 3745
6304 5317
6307 3903
6345 620
6345 2396
6345 7168
6345 7793
6386 1324
6386 4215
6386 6029
6386 7809
6386 7810
6386 7811
6392 2075
6392 2428
6392 3851
6392 5369
6392 7815
6392 7816
6392 7817
6428 2984
6428 5521
6428 7838
6428 7839
6452 1192
6452 3456
6452 7030
6452 7852
6458 2240
6458 2603
6458 3759
6458 6666
6458 7856
6458 7857
6515 109
6515 638
6515 709
6575 1249
6575 2512
6575 2912
6575 6868
6575 7887
6575 7906
6640 1918
6640 7979
6681 1919
6681 2995
6681 3405
6681 4967
6681 5997
6681 7055
6690 900
6690 1199
6690 2417
6723 2434
6723 2893
6723 2995
6723 7714
6723 7975
6723 7976
6723 7977
6723 7978
6830 2603
6830 3745
6830 7076
6830 8034
6834 203
6834 311
6834 2075
6834 2873
6834 5301
6839 2396
6839 8045
6839 8046
6841 2907
6841 5692
6841 6093
6841 7924
6841 8048
6841 8049
6841 8050
6841 8051
6861 2782
6861 3923
6861 4411
6861 8065
6890 311
6890 3787
6890 7160
6890 8086
6891 2324
6891 7160
6891 7859
6892 2310
6892 8088
6892 8090
6892 8091
6892 8093
6905 311
6905 319
6905 2177
6905 5214
6945 3539
6945 6491
6953 385
6953 6257
6998 654
6998 1839
6998 3296
6998 5592
6998 6428
6998 8122
6998 8144
7050 3294
7050 6257
7050 6953
7050 8181
7075 101
7075 2701
7097 1123
7097 2801
7097 3145
7097 4560
7097 8208
7097 8209
7099 713
7099 1078
7099 8211
7100 388
7100 768
7100 1836
7100 4874
7100 6945
7100 7433
7101 396
7101 5523
7101 6245
7102 2162
7102 2333
7102 7278
7102 8213
7160 672
7160 3752
7160 8263
7180 5040
7180 6428
7180 7811
7180 7924
7259 311
7259 4411
7259 4468
7259 8325
7263 8330
7279 5649
7282 7024
7282 7887
7388 311
7388 319
7388 4051
7388 5018
7388 7277
7388 7387
7433 3679
7433 5819
7433 8196
7433 8407
7474 1832
7474 4362
7474 5016
7474 6811
7474 8428
7474 8429
7493 2409
7493 6683
7493 8442
7493 8443
7493 8444
7505 6500
7505 8445
7505 8447
7505 8449
7505 8450
7505 8451
7506 623
7506 8342
7666 1400
7705 975
7705 2430
7705 6920
7705 8122
7710 2177
7754 2177
7754 8636
7791 2570
7791 3402
7791 7282
7791 8631
7809 8603
7817 381
7817 8631
7817 8646
7817 8648
7859 2651
7859 7052
7859 8665
7929 241
7929 1778
7929 2415
7929 8727
8093 1166
8093 2873
8093 6525
8093 8648
8093 8841
8144 1548
8144 2853
8144 8871
8144 8872
8196 1336
8196 3746
8196 4097
8196 4325
8196 8915
8196 8916
8196 8917
8213 4054
8263 669
8315 4054
8342 892
8342 1964
8342 6525
8342 8996
8428 8109
8443 48
8443 236
8443 1985
8443 2928
8443 3135
8443 9043
8444 2989
8624 860
8624 3099
8624 9157
8624 9159
8654 343
8654 1995
8654 3520
8654 9182
8654 9183
8654 9184
8654 9185
8656 44
8656 277
8656 1006
8657 2552
8657 6107
8657 9188
8657 9190
8665 9197
8678 2605
8815 2701
8815 8342
8815 9307
8815 9308
8815 9310
8865 578
8865 637
8865 3903
8865 4217
8865 9347
8901 1073
8901 1264
8901 1824
8901 9391
8901 9392
8901 9393
8916 9403
8950 400
8950 804
8950 1391
8950 2184
8950 9422
8950 9423
8961 4084
8976 1655
8976 3659
8996 2782
8996 7710
8996 9452
8996 9453
9146 570
9146 2400
9146 5016
9146 9568
9159 396
9166 2333
9166 5216
9166 5397
9166 8241
9166 9588
9391 162
9391 311
9391 6029
9391 9091
9422 3123
9445 4592
9445 7859
9445 8183
9445 8342
9445 9749
9445 9750
9445 9751
9456 2165
9456 4744
9456 5466
9466 3787
9478 477
9478 1787
9478 2581
9478 6899
9478 7056
9590 245
9590 4862
9590 5216
9590 9781
9590 9838
9590 9839
9590 9840
9590 9841
9635 3544
9635 9147
9635 9478
9635 9885
9635 9886
9668 620
9668 6107
9768 396
9768 5367
9768 9985
9771 394
9771 7591
9771 8086
9771 9988
9776 152
9776 319
9776 4816
9776 7363
9786 161
9786 9307
9839 1883
9839 4064
9839 5295
9839 9777
9839 9846
9841 3659
9841 5736
9841 6899
9841 9776
9841 10029
9843 400
9843 1836
9843 6525
9843 9749
9843 10028
9866 4046
9866 5967
9866 10050
9866 10052
9877 42
9877 1777
9877 2075
9877 2182
9877 2552
9877 3677
9877 8342
9877 10068
9924 2182
9924 2660
9924 9635
9924 10111
9943 709
9943 1367
9943 2338
9943 3458
9943 10123
9943 10124
9943 10125
9988 4054
10029 1342
10068 570
10068 10111
10068 10200
10075 184
10075 3539
10075 3924
10075 4186
10075 6945
10075 10232
10111 9403
10111 10254
10111 10255
10125 1240
10125 4411
10125 9453
10189 3520
10189 8059
10189 10306
10189 10307
10200 10320
10208 1199
10208 8135
10208 9635
10208 10111
10223 161
10223 1338
10223 2853
10223 3539
10223 9786
10268 10360
10270 42
10270 1244
10270 9740
10306 1994
10306 2989
10306 5819
10340 245
10340 4122
10340 4862
10340 9838
10346 430
10346 9750
10360 860
10417 1665
10417 10425
10417 10497
10425 3520
10425 10124
10425 10497
10425 10498
10425 10499
10425 10500
10497 5968
10498 777
10498 2634
10498 9147
10498 10565
10498 10566
10498 10567
10498 10568
10500 975
10500 6121
10500 9635
10559 975
10559 6500
10559 7705
10559 10620
10559 10621
10566 430
10566 2383
10566 10111
10618 44
10618 777
10618 1773
10618 10658
10618 10659
10618 10660
10705 1283
10705 4556
10705 9985
10705 10719
10705 10720
10719 10738
10719 10740
10730 2605
10730 4955
10730 9740
10730 10748
10730 10749
10730 10750
10748 161
10748 8656
10748 10660
10748 10777
10748 10778
10749 3327
10749 6841
10749 10779
