17 38
65 64
77 67
80 30
82 31
85 32
86 33
88 37
125 16
198 61
202 62
204 63
217 3
232 0
233 1
237 29
245 4
246 68
249 11
294 34
296 2
297 35
298 36
309 65
312 66
318 76
340 7
356 54
386 88
389 89
463 90
465 92
470 9
471 10
474 14
477 15
526 25
646 47
679 8
708 44
711 45
714 60
825 28
868 98
978 99
1070 109
1166 73
1170 74
1173 75
1213 110
1302 46
1306 52
1307 53
1318 116
1328 85
1329 86
1331 87
1369 23
1408 117
1416 118
1428 122
1429 123
1489 105
1526 91
1539 12
1541 13
1591 134
1602 55
1662 24
1666 135
1720 137
1738 138
1747 78
1757 148
1836 149
1879 69
1898 150
2054 56
2090 102
2137 159
2149 160
2153 39
2155 40
2158 41
2160 42
2161 43
2167 161
2172 57
2173 58
2175 59
2261 167
2300 119
2475 171
2482 208
2543 96
2544 97
2567 106
2581 212
2608 111
2680 215
2781 259
2782 216
2805 260
2823 268
2844 269
2866 100
2881 235
2902 273
2909 276
2923 277
2933 103
2958 139
2960 278
2973 279
2981 280
2993 282
2995 283
3014 211
3054 163
3080 71
3081 72
3082 17
3175 284
3211 285
3258 286
3268 140
3299 115
3367 288
3387 20
3389 21
3390 22
3423 164
3486 219
3487 292
3491 295
3499 168
3515 120
3516 121
3595 77
3602 304
3610 104
3701 305
3765 131
3766 132
3768 133
3837 314
3920 316
3948 136
3988 143
3989 147
4028 317
4045 318
4046 326
4064 328
4065 94
4080 330
4105 270
4132 333
4181 334
4186 335
4190 218
4202 145
4261 210
4277 339
4318 342
4353 343
4361 344
4368 345
4392 217
4407 348
4411 352
4452 151
4453 152
4454 153
4455 154
4456 155
4457 156
4458 157
4460 158
4480 353
4525 238
4565 165
4566 166
4577 349
4590 221
4628 354
4699 356
4775 331
4831 205
4832 206
4833 207
4856 141
4862 366
4918 95
4954 367
4969 392
4972 398
4998 5
5033 261
5042 213
5044 200
5045 214
5116 231
5145 233
5146 172
5147 240
5148 258
5196 264
5197 266
5198 267
5248 234
5260 271
5261 173
5262 272
5266 274
5268 275
5308 241
5309 262
5327 319
5375 162
5407 70
5433 399
5458 400
5479 401
5491 193
5570 402
5592 403
5599 112
5602 113
5603 114
5607 222
5659 201
5660 287
5678 18
5679 19
5758 299
5776 289
5777 290
5778 291
5780 293
5781 142
5783 294
5805 404
5927 407
5979 324
5989 124
5990 125
5991 126
5992 127
5993 128
5994 129
5995 130
6026 408
6029 409
6042 413
6056 306
6058 311
6059 312
6060 313
6064 414
6104 182
6133 315
6167 301
6198 146
6216 416
6229 325
6239 263
6248 187
6249 327
6261 93
6281 48
6308 232
6316 220
6330 417
6340 81
6370 332
6378 418
6381 144
6386 421
6408 82
6410 209
6425 397
6427 336
6428 338
6430 226
6439 101
6444 422
6453 341
6493 321
6523 350
6526 351
6527 346
6528 347
6621 423
6631 424
6649 236
6650 237
6711 79
6715 176
6760 355
6828 6
6851 174
6852 204
6861 431
6865 432
6869 365
6881 433
6891 434
6899 300
6901 307
6951 26
6973 265
6978 435
6981 239
6984 438
6986 230
6999 439
7013 256
7014 257
7023 309
7025 310
7056 302
7090 440
7103 446
7128 412
7133 447
7159 448
7180 452
7182 455
7193 456
7236 458
7240 107
7251 461
7259 463
7266 464
7318 470
7379 471
7419 223
7522 188
7526 405
7527 406
7559 322
7560 323
7567 429
7569 472
7590 340
7592 175
7597 445
7604 425
7613 415
7621 179
7622 180
7623 181
7650 475
7679 477
7712 183
7713 185
7714 186
7722 479
7725 383
7735 83
7753 480
7786 80
7804 358
7810 419
7811 420
7836 396
7839 337
7844 224
7845 225
7871 320
7873 308
7875 281
7883 249
7903 485
7940 488
7956 496
7973 499
7996 27
7998 478
7999 491
8054 202
8055 203
8065 430
8068 357
8070 361
8071 362
8072 363
8073 364
8087 50
8102 84
8125 500
8126 436
8132 437
8134 227
8135 228
8136 229
8157 244
8158 255
8239 410
8240 411
8268 451
8273 453
8274 454
8277 489
8316 459
8317 460
8325 462
8331 486
8333 502
8363 503
8405 490
8406 504
8454 506
8483 426
8485 427
8486 428
8502 441
8503 442
8504 443
8505 444
8558 508
8562 476
8591 184
8641 511
8679 512
8709 484
8713 513
8736 487
8737 177
8750 51
8752 495
8764 516
8767 497
8768 498
8779 393
8805 517
8823 199
8824 359
8825 360
8829 518
8831 49
8875 297
8878 245
8879 246
8880 252
8881 253
8882 254
8883 242
8884 243
8906 520
8908 195
8929 523
8957 449
8959 450
8973 526
8987 527
8992 501
9037 189
9049 505
9052 530
9063 521
9071 537
9114 542
9119 507
9163 544
9186 545
9245 481
9246 482
9247 483
9252 250
9253 465
9254 466
9255 467
9256 468
9257 469
9280 493
9281 494
9283 514
9284 515
9313 178
9314 197
9315 198
9319 372
9358 519
9373 296
9377 169
9378 251
9395 370
9396 553
9410 368
9411 522
9433 194
9442 524
9443 525
9467 554
9477 298
9478 303
9493 528
9494 529
9510 533
9511 536
9587 543
9590 558
9594 565
9604 457
9614 534
9629 567
9637 492
9659 192
9661 196
9665 371
9693 568
9694 571
9714 551
9715 552
9732 563
9745 391
9781 555
9783 572
9787 535
9807 531
9809 532
9821 573
9835 170
9836 574
9838 556
9840 557
9847 576
9849 564
9859 566
9867 390
9869 577
9886 578
9902 580
9903 190
9904 191
9927 570
9945 546
9946 549
9948 550
9960 559
9961 560
9962 561
9963 562
9969 581
9998 582
10005 584
10006 583
10018 538
10021 587
10035 575
10043 591
10053 369
10054 377
10056 378
10057 388
10058 389
10059 598
10075 613
10080 247
10082 614
10114 569
10120 373
10121 579
10126 547
10127 548
10128 248
10137 623
10166 585
10167 586
10173 601
10184 588
10186 589
10187 590
10193 376
10195 596
10196 597
10202 539
10220 540
10221 541
10231 610
10232 611
10233 612
10269 622
10274 509
10275 510
10290 384
10297 599
10299 600
10308 374
10309 375
10310 595
10315 624
10339 602
10340 603
10341 604
10342 605
10343 606
10344 609
10348 379
10349 387
10350 329
10359 621
10383 593
10384 594
10390 108
10394 394
10395 395
10404 608
10415 615
10416 617
10418 619
10419 620
10434 628
10438 473
10439 474
10443 635
10467 592
10494 616
10495 618
10508 648
10513 607
10515 625
10516 626
10517 627
10520 634
10534 649
10567 644
10569 655
10577 647
10589 629
10590 632
10591 633
10599 656
10623 657
10625 650
10626 382
10627 654
10629 636
10630 637
10631 638
10632 646
10643 630
10644 631
10663 659
10667 651
10668 652
10669 653
10670 380
10672 381
10674 641
10675 642
10676 643
10677 645
10690 661
10691 658
10697 639
10698 640
10703 665
10712 660
10717 663
10718 664
10726 666
10737 662
10742 673
10757 386
10768 667
10769 668
10772 669
10773 672
10776 676
10786 385
10798 671
10802 674
10803 675
10819 670
