16 0
17 478
23 487
77 490
79 1
80 478
82 470
83 478
84 478
85 199
86 100
88 478
102 429
108 479
111 480
113 485
114 393
116 486
153 513
195 478
215 36
223 478
225 224
226 225
229 230
232 2
233 3
239 29
240 478
268 478
273 478
278 50
294 471
295 475
297 476
298 477
309 488
310 90
312 489
316 233
328 518
340 88
342 37
351 520
355 197
360 482
362 226
364 483
366 484
373 200
379 166
399 51
401 201
411 10
413 525
416 351
446 528
456 143
467 349
491 103
499 529
518 30
545 160
548 491
549 503
550 510
552 511
553 154
554 443
555 512
572 6
585 7
591 478
597 551
604 209
605 478
635 134
645 552
657 557
659 155
673 564
686 553
689 565
701 147
704 478
705 478
711 566
717 575
720 32
730 61
734 386
739 576
741 191
786 124
787 198
792 478
799 227
800 228
802 229
807 495
844 21
845 31
846 478
848 231
857 590
858 595
868 598
871 276
884 577
903 496
905 167
912 25
914 26
915 27
917 28
967 478
968 461
969 462
973 220
974 39
990 330
991 331
994 332
995 333
1015 361
1048 593
1063 599
1069 302
1082 547
1090 49
1091 52
1092 474
1093 303
1094 603
1108 62
1110 478
1121 478
1134 604
1138 605
1147 232
1157 609
1174 190
1180 516
1181 517
1213 610
1221 16
1229 478
1276 394
1281 193
1284 194
1286 195
1287 196
1296 406
1298 481
1307 596
1310 519
1312 318
1321 353
1356 433
1361 612
1382 478
1387 622
1397 344
1398 521
1399 522
1402 523
1403 524
1411 101
1417 8
1419 9
1444 631
1454 633
1460 635
1464 637
1469 407
1496 465
1497 526
1498 527
1502 135
1516 468
1554 345
1557 346
1559 347
1560 348
1588 44
1595 83
1610 580
1657 478
1661 638
1663 75
1702 156
1703 157
1705 120
1707 158
1708 159
1723 56
1724 492
1725 493
1726 494
1727 501
1728 502
1729 395
1730 430
1734 505
1735 506
1736 509
1759 581
1760 554
1775 639
1798 93
1804 335
1817 94
1845 644
1848 146
1849 478
1859 646
1860 548
1864 549
1865 550
1893 478
1894 4
1895 314
1896 315
1897 210
1898 316
1901 317
1917 647
1921 12
1923 108
1925 654
1934 150
1968 22
1974 211
1975 472
1978 658
1989 478
1993 664
1998 116
1999 555
2000 556
2001 670
2030 558
2031 115
2032 559
2035 562
2036 563
2108 671
2112 677
2113 327
2137 382
2139 383
2141 109
2142 110
2163 684
2179 168
2180 569
2183 574
2192 507
2208 33
2241 91
2250 478
2261 686
2274 600
2323 478
2325 212
2328 213
2329 214
2330 215
2335 687
2339 688
2361 692
2374 77
2375 34
2387 694
2414 698
2429 699
2444 442
2454 5
2455 14
2457 15
2458 20
2459 35
2461 478
2472 57
2478 319
2479 594
2480 591
2482 409
2483 137
2488 578
2489 589
2494 700
2500 121
2501 122
2503 123
2536 702
2538 274
2539 275
2540 151
2544 597
2556 321
2568 183
2585 38
2602 478
2622 23
2623 24
2661 478
2666 695
2707 58
2718 203
2725 417
2726 457
2729 460
2773 711
2777 320
2779 329
2794 352
2795 360
2806 586
2816 713
2829 592
2830 542
2851 719
2857 85
2863 478
2874 466
2883 721
2886 723
2888 192
2900 405
2910 530
2913 546
2923 473
2924 59
2929 601
2930 602
2944 759
2987 463
2988 464
3003 672
3018 132
3041 606
3042 607
3045 608
3055 761
3070 766
3078 324
3080 768
3100 410
3101 43
3102 514
3103 343
3104 515
3155 611
3173 204
3175 112
3177 334
3213 89
3237 701
3278 652
3282 785
3290 117
3291 787
3292 55
3299 708
3308 640
3322 241
3338 628
3349 788
3367 794
3374 535
3388 795
3389 796
3399 478
3408 567
3410 803
3413 72
3415 184
3423 17
3437 148
3447 613
3448 618
3449 619
3450 620
3451 92
3452 621
3453 478
3457 805
3470 810
3474 95
3475 96
3476 478
3495 78
3503 812
3518 384
3522 294
3530 532
3532 629
3533 630
3537 815
3546 478
3547 632
3569 636
3571 288
3589 126
3590 73
3591 431
3594 432
3597 533
3631 673
3649 84
3652 467
3665 816
3669 817
3678 478
3681 762
3735 385
3763 259
3767 683
3769 560
3781 820
3782 80
3783 81
3784 82
3793 11
3795 13
3844 821
3849 822
3858 478
3860 74
3878 836
3925 782
3943 838
3952 497
3954 498
3955 499
3956 500
3960 504
3970 369
3971 370
4015 689
4017 508
4019 840
4026 843
4031 665
4032 40
4038 709
4049 668
4093 643
4101 478
4102 181
4103 182
4108 825
4111 375
4112 645
4113 387
4141 18
4161 113
4163 41
4164 653
4166 478
4193 678
4199 478
4204 206
4249 391
4250 656
4251 655
4252 657
4261 662
4262 663
4263 478
4264 114
4271 669
4280 798
4317 844
4318 400
4320 328
4321 388
4323 561
4335 144
4337 806
4342 171
4343 478
4353 478
4378 478
4382 746
4383 674
4389 149
4403 478
4406 846
4408 325
4409 326
4434 175
4440 675
4441 60
4442 676
4448 847
4452 336
4453 337
4454 338
4455 339
4456 340
4457 341
4458 342
4459 381
4471 850
4479 852
4488 398
4499 573
4519 853
4542 362
4559 568
4564 625
4565 685
4566 102
4576 854
4580 754
4612 729
4629 399
4636 418
4651 207
4653 208
4655 246
4662 804
4665 855
4670 861
4678 851
4680 367
4695 691
4715 693
4737 862
4739 872
4749 814
4761 696
4762 697
4763 161
4774 67
4810 76
4815 19
4819 365
4820 469
4833 408
4835 136
4841 587
4842 588
4843 310
4863 614
4907 152
4956 478
4959 478
4979 873
4994 823
4998 86
5003 877
5031 312
5033 789
5070 202
5071 454
5072 455
5073 456
5109 881
5112 885
5113 363
5114 837
5122 886
5126 710
5128 478
5142 867
5143 540
5160 243
5165 626
5169 813
5176 579
5178 585
5189 416
5190 712
5191 267
5194 874
5196 887
5199 104
5201 478
5202 541
5205 888
5206 901
5213 902
5215 478
5217 127
5221 903
5229 53
5230 438
5257 260
5258 617
5259 720
5272 545
5283 444
5286 258
5292 905
5309 724
5320 907
5349 390
5375 790
5380 760
5383 478
5399 42
5400 322
5401 323
5407 767
5408 478
5413 909
5479 402
5499 174
5522 722
5528 478
5533 911
5536 703
5568 914
5569 478
5570 106
5571 783
5573 784
5575 648
5576 649
5577 651
5580 478
5582 54
5585 786
5595 839
5599 704
5600 280
5601 705
5602 706
5603 707
5604 396
5608 659
5623 627
5632 924
5635 926
5647 927
5659 791
5660 792
5661 793
5680 534
5686 744
5687 420
5694 478
5695 301
5699 755
5703 730
5704 797
5705 802
5706 118
5707 68
5708 69
5709 70
5710 71
5714 928
5732 932
5741 419
5742 478
5750 933
5756 808
5757 690
5758 809
5759 763
5766 934
5790 811
5794 935
5807 478
5842 946
5872 947
5886 478
5894 772
5903 287
5909 308
5910 309
5915 951
5920 972
5927 974
5928 977
5933 679
5945 364
5947 539
5976 774
5998 682
6009 79
6011 423
6012 818
6013 819
6026 978
6039 981
6047 937
6048 153
6066 982
6075 989
6099 824
6101 835
6134 992
6158 993
6165 478
6174 378
6181 414
6183 366
6185 368
6189 848
6207 930
6220 842
6225 478
6232 666
6233 667
6235 255
6271 615
6286 994
6287 176
6288 177
6289 178
6290 179
6291 180
6293 478
6295 641
6298 642
6302 401
6308 350
6309 373
6310 374
6313 128
6315 868
6337 313
6353 725
6365 311
6377 216
6379 217
6383 205
6387 995
6407 304
6408 424
6409 660
6410 661
6411 997
6418 998
6422 863
6423 999
6463 169
6464 170
6469 478
6480 425
6484 1003
6506 445
6507 446
6509 845
6510 439
6523 1004
6535 1005
6538 883
6541 912
6545 919
6567 753
6569 769
6578 849
6579 737
6580 129
6619 397
6631 570
6632 571
6634 572
6654 371
6667 623
6668 624
6670 111
6676 222
6678 392
6679 478
6720 219
6726 242
6727 244
6728 245
6736 1008
6739 856
6740 859
6741 860
6762 955
6771 1010
6786 403
6800 864
6802 871
6806 910
6814 1011
6825 66
6828 87
6844 828
6845 1013
6852 1016
6867 841
6869 1025
6873 404
6876 1027
6880 829
6900 747
6906 119
6908 125
6916 875
6923 876
6924 764
6925 865
6929 582
6961 1029
6969 421
6979 218
6981 884
6985 616
6999 478
7002 1012
7003 261
7006 866
7009 536
7033 917
7037 450
7044 459
7045 584
7058 256
7061 411
7062 413
7063 415
7064 262
7066 266
7078 739
7079 45
7080 47
7082 48
7083 478
7084 437
7087 889
7088 890
7089 898
7090 899
7091 900
7106 1031
7116 254
7120 544
7132 904
7133 354
7157 440
7158 906
7163 389
7174 1035
7187 908
7194 936
7200 478
7215 756
7219 240
7229 172
7231 173
7266 478
7267 105
7268 913
7269 650
7285 740
7286 741
7320 247
7335 923
7336 925
7340 234
7341 715
7346 894
7357 1036
7366 263
7374 478
7380 742
7381 743
7382 300
7389 757
7390 758
7402 145
7403 931
7406 422
7417 807
7419 264
7436 162
7442 253
7457 944
7458 945
7470 750
7480 427
7481 428
7503 770
7504 771
7516 830
7517 948
7518 949
7519 950
7526 826
7527 973
7528 1040
7535 775
7538 538
7552 451
7554 1041
7555 773
7556 1045
7566 680
7567 478
7568 681
7571 634
7582 979
7583 980
7584 138
7601 988
7614 831
7616 832
7617 833
7619 834
7627 1057
7629 478
7648 990
7649 991
7670 1058
7673 377
7676 1060
7679 1061
7688 929
7697 478
7731 273
7744 163
7745 164
7746 165
7757 372
7784 1063
7808 778
7814 869
7834 996
7835 915
7861 426
7868 1000
7869 1001
7870 1002
7893 882
7894 478
7949 735
7950 736
7952 221
7959 478
7961 1064
7980 857
7981 458
7982 858
7984 1006
7985 1007
7991 716
7992 717
7993 718
8000 1009
8007 250
8015 97
8017 870
8036 63
8037 64
8039 65
8052 827
8054 1014
8055 1015
8061 1066
8069 1021
8071 1022
8072 1023
8073 1024
8075 745
8077 1026
8089 1071
8092 727
8111 1072
8123 1028
8148 452
8170 916
8171 1073
8176 583
8177 268
8182 412
8184 265
8191 738
8198 436
8200 891
8202 892
8203 893
8204 897
8216 956
8217 1030
8232 279
8235 543
8258 1083
8275 1033
8276 1034
8290 223
8291 257
8308 1086
8310 537
8316 1087
8320 1088
8343 765
8347 714
8348 918
8349 922
8350 531
8359 895
8373 251
8374 252
8388 1091
8393 248
8406 1017
8416 920
8417 938
8418 939
8419 941
8420 942
8421 943
8459 781
8462 1037
8463 1038
8464 1039
8476 1042
8477 1043
8478 1044
8482 478
8483 142
8484 478
8485 187
8486 188
8487 189
8499 728
8512 983
8514 984
8515 985
8517 987
8530 1110
8534 1046
8535 1056
8536 478
8545 1111
8556 376
8557 1059
8563 1050
8576 453
8579 1112
8581 292
8589 478
8596 289
8604 272
8618 1116
8630 1062
8643 776
8645 777
8684 293
8696 235
8697 236
8698 237
8708 1120
8715 295
8724 731
8745 732
8747 733
8748 734
8759 238
8760 239
8769 1121
8779 249
8789 726
8790 752
8797 751
8819 281
8822 1065
8826 1020
8833 1069
8836 1070
8862 478
8912 434
8913 435
8918 896
8920 286
8928 1124
8930 277
8931 278
8941 1074
8942 1075
8943 1077
8944 1082
8964 1032
8966 799
8968 1122
8971 1125
8979 1084
8982 1085
8983 269
8985 1067
9005 921
9022 1089
9023 1090
9033 940
9055 780
9057 1130
9069 185
9070 186
9077 1132
9096 986
9102 1109
9103 1047
9104 1048
9105 1055
9106 130
9107 131
9108 478
9112 297
9113 299
9115 282
9124 1135
9135 290
9136 291
9141 270
9142 271
9143 46
9144 478
9145 449
9149 1139
9150 1141
9161 1114
9162 1115
9179 952
9180 954
9181 971
9189 133
9209 1155
9212 1157
9213 1156
9220 1158
9240 1117
9241 1118
9243 1119
9250 1171
9290 1172
9316 1018
9317 1019
9320 1068
9341 1173
9346 1098
9356 478
9357 441
9360 1131
9367 1175
9368 1092
9370 1150
9371 1174
9398 283
9399 285
9401 1181
9407 1123
9408 800
9412 1080
9413 1081
9414 1076
9432 1154
9468 1183
9475 1185
9501 779
9502 1126
9503 1129
9504 1159
9539 1108
9540 1049
9541 1053
9542 1054
9543 478
9551 298
9552 296
9557 1133
9558 1134
9561 1162
9566 107
9567 478
9569 1140
9574 1136
9575 1137
9576 1138
9585 1113
9592 957
9593 958
9594 968
9595 969
9596 970
9601 953
9623 1163
9624 1168
9625 1169
9626 1170
9640 355
9648 748
9649 749
9667 1186
9675 379
9676 380
9684 1096
9685 1097
9686 959
9695 1142
9697 1143
9700 1149
9712 1164
9716 284
9717 1187
9728 1151
9737 1152
9739 1153
9766 1188
9767 1182
9778 1184
9788 1127
9789 1128
9800 1191
9803 1107
9804 1051
9805 1052
9808 140
9814 139
9815 141
9825 1161
9829 447
9830 448
9849 967
9860 1208
9872 98
9873 99
9874 1167
9880 1209
9892 1210
9901 1211
9908 1095
9934 1144
9935 1146
9937 1147
9938 1148
9939 356
9941 357
9942 358
9944 359
9955 1212
9966 1213
9971 1214
10002 1189
10003 1190
10010 1099
10011 1105
10012 1106
10014 801
10017 1160
10038 964
10039 966
10059 1205
10060 1206
10061 1207
10063 1104
10082 1215
10085 1217
10093 1093
10094 1094
10103 1220
10105 1165
10106 1166
10127 1221
10137 1224
10156 1227
10162 1229
10163 880
10178 961
10179 962
10180 963
10181 965
10185 1228
10187 1222
10195 1203
10196 1204
10197 1100
10198 1101
10199 1103
10203 1233
10241 1216
10242 975
10243 976
10247 1219
10256 1177
10263 1194
10269 1223
10282 1145
10283 1225
10284 1226
10286 878
10287 879
10289 1234
10300 960
10310 1202
10311 1230
10313 1232
10322 1102
10323 1176
10324 1180
10325 1078
10353 1218
10354 1192
10355 1193
10373 1178
10374 1079
10383 1200
10384 1201
10386 1231
10393 1179
10421 1235
10428 306
10430 307
10434 1239
10465 1198
10467 1199
10472 1240
10505 305
10515 1236
10517 1238
10528 1241
10545 1244
10547 1195
10548 1196
10549 1197
10575 1245
10586 1237
10594 1248
10599 1249
10604 1242
10605 1243
10645 1246
10646 1247
10677 1250
10714 1252
10721 1254
10731 1251
10741 1253
10841 1265
10844 1260
10847 1261
10849 1263
10850 1264
10859 1255
10860 1258
10861 1259
10865 1262
10871 1256
10872 1257
