33 0
118 5
138 6
140 7
159 8
206 19
217 20
243 21
356 29
368 1
374 2
376 3
377 4
424 48
442 51
482 52
504 317
512 326
663 200
687 327
714 36
718 196
754 13
755 14
758 17
760 18
825 333
869 334
885 94
895 335
919 336
942 60
1089 337
1117 342
1144 197
1152 359
1179 360
1201 376
1257 198
1265 183
1272 111
1285 382
1289 389
1294 41
1302 22
1304 23
1306 28
1318 11
1349 415
1395 55
1424 49
1427 30
1428 45
1429 12
1431 46
1432 47
1445 15
1451 101
1483 416
1487 125
1492 417
1546 590
1568 61
1591 593
1602 31
1625 596
1628 318
1629 319
1631 320
1632 321
1633 324
1635 325
1700 50
1704 322
1738 597
1747 166
1757 93
1769 467
1780 53
1781 314
1783 315
1784 316
1788 598
1820 214
1827 107
1842 599
1924 600
1930 189
1982 364
2002 72
2005 156
2054 32
2078 602
2094 69
2132 377
2153 85
2172 33
2173 34
2174 35
2209 608
2230 95
2233 609
2263 16
2268 100
2271 610
2280 611
2300 42
2344 612
2386 613
2403 291
2404 73
2441 37
2490 627
2507 628
2545 452
2555 629
2571 630
2588 74
2591 631
2594 254
2662 137
2670 393
2680 300
2747 557
2753 646
2760 647
2780 648
2789 655
2807 397
2831 656
2837 484
2854 659
2875 96
2902 662
2914 258
2936 190
2937 394
2945 62
2948 665
2958 75
2976 669
2978 110
3027 38
3034 338
3036 339
3037 340
3039 341
3082 39
3089 63
3110 228
3113 670
3117 671
3128 307
3141 70
3142 361
3144 375
3196 134
3211 672
3218 649
3223 676
3238 378
3239 379
3240 380
3243 381
3247 387
3248 388
3253 528
3267 40
3298 10
3312 678
3358 390
3359 391
3360 406
3361 407
3362 408
3363 414
3376 140
3396 152
3439 97
3440 76
3462 87
3484 84
3486 657
3515 43
3516 44
3579 679
3595 164
3605 118
3607 123
3608 124
3658 515
3662 263
3675 684
3682 308
3765 274
3766 591
3768 592
3772 191
3790 309
3794 540
3821 614
3825 594
3829 595
3837 703
3842 704
3845 323
3890 114
3895 463
3940 419
3989 92
3995 707
4027 708
4033 313
4045 709
4061 710
4078 106
4080 536
4082 621
4086 457
4094 311
4095 712
4105 660
4114 715
4128 372
4142 80
4147 162
4162 716
4169 472
4180 717
4195 685
4202 89
4227 651
4246 475
4254 744
4273 71
4281 153
4282 154
4283 155
4285 148
4313 455
4344 747
4350 511
4368 748
4374 98
4375 601
4395 67
4396 68
4417 722
4427 749
4430 753
4445 546
4484 755
4509 750
4520 603
4523 604
4525 145
4526 607
4573 680
4575 758
4578 99
4590 760
4595 561
4608 761
4621 762
4630 763
4649 764
4650 765
4658 767
4666 466
4677 396
4699 471
4711 770
4747 288
4748 289
4750 290
4767 119
4788 265
4798 221
4821 401
4823 102
4845 108
4847 622
4848 624
4849 625
4850 626
4870 176
4905 64
4916 439
4954 771
4966 773
4996 458
5001 737
5010 766
5042 163
5043 179
5044 298
5045 299
5058 776
5098 549
5099 550
5100 551
5101 552
5102 553
5103 554
5104 555
5105 556
5116 778
5121 328
5125 409
5127 779
5136 54
5171 650
5172 653
5174 654
5198 199
5209 780
5227 658
5260 661
5261 395
5262 216
5274 141
5275 255
5277 256
5278 257
5289 365
5303 713
5306 664
5308 781
5323 666
5324 667
5326 668
5327 459
5328 109
5329 147
5459 303
5460 304
5461 305
5462 306
5463 782
5493 373
5494 374
5498 157
5503 799
5519 133
5529 800
5532 673
5535 674
5537 675
5550 232
5551 383
5552 384
5554 386
5558 177
5559 527
5586 801
5590 81
5606 677
5607 103
5639 802
5648 392
5650 77
5651 403
5652 404
5653 405
5654 410
5655 411
5656 412
5657 413
5676 138
5677 139
5685 804
5693 151
5725 312
5754 806
5760 86
5769 83
5787 516
5845 115
5846 116
5847 117
5853 120
5855 121
5856 122
5857 421
5861 398
5863 358
5874 632
5890 807
5897 831
5900 849
5906 681
5907 558
5908 683
5922 564
5950 705
5955 852
5960 850
5962 855
5964 856
5989 266
5990 267
5991 268
5992 269
5993 270
5994 271
5995 272
5996 273
6017 476
6056 686
6057 687
6058 700
6059 701
6060 702
6070 877
6077 887
6106 113
6112 890
6117 892
6142 59
6147 896
6150 635
6188 229
6195 706
6196 142
6197 90
6198 91
6199 453
6238 331
6239 897
6261 346
6263 243
6264 615
6265 617
6266 618
6267 235
6268 619
6269 168
6270 620
6273 456
6274 104
6275 105
6279 310
6281 24
6282 711
6285 881
6297 898
6311 203
6312 714
6316 759
6328 363
6329 369
6330 370
6332 371
6339 663
6344 161
6348 78
6349 79
6356 900
6364 244
6368 718
6375 901
6381 88
6384 499
6401 482
6402 112
6403 473
6404 474
6405 129
6406 744
6430 777
6446 454
6447 149
6465 329
6466 127
6467 745
6468 746
6470 165
6493 720
6503 65
6504 66
6508 902
6524 903
6539 721
6553 751
6554 752
6582 754
6584 233
6607 692
6618 904
6625 905
6628 866
6649 143
6650 144
6674 756
6675 757
6680 906
6687 909
6691 845
6705 285
6719 910
6737 464
6738 465
6746 426
6758 468
6759 469
6760 470
6787 884
6790 911
6793 399
6794 423
6801 913
6808 206
6821 918
6848 641
6860 623
6865 275
6866 853
6884 864
6901 688
6917 56
6946 919
6948 178
6958 774
6959 775
6963 772
6984 921
6994 642
7000 923
7023 698
7025 699
7031 817
7036 927
7038 302
7041 652
7085 928
7086 181
7135 929
7159 583
7164 943
7170 330
7186 82
7221 945
7236 744
7238 420
7245 345
7251 947
7264 950
7265 385
7275 548
7280 130
7283 485
7316 131
7317 132
7330 951
7339 559
7343 695
7349 957
7353 400
7355 402
7359 959
7360 736
7370 343
7371 803
7379 150
7394 960
7398 461
7399 241
7414 805
7416 560
7422 242
7461 356
7471 357
7472 925
7475 606
7482 961
7498 846
7500 847
7501 848
7509 682
7514 962
7522 562
7523 563
7530 510
7537 964
7542 531
7544 851
7545 740
7546 854
7547 819
7587 967
7592 180
7598 865
7599 875
7600 876
7603 885
7604 886
7621 424
7625 348
7630 888
7631 889
7634 891
7640 167
7650 280
7654 57
7655 58
7657 633
7658 634
7682 969
7685 974
7722 976
7725 483
7728 616
7730 234
7739 879
7740 880
7747 547
7748 726
7751 422
7767 926
7773 366
7774 367
7776 368
7788 9
7789 158
7790 159
7792 160
7795 899
7804 344
7824 723
7825 724
7827 744
7828 128
7858 126
7860 977
7871 719
7873 696
7903 979
7915 984
7917 136
7918 691
7921 789
7953 908
7954 301
7955 836
7956 843
7957 590
7958 844
7971 218
7990 985
7996 332
7998 975
7999 838
8005 882
8006 883
8016 912
8026 914
8027 915
8028 916
8029 917
8031 990
8038 991
8063 502
8078 857
8079 858
8080 859
8081 860
8082 861
8083 863
8087 26
8097 590
8112 169
8113 170
8114 171
8115 172
8116 173
8117 174
8118 175
8125 992
8126 783
8132 920
8133 584
8140 693
8142 732
8145 590
8146 922
8151 567
8157 488
8162 201
8164 997
8167 697
8169 645
8230 1001
8259 930
8260 932
8261 942
8277 442
8278 585
8304 637
8305 944
8307 236
8317 946
8318 832
8319 529
8328 948
8329 949
8351 287
8353 694
8360 518
8361 184
8363 958
8372 440
8379 833
8383 537
8394 586
8397 980
8405 281
8414 954
8424 146
8426 355
8427 924
8431 605
8434 1002
8465 509
8467 491
8471 530
8497 965
8498 966
8506 867
8508 868
8509 869
8510 870
8511 874
8522 963
8533 347
8537 213
8540 1003
8543 812
8546 590
8553 725
8562 1004
8565 968
8567 971
8569 972
8570 973
8572 1005
8577 205
8588 185
8595 1007
8610 878
8629 636
8642 1008
8650 222
8666 744
8673 1010
8675 284
8695 1013
8701 794
8702 795
8703 796
8705 797
8706 798
8707 988
8710 978
8713 135
8714 689
8716 690
8721 981
8722 982
8723 983
8728 1017
8730 1018
8744 640
8750 27
8752 842
8753 907
8755 834
8756 835
8757 538
8764 1021
8766 590
8774 1031
8775 938
8777 837
8778 744
8798 1032
8804 989
8805 351
8816 521
8823 297
8830 862
8831 25
8834 1033
8845 643
8846 539
8873 590
8874 566
8875 498
8876 204
8883 486
8884 487
8888 994
8889 995
8890 996
8897 644
8906 1035
8908 293
8922 513
8929 1000
8945 931
8946 933
8948 941
8978 790
8981 276
8992 587
8998 574
9004 1041
9006 1014
9007 286
9013 1043
9021 1045
9032 1046
9049 1047
9050 349
9051 350
9052 354
9053 1050
9071 1060
9080 1065
9090 873
9093 1037
9094 1030
9095 544
9109 202
9110 212
9114 590
9117 571
9127 970
9128 575
9130 1068
9139 1006
9155 590
9164 1070
9165 1022
9168 953
9187 1082
9194 1083
9198 743
9207 1009
9208 362
9214 955
9216 590
9221 1084
9222 1011
9223 986
9225 1012
9234 784
9235 793
9237 785
9238 956
9239 987
9247 871
9264 1016
9265 993
9273 638
9274 639
9280 840
9281 841
9282 741
9283 1019
9284 1020
9287 590
9293 744
9294 739
9314 295
9315 296
9319 429
9324 936
9331 1086
9343 1077
9348 460
9351 1087
9358 1034
9359 1023
9361 1024
9362 1025
9363 1029
9364 1088
9365 576
9372 565
9373 489
9374 497
9379 1093
9382 1094
9395 427
9409 998
9410 425
9411 999
9419 934
9420 935
9421 940
9433 292
9459 1040
9460 500
9467 1042
9471 1044
9472 818
9479 727
9493 352
9494 353
9495 479
9496 937
9497 1048
9498 1049
9499 480
9510 1053
9511 1059
9512 1095
9520 1063
9522 1064
9523 512
9530 1096
9536 230
9538 1097
9544 210
9546 211
9547 1075
9548 1100
9555 872
9559 1036
9560 1067
9564 1102
9572 590
9591 1069
9597 1071
9598 1072
9599 1080
9600 1081
9602 1103
9604 742
9605 1104
9607 490
9612 1105
9614 590
9615 526
9618 786
9619 788
9620 792
9622 1106
9627 1015
9629 1108
9637 839
9641 517
9642 590
9647 738
9650 1085
9661 294
9665 428
9670 1121
9671 186
9683 1124
9687 182
9688 1026
9689 1027
9690 1028
9693 1125
9696 195
9701 496
9702 543
9703 1089
9704 217
9705 1091
9706 1092
9714 1128
9722 1136
9734 939
9738 813
9743 444
9759 1137
9761 1038
9762 1039
9773 1138
9774 1057
9783 1139
9787 1058
9792 1066
9794 1061
9795 1062
9799 503
9807 1051
9809 1052
9816 1073
9817 1074
9818 207
9819 208
9820 209
9822 1098
9823 1099
9826 418
9827 1101
9832 590
9834 590
9847 1140
9850 1076
9851 1078
9852 1079
9854 1141
9859 1107
9861 1149
9862 728
9863 731
9864 735
9867 590
9868 787
9870 791
9889 768
9890 769
9895 1158
9902 520
9910 1113
9911 1114
9912 1118
9914 1119
9915 1120
9916 494
9917 1159
9922 1167
9923 1122
9926 1172
9927 1174
9929 187
9930 188
9931 194
9932 541
9933 542
9945 1126
9948 1127
9952 1135
9953 445
9954 1175
9957 733
9960 437
9965 824
9968 441
9969 443
9970 282
9972 1090
9989 1054
9990 1055
9991 1056
9994 572
9999 245
10004 1176
10005 1177
10006 1144
10018 514
10019 590
10022 262
10023 532
10024 534
10025 590
10041 730
10042 1142
10043 1147
10044 1148
10045 438
10046 734
10053 522
10054 436
10055 523
10056 524
10057 590
10058 525
10066 1180
10072 1169
10074 1153
10076 1154
10077 1155
10078 1157
10083 1190
10097 1109
10098 1110
10099 1111
10100 1112
10101 1115
10102 1116
10104 1117
10107 492
10108 493
10109 1160
10110 1166
10112 1170
10113 1171
10114 1173
10116 192
10117 193
10120 430
10121 519
10122 223
10130 1191
10133 1129
10134 1130
10135 1134
10139 1143
10155 1192
10168 533
10169 573
10170 579
10171 580
10172 215
10173 253
10174 261
10182 729
10183 590
10184 893
10186 1146
10188 432
10193 435
10201 1200
10202 545
10204 1178
10205 1179
10220 569
10221 570
10222 1123
10226 1201
10229 1168
10231 590
10233 1202
10234 1156
10235 1181
10236 1183
10237 1184
10238 1187
10239 1188
10240 1189
10248 1161
10249 1162
10250 1163
10251 820
10252 1164
10253 1165
10257 259
10260 1150
10261 1151
10262 1152
10265 1131
10266 1132
10267 1133
10273 227
10281 1209
10290 581
10291 219
10292 577
10293 578
10295 283
10296 260
10298 251
10299 252
10301 477
10302 478
10303 590
10304 1145
10305 431
10308 433
10309 434
10315 1193
10316 1194
10317 1195
10318 1198
10319 1199
10326 568
10329 952
10334 1212
10338 1213
10339 448
10341 449
10342 450
10343 451
10344 590
10347 1182
10348 462
10349 590
10350 535
10352 1205
10357 1185
10358 1186
10364 220
10365 225
10366 226
10368 1218
10370 1203
10371 1204
10372 1208
10377 1229
10378 240
10379 249
10380 250
10382 495
10388 1196
10389 1197
10400 1210
10401 1211
10404 590
10406 1230
10422 224
10424 501
10426 507
10427 508
10429 1273
10431 1217
10433 1207
10436 277
10438 278
10439 279
10440 1219
10441 1220
10442 1221
10443 1228
10444 231
10445 239
10446 247
10447 248
10450 1254
10456 447
10458 590
10460 1281
10461 1274
10462 1275
10463 1279
10464 1280
10477 825
10483 1288
10488 264
10502 504
10504 506
10506 1231
10508 1271
10509 1272
10510 894
10512 895
10513 588
10519 1214
10520 1226
10521 1227
10522 237
10523 238
10524 1215
10525 1216
10527 246
10531 1206
10533 446
10534 589
10535 1276
10536 1277
10537 1278
10554 1289
10557 1287
10569 1295
10577 1252
10579 1270
10584 505
10588 1256
10589 1222
10590 1224
10591 1225
10592 826
10597 1299
10601 1297
10612 827
10613 810
10619 1286
10625 1290
10626 590
10627 1294
10629 821
10630 1232
10631 1233
10632 1251
10633 811
10634 1253
10635 1268
10636 1269
10643 1223
10644 828
10648 1298
10649 1244
10650 1242
10654 816
10655 829
10656 830
10657 809
10661 1285
10667 1291
10668 1292
10669 1293
10672 481
10674 1248
10675 1249
10676 1250
10678 1255
10679 1267
10680 1301
10681 1241
10682 1243
10683 1296
10684 814
10685 815
10686 1283
10687 1284
10696 1245
10697 1246
10698 1247
10699 808
10700 1264
10701 1266
10702 1300
10703 1240
10706 823
10707 1282
10715 1262
10716 1263
10717 1238
10718 1239
10722 1265
10724 1304
10727 822
10732 1257
10733 1260
10734 1261
10735 1236
10737 1237
10746 1302
10747 1303
10755 1258
10756 1259
10757 590
10758 1234
10759 1235
10771 1309
10772 1310
10773 1313
10786 582
10792 1305
10793 1306
10794 1307
10795 1308
10798 1312
10803 1314
10819 1311
10827 1316
10836 1315
10845 1317
10857 1318
