120 439
120 441
120 443
136 4191
136 4694
136 5062
136 8958
315 1077
315 1158
315 1162
315 1163
336 1205
439 803
439 1196
439 1480
439 1482
439 1484
439 1485
463 551
463 1530
463 1532
465 1526
547 1714
547 1715
547 1717
547 1719
642 2238
756 1816
756 5684
756 6496
756 6622
756 6724
756 6725
789 2312
789 2316
789 2317
789 2318
789 2319
789 2320
829 1853
829 2738
829 4513
829 6191
829 6192
829 6193
886 878
886 2557
886 2558
886 2559
904 1714
904 2590
904 2592
904 2593
906 30
906 1227
906 2596
906 2598
906 2599
934 1295
934 2667
934 2668
937 2887
1019 642
1019 2798
1019 2800
1105 1127
1105 1354
1105 2947
1105 2951
1141 2870
1141 3025
1141 3026
1141 3029
1141 3031
1158 2658
1158 3047
1158 3048
1158 3049
1228 3182
1228 3183
1228 3184
1228 3185
1295 1717
1295 3260
1295 3268
1295 3270
1295 3271
1308 2317
1308 2318
1308 2859
1308 3287
1308 3288
1327 177
1327 1205
1327 5744
1354 1634
1354 2157
1354 3409
1354 6638
1354 6885
1354 7715
1354 7716
1354 7717
1354 7718
1364 1007
1364 2320
1364 2565
1364 3378
1364 3379
1370 2954
1370 3391
1370 3392
1370 3393
1370 3395
1499 1009
1499 1480
1499 3620
1499 3621
1499 3622
1499 3623
1499 3625
1565 547
1565 1686
1565 1687
1565 3727
1565 3729
1565 3730
1565 3731
1581 878
1581 1279
1581 2783
1581 3739
1621 583
1621 1295
1621 1717
1621 3254
1621 3803
1621 3804
1687 4248
1706 2599
1706 3913
1706 3914
1706 3915
1706 3917
1715 3528
1715 3935
1715 3937
1715 3938
1717 258
1717 1706
1717 1813
1717 2859
1717 3351
1717 3929
1717 3930
1717 3931
1717 3932
1719 2320
1719 3942
1744 3357
1744 3764
1744 3972
1744 3973
1814 4063
1814 4065
1814 4066
1814 4068
1844 1530
1844 2624
1844 4089
1844 4090
1846 393
1846 1004
1846 2934
1846 3723
1846 4240
1909 1004
1909 4152
1909 4153
1909 4154
1913 4156
1913 4157
1913 4158
1913 4159
1913 4160
1932 3446
1932 3706
1932 4184
2007 1932
2007 4288
2007 4289
2007 4290
2007 4291
2018 3184
2098 7716
2098 8228
2098 8937
2098 8939
2144 1530
2144 2423
2144 4152
2144 4461
2144 4463
2157 4549
2238 1014
2238 1532
2238 1992
2238 8367
2238 8368
2255 4558
2316 1541
2316 2898
2319 3900
2319 3996
2319 4631
2319 4633
2319 4634
2359 2716
2359 4690
2359 4692
2410 1900
2410 2689
2410 4768
2410 4769
2475 463
2475 3499
2475 5028
2475 8564
2475 9377
2475 9835
2533 1238
2533 1692
2533 2889
2533 2927
2533 3499
2533 4901
2533 4902
2548 2903
2548 3786
2548 4158
2548 4743
2548 4921
2548 4922
2557 2533
2557 4191
2558 205
2559 3809
2559 4938
2559 4939
2579 2259
2579 4940
2579 4941
2579 4943
2579 4944
2579 4945
2587 1228
2587 2320
2587 4806
2587 4951
2587 4952
2624 2934
2624 4098
2624 4802
2624 4991
2624 4992
2624 4993
2639 4510
2639 5011
2639 5012
2639 5013
2639 5014
2655 30
2655 2255
2655 5023
2655 5024
2655 5026
2655 5027
2655 5028
2658 2565
2658 2798
2658 5019
2691 5589
2691 6202
2691 6932
2691 7136
2691 7326
2697 934
2706 2533
2706 4191
2706 5064
2706 5065
2716 2559
2716 3236
2716 4191
2716 5068
2716 5069
2738 926
2738 5091
2810 653
2810 904
2810 5181
2811 803
2811 3527
2811 3865
2856 2154
2856 4854
2856 6049
2856 7492
2856 7495
2858 3885
2859 3033
2859 3098
2865 1486
2865 2317
2865 2320
2865 4806
2865 5232
2870 2738
2870 4089
2870 4947
2870 7386
2870 8309
2898 2590
2898 3033
2898 4259
2898 4269
2898 5254
2899 443
2899 9206
2899 9524
2899 9525
2927 110
2927 1846
2927 4115
2927 4361
2927 4922
3015 1687
3015 3809
3015 5028
3015 5351
3015 5352
3025 3585
3047 30
3047 5273
3047 5374
3048 4536
3048 5368
3063 2245
3064 1196
3064 4269
3064 4951
3064 5132
3064 5382
3064 5384
3098 2018
3208 926
3208 3004
3208 3739
3208 4398
3208 5524
3212 4939
3212 5525
3236 3212
3236 5546
3236 5547
3293 3353
3293 5132
3293 5429
3293 5605
3351 1532
3351 5086
3351 5633
3351 5634
3356 3351
3356 5181
3356 5633
3356 5640
3356 5641
3357 2456
3357 2565
3357 3529
3357 5644
3357 5645
3357 5646
3378 463
3378 2927
3378 4549
3378 4569
3379 2899
3379 7639
3379 8228
3379 8281
3379 8632
3379 9075
3379 9076
3382 789
3382 2316
3382 2317
3382 2318
3382 2319
3382 2811
3391 439
3391 1308
3391 3270
3391 4714
3391 4831
3391 5683
3391 5684
3392 3004
3392 4336
3465 177
3465 3176
3465 5748
3465 5749
3465 5751
3491 2476
3491 5218
3491 5782
3491 5783
3500 134
3500 1813
3500 3972
3500 5785
3529 3446
3529 4759
3529 5434
3529 5796
3529 5797
3529 5798
3575 4690
3575 5828
3575 5829
3575 5830
3612 1279
3612 5858
3612 5859
3612 5862
3627 1480
3627 4184
3627 5852
3667 258
3667 2267
3667 5069
3667 5844
3667 5904
3689 2169
3689 5351
3694 1308
3694 2658
3694 4115
3694 5929
3708 393
3727 393
3727 2798
3727 5389
3727 5944
3727 5946
3729 756
3729 3353
3729 4951
3729 5943
3764 7405
3764 8655
3764 9268
3773 6002
3773 6003
3773 6004
3806 4943
3806 6022
3806 6023
3806 6024
3806 6025
3820 1232
3820 1327
3820 2954
3820 5546
3820 6035
3823 4191
3823 4306
3823 6049
3823 6052
3839 1308
3839 6065
3881 5346
3881 6103
3881 6104
3900 5389
3900 5524
3900 6113
3908 1077
3908 1634
3908 4926
3913 4305
3913 6395
3913 7126
3913 9875
3913 9876
3913 9878
3917 642
3917 1295
3917 6128
3917 6129
3917 6130
3937 4692
3937 6155
3937 6156
3937 6157
3937 6159
3957 4365
3957 4993
3957 5478
3957 6175
3957 6176
3987 2565
3987 3166
3987 4775
3987 6190
4020 5904
4020 8598
4020 8599
4020 8600
4036 5547
4036 7944
4036 7945
4036 7946
4065 1526
4065 4759
4066 3839
4066 5377
4066 6254
4066 6255
4066 6256
4089 6010
4132 1232
4132 4775
4132 6370
4132 6371
4152 1846
4152 6354
4152 6355
4156 2927
4156 6097
4156 6359
4156 6361
4157 1899
4157 1932
4157 2476
4157 2565
4157 2639
4157 3004
4157 5218
4184 303
4184 3369
4184 6367
4232 5542
4232 6393
4232 6394
4232 6395
4232 6396
4232 6397
4248 3268
4248 3932
4248 5420
4248 5844
4248 6129
4276 199
4276 3668
4276 6176
4276 6191
4276 6426
4289 205
4289 2259
4289 3166
4289 3270
4289 5561
4291 4951
4291 4952
4291 6434
4291 6435
4312 1813
4312 2469
4312 4288
4312 6450
4315 110
4315 2898
4315 4159
4315 5134
4315 6007
4365 6393
4373 1105
4373 2565
4373 3627
4373 6486
4373 6487
4373 6489
4388 965
4388 1486
4388 1900
4388 2154
4388 4544
4388 6495
4388 6496
4398 2903
4398 5019
4398 6129
4398 6149
4398 6529
4398 6530
4398 6532
4439 5254
4439 5346
4439 6558
4439 6559
4439 6561
4439 6562
4439 6563
4451 4951
4451 5234
4451 6566
4461 2505
4496 1932
4496 2858
4496 3885
4496 4544
4496 5086
4496 5131
4496 5546
4496 6601
4496 6602
4496 6603
4496 6604
4496 6605
4496 6606
4496 6608
4496 6609
4496 6610
4496 6611
4496 6612
4513 3885
4513 6637
4513 6638
4522 4451
4522 6641
4522 6642
4522 6644
4522 6645
4536 1565
4536 6655
4544 6701
4569 1922
4569 3809
4569 4089
4569 5946
4569 6671
4631 756
4631 6566
4631 6712
4631 6713
4631 6714
4660 1354
4660 2548
4660 3804
4660 4315
4679 2867
4679 4947
4679 5664
4679 6747
4679 6748
4679 6749
4692 4743
4692 6752
4692 6753
4692 6754
4759 782
4759 2301
4759 2934
4759 6097
4769 1142
4769 5808
4769 6747
4769 6818
4769 6819
4806 1480
4806 2154
4806 3908
4806 4269
4806 4336
4806 5852
4806 6832
4806 6833
4817 3668
4817 5487
4817 6461
4817 6840
4831 782
4831 6087
4831 6851
4831 6853
4854 136
4854 3047
4854 3881
4854 4769
4861 1717
4861 5346
4861 6870
4909 904
4909 2934
4909 3627
4909 4065
4909 6882
4909 6883
4910 551
4910 3446
4910 3689
4910 6184
4910 6885
4926 5322
4931 965
4931 3184
4931 3885
4931 8921
4931 9992
4931 9993
4947 2689
4947 6006
4947 6749
4957 2154
4957 6412
4957 6472
4957 6910
4992 5026
4992 8354
4992 9550
5011 6939
5011 6940
5011 6941
5013 6943
5014 2553
5014 6700
5014 6934
5015 199
5015 443
5015 4065
5015 6932
5026 2223
5026 6936
5026 6937
5026 6938
5026 6939
5032 199
5032 1932
5032 5999
5032 6944
5038 57
5038 2475
5038 4159
5038 4947
5038 5772
5038 6038
5062 2565
5062 3212
5062 3627
5062 5064
5062 5563
5062 6717
5064 3212
5064 8210
5064 9059
5064 9060
5064 9061
5065 1295
5065 6962
5086 3914
5086 3932
5086 4152
5086 4861
5086 6972
5086 6973
5088 2813
5088 4806
5088 4951
5088 4952
5088 6435
5088 6851
5091 3754
5091 6024
5091 6031
5091 7256
5091 9710
5091 9711
5107 1205
5107 4679
5107 5065
5107 6983
5132 2469
5132 4191
5132 6022
5132 6896
5132 6944
5132 6992
5132 6993
5132 6995
5148 2157
5148 3029
5148 3268
5148 5389
5148 5640
5166 7936
5166 8984
5166 9946
5166 10244
5166 10246
5181 4631
5181 6184
5197 5478
5197 6973
5197 7068
5197 7069
5197 7071
5225 4947
5225 6420
5225 7043
5225 7103
5225 7104
5232 1816
5232 6544
5232 7105
5234 1922
5234 7113
5254 3529
5254 4759
5254 6355
5254 7117
5254 7118
5282 5542
5282 6395
5282 6715
5282 7123
5287 2301
5299 745
5299 934
5299 2658
5299 3369
5299 4639
5299 7144
5299 7145
5352 3295
5352 3881
5352 3913
5377 1327
5382 3881
5389 5740
5423 2810
5423 3987
5423 7144
5423 7191
5427 7199
5429 2169
5429 5197
5429 6006
5429 7196
5429 7197
5446 1714
5446 5427
5446 5564
5446 5644
5446 6818
5478 1141
5478 5015
5478 6420
5478 7071
5478 7222
5478 7224
5546 1717
5546 3391
5546 5744
5546 5818
5546 7256
5546 7258
5588 3166
5588 4743
5588 6038
5588 7271
5588 7272
5588 7273
5588 7274
5589 1973
5589 5064
5589 7136
5621 4159
5629 2169
5629 2867
5629 6715
5629 7326
5629 7327
5644 205
5644 1227
5644 4536
5644 4944
5644 7350
5644 7351
5644 7352
5668 134
5668 551
5668 1899
5668 3723
5668 4690
5683 6255
5683 7376
5683 7377
5683 7378
5744 756
5744 1900
5744 2301
5744 3353
5744 7407
5744 7408
5772 134
5772 583
5772 4694
5772 5916
5772 7315
5782 937
5782 7425
5782 7426
5782 7427
5782 7430
5784 7431
5785 350
5785 904
5785 2813
5798 4269
5798 4305
5798 6234
5798 7197
5808 1014
5808 1485
5808 2813
5808 3627
5808 3932
5808 4672
5808 7444
5844 443
5844 653
5844 7459
5844 7460
5858 1909
5858 3809
5858 6472
5858 7463
5858 7464
5916 7520
5946 4115
5946 5784
5946 7534
5946 7536
5999 2533
5999 3212
5999 7570
6002 3881
6002 7579
6014 2007
6014 4624
6014 7350
6014 7575
6014 7576
6020 1846
6020 2813
6020 4098
6020 7096
6020 7635
6032 7581
6035 5798
6040 1692
6040 4098
6040 7585
6040 7586
6040 7588
6087 1232
6087 3908
6087 5564
6087 5589
6087 7609
6087 7610
6088 110
6088 1004
6088 2934
6088 4098
6088 7444
6088 7607
6088 7608
6097 3758
6097 6072
6097 8439
6097 8686
6097 8687
6098 6052
6098 6638
6098 7463
6104 5391
6104 7622
6104 7623
6104 7624
6132 3254
6132 5621
6132 7315
6132 7645
6132 7646
6135 4160
6169 2624
6169 5019
6169 5282
6169 7671
6169 7672
6175 5589
6175 6461
6175 7675
6184 937
6184 2319
6184 7131
6184 7463
6184 7646
6190 1232
6190 2811
6190 3212
6190 4951
6190 5916
6193 4660
6193 6700
6193 6718
6193 7683
6193 7684
6202 937
6202 5621
6202 7609
6219 2867
6219 3391
6219 4947
6219 7702
6227 4160
6227 4989
6227 5546
6227 5717
6227 6135
6227 7703
6227 7704
6234 2587
6234 3803
6234 6350
6234 7706
6252 2732
6252 7154
6252 7563
6252 7717
6255 302
6255 2154
6255 5107
6256 2018
6256 3255
6256 4020
6256 6087
6256 7726
6256 7727
6272 6412
6272 6450
6272 7570
6280 6355
6284 4315
6284 5181
6284 5531
6284 7737
6355 910
6355 2732
6355 6184
6355 7463
6359 910
6361 177
6372 6412
6394 5026
6394 5645
6394 7779
6394 7818
6395 7819
6395 7820
6395 7821
6395 7822
6426 120
6426 3254
6426 3668
6426 4098
6426 5564
6426 6022
6426 6160
6426 7826
6426 8867
6426 8868
6426 8869
6450 2007
6450 3047
6450 7520
6450 7853
6450 7854
6486 1142
6486 7724
6486 7821
6486 7865
6486 7866
6486 7867
6532 6024
6532 7884
6532 7885
6544 2318
6544 3287
6544 3908
6544 6638
6544 7258
6562 1541
6562 5560
6562 7904
6583 6049
6586 6851
6586 9035
6603 3047
6603 5322
6603 6461
6603 7912
6603 7913
6603 7914
6609 3727
6609 3907
6609 6014
6609 6052
6638 4315
6661 7464
6661 7938
6661 7939
6661 7940
6700 5588
6714 120
6714 642
6714 6995
6714 7969
6718 7970
6745 7718
6748 5560
6748 6370
6748 7986
6748 7988
6753 3881
6770 1922
6775 7940
6778 3885
6778 6024
6778 7136
6778 7496
6778 7541
6853 1932
6853 8058
6883 1900
6883 3185
6883 3351
6883 5322
6883 8921
6885 1141
6885 2316
6885 3753
6885 4951
6885 7570
6885 8084
6914 2316
6914 6715
6914 8084
6914 8101
6934 1205
6934 7327
6934 7463
6934 8108
6937 886
6937 1014
6937 7536
6941 3753
6941 3754
6941 5065
6941 6426
6941 8107
6949 5026
6949 8119
6949 8120
6949 8121
6974 1973
6974 2553
6974 6412
6974 8129
6983 1731
6983 8138
6992 7463
6992 8141
7068 443
7068 2925
7068 5487
7068 8192
7068 8193
7068 8194
7071 5621
7071 7131
7105 8214
7113 443
7113 522
7113 5849
7113 7703
7113 8223
7117 1480
7117 7609
7117 8226
7117 8227
7117 8228
7117 8229
7118 1900
7118 3208
7118 6256
7118 6941
7118 7096
7118 7386
7118 8047
7126 3907
7126 4159
7126 7706
7126 8236
7126 8237
7126 8238
7131 6254
7131 6255
7131 7326
7131 8108
7154 3185
7154 7951
7154 8248
7154 8249
7154 8250
7154 8251
7172 1715
7172 1922
7172 2553
7172 6022
7172 8267
7190 4806
7190 7932
7190 8010
7196 5561
7196 8286
7196 8287
7196 8288
7199 3908
7199 4159
7199 8172
7199 8289
7222 1973
7222 5798
7222 7272
7222 8300
7224 5674
7256 5564
7256 8323
7256 8324
7315 2842
7315 3166
7315 5028
7315 7820
7315 8339
7315 8340
7315 8341
7326 3931
7326 7936
7326 8068
7326 8105
7326 8346
7351 4307
7351 8339
7351 8340
7351 8356
7351 8357
7383 7384
7383 7385
7383 7386
7405 2456
7405 3865
7405 6065
7405 6487
7405 7188
7405 8384
7408 3499
7408 7671
7408 8238
7408 8282
7408 8386
7408 8387
7408 8389
7427 2927
7452 1158
7452 6487
7452 8141
7452 8413
7496 134
7496 3293
7496 5267
7496 6586
7496 8437
7502 199
7502 205
7502 3183
7502 3369
7502 7541
7502 7872
7502 8439
7502 8440
7502 8441
7521 9134
7541 6098
7541 7543
7541 8468
7541 8469
7541 8470
7585 4769
7585 5019
7585 5225
7585 7190
7585 8494
7585 8496
7589 1719
7589 2420
7589 4985
7589 5487
7589 5840
7589 5999
7589 8501
7595 2456
7595 5809
7595 6065
7595 6487
7595 8541
7595 8542
7595 8544
7607 8523
7608 8437
7608 8524
7608 8525
7608 8526
7624 205
7639 315
7639 5157
7639 7872
7639 7913
7639 9177
7639 9178
7667 3908
7667 4637
7667 4802
7667 6833
7672 3353
7672 5212
7672 6532
7672 7520
7690 789
7690 1077
7690 2301
7690 7521
7690 8525
7690 8571
7690 8573
7698 3931
7698 6412
7698 8583
7698 8584
7698 8585
7699 5282
7699 5809
7699 7939
7699 8582
7703 2738
7703 6006
7703 6778
7703 7779
7703 8551
7703 8587
7706 1634
7706 2144
7706 3183
7706 4240
7706 5751
7724 1973
7724 5878
7724 8524
7724 8597
7727 5878
7727 7699
7727 8368
7727 8593
7729 1731
7729 5346
7729 6853
7729 7842
7729 7939
7729 8120
7729 8601
7729 8602
7742 1327
7742 4634
7742 5674
7742 8612
7742 8613
7750 5589
7750 6671
7750 7842
7750 8619
7794 4694
7794 7639
7794 8632
7794 8634
7794 8635
7819 4336
7819 8651
7826 5267
7826 7821
7826 8215
7826 8652
7844 3931
7865 7376
7866 965
7866 6882
7866 7108
7866 8386
7866 8671
7866 8674
7884 30
7884 2098
7884 4036
7884 4637
7884 8688
7890 1480
7890 3938
7890 5645
7890 6434
7890 8692
7932 2238
7932 6032
7932 6937
7932 8425
7932 8458
7932 8729
7932 8731
7940 3184
7940 3764
7940 7103
7940 8331
7940 8601
7940 8736
7940 8737
7940 8738
7947 1530
7947 5305
7947 6007
7947 6833
7947 8741
7951 5803
7951 6412
7951 7096
7966 1581
7966 2927
7966 8458
7966 8761
8004 725
8004 2811
8004 8386
8004 8564
8004 8687
8013 551
8013 2420
8013 3764
8013 4160
8013 8301
8013 8788
8021 120
8021 7405
8021 8413
8021 8794
8021 8795
8021 8796
8023 789
8023 5589
8023 8692
8023 8738
8035 7724
8035 7884
8047 1853
8047 8107
8047 8761
8047 8811
8047 8812
8070 1014
8070 2223
8070 2599
8070 5491
8070 8824
8070 8825
8120 8598
8120 8670
8120 8852
8120 8853
8120 8855
8120 8857
8121 8858
8138 3791
8138 7884
8138 8035
8138 8863
8166 1922
8166 7608
8166 7889
8166 8309
8166 8612
8166 8895
8166 8896
8168 3379
8168 6350
8168 8891
8168 8892
8168 8893
8168 8894
8192 1814
8192 6992
8192 8907
8192 8909
8195 1687
8195 8215
8195 8354
8195 8794
8195 8910
8228 3369
8228 5225
8228 8925
8256 2927
8256 8949
8256 8951
8264 2599
8264 2810
8264 6367
8264 7011
8264 8857
8264 8954
8267 1515
8267 6853
8267 8437
8267 8955
8267 8956
8331 2658
8331 4361
8331 7118
8331 8975
8337 5904
8337 8215
8337 8301
8337 8995
8369 463
8369 1922
8369 3029
8425 937
8437 5279
8437 6367
8437 8526
8437 8974
8437 9041
8437 9042
8441 4066
8441 5916
8441 9036
8441 9037
8441 9038
8441 9039
8455 7970
8457 30
8457 463
8457 3029
8457 6175
8458 303
8458 1439
8458 6833
8458 7543
8458 8195
8458 8210
8458 9060
8458 9084
8458 9085
8458 9086
8458 9087
8458 9088
8466 2738
8466 6371
8466 7053
8466 8647
8466 9062
8466 9063
8474 5064
8474 6371
8474 8812
8474 9064
8474 9065
8474 9066
8494 7966
8496 8267
8523 6562
8528 2301
8528 6007
8528 8470
8528 8939
8528 9042
8564 4754
8564 5740
8564 6175
8564 6412
8564 8655
8566 1295
8566 5487
8566 8161
8566 9121
8566 9122
8566 9123
8566 9125
8573 2018
8573 9131
8585 199
8585 1714
8585 2169
8585 7779
8587 2579
8587 7737
8587 8909
8587 8980
8587 9137
8590 1515
8590 2867
8590 7854
8590 9760
8597 7607
8600 2498
8600 2505
8600 3499
8600 4451
8600 8457
8619 2810
8619 6190
8619 9156
8632 2667
8632 4754
8634 1814
8634 2890
8634 3329
8634 7011
8634 7496
8634 9167
8647 2810
8647 3293
8647 8227
8647 8571
8647 9186
8668 7197
8668 9211
8670 3255
8670 8214
8670 9202
8670 9203
8670 9205
8671 2927
8686 6583
8686 9215
8692 934
8729 4754
8729 6032
8729 6992
8729 7889
8729 8287
8737 6715
8754 9286
8802 4089
8802 9302
8802 9303
8802 9304
8835 3382
8835 6487
8837 4683
8837 9325
8837 9326
8837 9327
8837 9328
8863 2858
8863 3813
8863 5091
8863 5561
8863 8250
8868 2169
8868 7822
8868 8894
8868 9275
8869 1279
8869 5830
8869 9349
8880 110
8880 320
8880 1731
8880 2157
8880 9376
8880 9377
8892 642
8892 1105
8892 9383
8892 9384
8892 9385
8892 9386
8896 547
8896 1196
8896 1687
8896 8526
8896 9388
8896 9389
8900 756
8900 2890
8900 3446
8900 3737
8900 8988
8900 9394
8903 1922
8907 57
8907 1279
8907 5840
8925 2223
8925 9086
8925 9404
8932 6355
8951 2316
8951 5916
8951 5999
8951 7607
8951 9087
8951 9424
8954 4090
8954 9087
8954 9431
8956 443
8956 2018
8956 3064
8956 4312
8956 9383
8956 9429
8956 9430
8963 1744
8963 8868
8963 10878
8967 2007
8975 4336
8975 9177
8975 9277
8984 2608
8984 2778
8984 8035
8984 8040
8984 9487
8984 9488
8988 8040
8988 8984
8988 9059
8995 1900
8995 4754
8995 5844
8995 8590
9024 756
9024 3029
9024 9086
9024 9473
9024 9474
9035 4634
9035 9469
9035 9483
9035 9484
9035 9485
9039 5818
9039 8984
9039 9525
9039 9744
9056 965
9056 2469
9056 3932
9056 4694
9056 9508
9056 9509
9061 3063
9061 5218
9061 7011
9061 8806
9061 9424
9061 9505
9061 9506
9061 9507
9062 4290
9062 8812
9066 8619
9076 934
9076 1717
9076 3004
9076 8954
9076 9515
9131 1486
9131 4315
9131 7188
9131 8250
9131 9563
9134 1532
9134 1565
9134 2475
9134 2738
9134 2811
9134 3353
9134 3499
9134 3585
9134 3668
9134 4806
9134 5391
9134 5913
9134 5944
9134 6426
9134 6715
9134 6748
9134 8282
9134 8564
9134 8892
9134 8939
9134 9431
9134 9577
9134 9578
9134 9579
9134 9580
9134 9581
9167 205
9167 551
9167 4660
9167 9589
9186 7940
9200 2194
9200 2778
9200 3885
9200 7560
9200 8035
9200 9606
9202 2813
9202 8662
9202 9024
9202 9303
9206 2169
9206 8869
9206 9487
9206 9610
9215 756
9215 3446
9215 3987
9215 9156
9215 9230
9215 9322
9215 9611
9242 1141
9242 2223
9242 3913
9242 6937
9242 7536
9257 7875
9262 315
9262 6254
9262 6255
9262 6724
9262 9630
9262 9631
9267 2018
9267 3706
9267 8425
9267 9632
9268 1141
9268 2320
9268 3287
9286 2223
9286 6937
9286 7536
9286 8387
9286 9609
9288 2144
9288 4090
9288 6097
9288 8107
9288 9643
9288 9644
9288 9645
9295 9646
9302 5918
9302 6370
9302 6487
9302 9654
9302 9656
9304 3881
9304 6097
9304 8068
9304 8551
9322 6025
9322 6882
9322 8741
9322 8988
9335 1922
9335 3791
9335 4690
9335 5524
9335 6932
9335 8251
9335 9678
9335 9679
9335 9680
9352 1846
9352 4683
9352 6097
9352 9327
9352 9354
9352 9355
9404 2505
9404 6104
9404 9729
9404 9730
9424 9505
9429 10192
9430 5830
9442 6370
9442 7854
9442 9744
9442 9745
9442 9746
9474 4336
9474 9790
9476 1719
9476 4931
9476 6412
9476 9779
9524 5026
9525 1515
9525 2144
9525 5267
9525 7821
9565 2259
9565 4957
9565 5913
9565 6472
9565 9858
9589 2592
9589 6394
9589 7384
9589 9508
9589 9842
9606 2245
9646 2065
9646 7444
9646 8331
9646 9894
9677 7118
9699 4769
9699 8040
9699 9291
9707 2778
9707 7444
9733 120
9733 2658
9733 2778
9733 8035
9733 8984
9744 9973
9746 350
9746 6715
9746 7431
9746 8599
9779 2553
9797 315
9797 6412
9797 8984
9797 9998
9812 4160
9856 3063
9856 5038
9856 8195
9856 9303
9856 9707
9875 4694
9875 4724
9875 7126
9875 10062
9878 10070
9881 120
9881 3668
9881 10064
9881 10065
9882 3739
9882 5346
9882 8301
9882 8357
9882 10067
9891 1439
9891 6426
9891 6638
9891 10071
9893 10079
9894 302
9894 2810
9894 4159
9894 9992
9894 10073
9913 642
9913 4769
9913 5166
9913 7635
9936 4184
9936 4985
9936 7495
9936 8248
9936 9951
9936 10118
9936 10119
9946 965
9946 1480
9946 3723
9946 10126
9951 1922
9951 8835
9951 9039
9951 9525
9998 1308
9998 2359
9998 3499
9998 7875
10035 7188
10065 177
10065 5064
10065 6753
10065 9508
10065 9746
10070 10210
10070 10211
10070 10212
10070 10213
10070 10214
10070 10215
10070 10216
10070 10217
10070 10218
10070 10219
10071 8387
10073 6160
10073 7222
10073 10224
10073 10225
10073 10227
10073 10228
10079 2144
10079 9322
10118 302
10118 4536
10118 9200
10118 10259
10119 2867
10119 8975
10128 6104
10140 6097
10140 7188
10140 10271
10140 10272
10151 9894
10225 2359
10225 10335
10225 10337
10244 2810
10244 4624
10244 5068
10244 10351
10271 2456
10271 5232
10271 10361
10271 10362
10271 10363
10272 5904
10272 7199
10272 7608
10272 10376
10312 1232
10312 3957
10312 9556
10312 9875
10312 10385
10337 10402
10351 1731
10351 3254
10351 3819
10351 5916
10351 10413
10359 463
10359 5542
10359 8910
10359 10415
10359 10416
10359 10419
10361 1853
10361 3881
10361 10420
10376 1141
10376 2317
10376 2320
10376 4159
10376 10451
10381 350
10381 5346
10381 6190
10381 6284
10381 9707
10381 10459
10385 8040
10385 10469
10385 10470
10385 10471
10416 8907
10416 10494
10423 5166
10454 2469
10454 6355
10454 7624
10454 8195
10454 10529
10470 30
10471 320
10471 3369
10471 9087
10471 10540
10471 10541
10471 10542
10471 10543
10471 10544
10503 320
10503 2194
10503 8195
10503 9894
10529 1532
10529 6725
10538 443
10538 3004
10538 3183
10543 10603
10556 6434
10556 7822
10556 10363
10556 10614
10556 10615
10556 10616
10556 10617
10595 1530
10607 2169
10607 3255
10607 5904
10607 6098
10607 10653
10623 3499
10623 5064
10623 8331
10623 10413
10653 5818
10653 8068
10663 4289
10663 5542
10663 10670
10663 10691
10704 5015
10704 9746
10704 10728
10780 2469
10780 2608
10780 2813
10780 5561
10780 8195
10780 8214
10780 10728
10784 10810
10810 7724
10816 2469
10816 3369
10816 7826
10816 10624
10816 10832
10816 10833
10835 6583
10835 9210
10835 10838
10835 10839
10835 10840
10837 1744
10837 5232
10837 10843
10839 6088
10839 10851
10840 4957
10843 642
10843 2245
10843 8458
10843 10852
10843 10853
10843 10854
10846 2947
10846 3839
10846 4952
10846 5391
10846 6193
10846 10862
10846 10863
10848 2420
10848 8963
10848 9086
10848 10617
10848 10864
10863 10877
10864 2267
10864 3907
10864 10873
10874 583
10874 1634
10874 9711
10874 10875
10874 10876
